-6589689
-15069311
-9416910
-12033425
-4848020
89865
-7540217
3599288
-840852
-4463373
3687477
-1615136
254639
-3342342
-3209299
-12535809
3038640
2649309
-6263342
3704495
-6365423
-6135369
-15120243
-10540762
-10825638
-1261740
455233
-3748085
2278510
-10717203
-1733026
4075804
-16027679
-729506
-13288382
-4604089
-13204617
-4199223
9432626
-11905374
-336705
88381
-8828521
1382286
2625885
-4836428
3313779
-9985561
-9618435
-14692746
-3846330
2753223
-5113849
-6834147
-3722223
-5540516
-7857694
-5662340
-5716018
-9684893
-12652262
-4719783
-5719205
-5317367
3216162
2278293
-14434705
-8045745
-4246275
-10399352
-9131775
3546
-7705068
3333726
-4926558
-157928
-5495891
-3186751
2015312
-4784372
-13143094
-12738126
-1467868
6594178
-5923600
-1534912
-15076407
-2959317
5618229
886924
-11857061
-10428302
898435
2187365
-5640498
-3626415
1453567
2555998
2755512
-3220767
-2883601
-361622
-8671859
-3182796
-1848719
-6899023
3947820
-2780556
1440983
-1721386
1307176
-5637462
6877262
-10941297
8808062
-12211512
-5323250
-8117250
-13047540
-5377763
-13775062
-8095680
-2874266
-550836
-8726834
-4892523
-5093926
-2212123
-15655020
1736369
-4887600
-6160497
-9796188
-7345777
3219880
-11406292
-14579908
8692411
-2611767
-2375501
-7992553
-773926
232971
-11391051
2215966
-9135056
1014187
-5272136
3181175
-9948741
-858388
-5063834
746501
-1963721
52715
-4969720
1829234
-8654402
-2969166
-4976485
-16565517
-9193468
7312678
-13695466
1043355
300106
-8072614
5867894
-529130
355544
-8955563
-3104772
-1804593
-3469113
-3969889
-223094
-6108787
3342517
-7558261
-8742408
-3168609
-450528
-7991225
-3054059
-12166935
-7108468
-6600333
-4738195
-2512022
5757055
-9376239
-7660443
-2481452
-2166722
-12604875
-1330935
-10842001
-1738695
-781975
10205879
-1707545
2265603
3055676
-8056382
5990594
-11247041
-3790904
7569217
-15309496
-7616028
4151098
-31910
7727995
-2309538
-805850
-10856474
1226510
-2578107
-12795694
-8034406
-2568821
-8276793
-3984077
-8898198
-2938396
-3726752
-4325663
-10174256
-2534651
-6540009
-6676494
-2103727
-7845210
-3300700
-3850312
1893018
-2244049
-11535049
-3100026
-14960291
5285849
-9127705
1243278
-112294
-14280
-2493006
12666050
-7715920
-10070438
-912348
-7341637
2906224
-2036761
-9331140
-5269405
-11059017
-11429063
-3940510
-4234598
-7899275
-3322644
1819045
-8159431
-10717494
-6288988
9548918
-9368526
-12810416
-12212860
-17887081
-6551104
378383
4108158
-10931020
4911070
-9782547
-9896771
9023226
-3131028
-3696638
-12312517
7852171
-1501412
-11727583
-4870589
-8635118
-1040593
-5561898
-6912083
-6102235
7848656
2712213
4872207
-12559084
-11475348
282098
-8679875
-3427448
1162998
-7200149
-1066423
-3567745
3377551
-14676969
-12147292
-12222309
-7422943
1333620
-13061833
-3474035
3957013
5043510
1473341
74074
-7990155
3160539
2672695
-7287171
-3439599
-4538053
-12797164
11138816
-6642995
-6526101
-7627671
1653190
-6168462
-3417983
-5200730
-2458830
-14041009
-6679106
-9535716
-14649956
-6906233
-5159182
1104416
-7747168
4688575
-3568859
-16010427
3369969
-1091519
-3571857
-2897704
-12582600
1483590
-5328150
8407608
-173234
-115478
4973509
-1851289
951159
-9330364
-8852480
-8271538
-9873643
-3962769
-1531042
-1397148
-11969643
-1977933
-7026727
-7391256
-5265889
1089656
-749563
-8761812
-7001977
8852067
6877900
1551407
-4634560
-10044508
-7483970
-6189389
-14893890
8734099
-7641562
-3824032
-11331108
-4212009
-2861251
-1821087
4120485
-8731241
-3833311
-4744331
-6288694
-3818422
-4261668
-10488835
-1826617
-12957923
-655
-1096734
-1088906
3617474
-2912651
-513369
-9468619
-3521344
-4436510
-2888061
1059746
-2435603
-8687389
-10203399
-5403975
-8935811
-10318110
-6666663
2866933
-9755288
1398463
-7671035
-11522916
-112426
-9075819
-10048631
-3542862
-14610805
-7056311
-4838263
-10396297
-8037098
-8500242
-131454
3535066
-6787123
-2731901
3022548
-13981851
-13136792
-389936
-11885621
-6629847
-3069120
-929923
-885229
-3417880
3989118
7239631
-5385499
-4577526
-4914429
-855350
-580655
-7496663
-14054104
-8281346
-6116860
-3406426
-14651365
-617128
292364
-13004813
-2593818
217121
-6109569
4500038
-22548
-15078372
-5978706
-2887577
-9441029
-5820504
-3638098
63398
-9537289
-3646413
-5592473
-4025963
2589580
4788684
-1884583
-9742985
-5566681
5829669
-206504
-4115249
-7465381
-12318481
-5916604
-359583
-12373543
-2149801
-1932892
-6151877
-14853995
-13131375
-3088698
1022590
-2457217
-1615426
-9982634
-3494083
-2986727
-4135413
-805286
-7946750
-13198914
-9507299
-1654613
-601179
-1706064
-1692924
8675367
-17952063
1055954
-4744768
-1777192
-2391202
-1315389
-12580346
-3101576
-6446520
-275766
6474735
957689
-13343872
-773138
50743
-10531779
8151537
234541
-8670737
-9750509
-19430880
-4242292
-9209255
-3777449
-9620059
-16300859
-6268961
-5550017
3331002
-1864584
-6033572
521857
-6463602
-15114263
-17574135
-3257734
-11226552
4232184
-5065195
-5702607
-3650864
-11937113
-4049655
-13774103
-13754951
-8421330
2711672
2082444
297606
-3527276
-2710312
-2661065
-11983439
465113
-585833
-4917101
-5070547
269552
-5939959
9332475
-10983808
-10837184
-11926976
-3070157
-10409871
-11944304
-11880927
-6266242
-9693728
-4711702
427532
-3752730
-174017
37572
-7109006
-4415540
-1017436
2173703
7077852
-2063980
-15666912
-12809355
7075417
-5131874
-14573214
6770951
-4029715
-6454625
-4730671
-12312513
-8450404
-10383581
-1272299
-559147
-2509955
-11325060
-14811294
-5928051
-3709198
-12888136
-4163432
6197348
-4086309
-9991253
-558447
-3695812
-11038514
-5718538
-1193167
-4751052
-10730032
3709068
-4092451
2182896
-4423961
-9146920
-5108062
-10461874
-4068171
3171947
-5999278
2461702
2495309
-9617731
-4698967
-4921069
-3751787
-3066039
-3954466
3367879
-2230492
8162315
-7712832
-4155104
2198680
-7559179
-9168007
-4959448
1376761
-9352543
-1573957
-6810134
-7652980
-1249404
-3557182
-3332740
-2571063
-10892531
-10987891
-2823962
-7723692
-8523867
3998837
2527536
4622768
-15557821
-9293520
1384488
-2281383
-7745509
5336381
-3234278
1934691
-10009755
-10753251
-13989395
7526559
-17663
5918645
-9639147
-1372183
-3026374
-2206003
-9345318
898348
645607
-14214885
-3066247
-3013021
8484700
759219
-2559662
-9749930
-696369
-9286002
-11534389
-15253874
-4697087
-14480246
-1073880
-9514251
-1253187
-7289115
38065
1854173
381202
8954878
-1727559
-12374345
-3145571
-3235193
-12821912
-5371599
-5229766
-10347129
-2236024
-4091883
-6847944
2333107
-6472919
105496
3524306
-8867949
-16370920
-7138963
-5750336
-3645114
-7965941
-8339142
-1900980
-1693714
-6369632
-6626699
-14004812
-1087018
-3065296
-611998
3682867
-16791833
19001
-5232866
-3699069
-4847528
-8978122
6752190
-6528515
-11508926
-2451791
-5705464
-7963559
-4414406
-15146682
-2563432
-9068945
1580785
3561991
2086499
2996487
-3301205
-977349
-6964433
3654731
-295077
-2585462
3030496
-8176759
-11503990
-4719609
-12226349
-3112023
-1741330
10133539
-3825223
-11330556
5885860
-583652
-1309386
-211061
-12381127
-4955548
-1629999
-15706463
-5109158
-3501994
11204931
4383732
-698244
-3861812
1752579
8448538
-9145979
-7414677
-1099881
-14655351
-8873620
-7347532
-10151215
-1747697
4187704
-5680559
-2178343
837364
6700360
-2721697
-6387535
-11338043
-17278374
-13381619
-2353848
4933987
10173
-13479425
-13796336
-9262049
-7617553
1293277
-9175568
6378721
-7957561
-6136825
-10460128
-10562392
-3099998
2356933
-2701824
-15858002
529330
407151
-3574730
-11368968
-6180327
-2673141
-2645221
-10838549
-6781837
-6599779
-3377554
491866
-6091224
-4249364
-8594940
1240416
-1595613
-11972068
667150
-11426097
1014963
-4258845
-6991068
-13680577
-15605814
-3317093
-2479149
-7781135
-3991537
-3732046
6219426
-6480171
-14288169
-9452706
-12857418
-12423740
-6140122
-6112500
3292020
5464152
-1616035
5938763
3004192
-6626389
-8117990
-5766901
-6853533
6520789
-15158008
-332884
-1561364
-5366296
-1746890
471546
-4268932
-9489045
-5335376
-10130302
9863994
-13245102
-8230429
-4698133
-4778181
-143193
5375979
793651
-6328873
6660854
-3724707
516942
-1509348
-759176
-6572026
-3999139
-6648667
-2467529
-1144360
-7794417
3898249
-7811381
-1747892
-2643234
609489
1026208
-2378656
-2564415
-367647
-930747
5226049
3391565
-1800749
1564642
-8850523
614002
-13964578
-4031568
7930281
-4582365
-4479544
-954851
-2323324
-4054952
-9212732
-14857850
-5019445
-5303877
-2270581
-2097303
-10033984
2229785
-682497
-10299046
5389351
-9427801
-7255593
-7827944
-8919116
-8030148
11801
-1029421
-4191897
50936
-1666376
-5042152
-5062352
2470634
-11661233
-893666
-13019049
-3753606
-346255
-3979290
-7617298
-949532
-7852979
4194931
-2444874
940649
-5794583
-1897777
4450001
-4709710
-8087376
-6919940
-8351039
-9982549
-4845833
-3232107
-649060
-9883454
-5691145
-9443430
-1551234
2117283
-1631778
-746915
658458
-11491623
-68330
-3317906
-6432738
2903638
-2212223
-7447115
-5588944
-9174198
-9473515
-5759716
-1580436
-10899743
-1764028
-4897327
374082
-7882822
-14130832
-953030
-6318770
155119
4928300
1374690
1400998
415986
-3675547
4013137
-5015862
-10248320
-12237248
-7994171
2656417
-2847358
-5513514
-2652759
-2142276
-4064615
-562888
-9825669
-5810995
-9118442
-6373017
-4106666
-10151196
-7491912
-12223097
-10488254
-10388790
-7012364
232496
-3819666
-6722058
-1542830
-11721480
4270042
-5724532
-5511421
-3021899
-10328703
-12974574
-6596513
-6576229
-6032260
-8808835
3086265
-5651651
2268750
1086903
2721430
-3488508
-8999257
-7235961
-12249997
5324347
-8050006
80396
-3760305
-13157829
-1016585
-2329594
-4319952
-2227144
-4119166
-16237445
-4343570
-12562243
-13197159
-2884283
-638425
-1746915
-2454509
-9376218
-10324474
-8286411
5612628
-3486234
1480581
-3045377
-7186894
-6629045
-4093755
-10871045
-11661615
-5883349
-5370432
-8519131
281733
443249
-7859036
-8921131
-7600711
-4169612
-3787149
-9960757
-10310945
-7387354
-13104532
-16183361
-6402886
-11173578
-6631699
-1141983
-613669
-9353372
-9112559
6244968
-9083728
-5559891
-11183385
-5639382
-10004071
3310013
-8534857
-4691426
-2290478
-7216962
-11752825
-2433804
-13585926
-7705617
572232
2993327
3384281
-2328384
-6386633
-12069483
-803329
221102
-16557327
2603590
419874
-5492182
-4307772
-2295150
-6264766
3436120
-7808731
-8930869
-3462772
-4723960
-9115176
-1483082
-8449384
2598728
-665547
6430513
2749219
1953260
-8359181
-12765532
-4557693
-5331689
-1636109
2866238
-3982192
-1944585
-3593211
-1127197
-12977362
-9463689
-7485211
-4435352
-1868586
-2693643
-10401927
3105976
-1219304
-11922827
-6559891
-3600518
-14937417
-94932
3699380
-1654882
-1380982
-9866760
1761146
2381616
-8143713
-6602286
-6338858
-484609
-4875444
4307660
-3018517
-5884973
-460344
2178357
-5822086
-6131246
4162915
-7202492
3492779
-11684690
826558
-4795541
-10611524
-4333264
-3287218
258437
-13353920
-6044384
2937496
-15033696
-8718267
-12382329
-4144479
-8729639
-9759609
-5995472
848964
-5659738
-8864927
-9503796
-1257050
2775792
-485332
-6893783
-11078089
-5061766
7075691
-852696
-2806855
-7396675
-3759089
-1915969
2769392
-18794082
-12378267
-2038336
-9788801
-12101311
7688143
-395448
-5201021
384450
-9892566
637197
-8338754
-1175107
-4056908
-12615138
-143224
-10750064
-9279363
-6783710
-3756347
-2812811
-3900580
2333233
-10868
-15129133
-3966901
299278
-7875146
-8549398
-6640417
-860664
-5824312
-5634091
-591103
-11620572
-1986963
-2278330
-5559220
-3717474
-12172854
7733738
-601334
-11135190
-675074
4799401
-1118458
-9485923
-6406272
-2307662
1480353
-1505594
5254177
-1026061
2698267
-5463507
-14202296
326364
-6300903
-11036589
-576180
-3187206
-4538675
541299
2241303
-1026625
-9305159
895587
-2688842
-12205824
-3291480
-6343774
-1134485
-16396444
-6636811
1982550
-10383119
-4357780
-15341886
2818361
-8392069
2866544
-5351675
-7999737
-13470682
4869380
163223
-4468071
8907038
-3682424
-4683601
-10757993
-3637280
-8361488
-6806783
1015962
697091
-9310383
-8775629
-9394125
-1111469
7884089
-3061819
-7427140
-12491535
3536294
-5724398
7154628
-2689771
-118135
-16229230
-12781729
-1161149
-2333189
-2313075
-8866237
-4236028
-12226452
-14129009
-13448132
-7771803
779141
-2049378
-2210702
-8316777
1414584
-18242892
-5404600
-13452038
-3594261
-17500649
-1209301
-8745150
-5615014
-4288196
-2203243
-1051039
2333755
-2706194
-14107194
-2160536
-4130964
-7540567
-5174796
-810715
11368845
6188691
-219368
-2961212
-7537055
-3618888
4623815
-9391947
3134799
-14833548
-2012868
-91966
-13860307
-3965139
1204098
-4945868
-3199772
-9758420
-4948861
-14670512
-4739948
-10906394
1167877
-4954251
-3944287
2255925
-10358339
-7028113
-5200009
-10223452
-2826690
-3750053
-5634952
-1783876
4161428
-11987772
3280367
-1854606
-8827477
2790988
-7278435
-1346964
-16475943
-4312723
-4261714
-7614910
-8177738
8504420
4692256
-2117938
-6371040
3271714
-4005993
-9609051
-12651379
-11035152
-11729121
-8168086
-6918048
-7384315
-7814007
-13174867
-11681230
-2028434
-6057280
728879
-6818234
-8571962
-4203790
-13045712
-3969630
-2559090
-6031320
1045938
-3597793
-5995006
-1905895
2891081
6283575
-12294810
2345771
-2905829
613668
-16122796
4028313
-7412822
-7501982
-4925606
-129986
-8063132
-13200362
4186984
-2963099
-10458996
-3182416
-4540806
9381096
4676457
-791320
237768
4263171
-10820595
832167
-9260557
-1103559
-2436711
-6429722
6010513
11434746
-11208944
-10796689
692203
-3573894
3740777
-12974110
-1124598
-1519764
-3034019
-8003903
-3208064
396595
-16068902
-13015171
-1692459
-11429894
-2441038
-5300681
-14339556
-5557354
-1831785
-4189016
-13506439
-11324755
298890
-8532899
-4418610
-10595707
-606224
-11334900
360509
-11203533
-2329527
-1381416
-6031174
-8009129
8618025
-2073916
-19148736
-10239244
-4753042
-8699598
-10120181
-9118823
-13703814
528733
-1088717
-4367109
-12104050
-12451715
-8330935
-3620811
-1767993
-15458157
-7463754
-8477328
6777944
-11732418
-8111898
-9828380
-13464023
-3270038
-6862700
-9060202
-163669
-5887513
-937308
-1046091
-758588
-6481265
-868667
1200837
-8108192
-12490605
-2185526
-6150856
-9633182
1739393
-7620224
-521158
-2971357
499957
-920891
5497823
-2292533
-8652088
1038365
-9200356
-11703790
1308879
-2191337
-10018220
-667920
-11373318
-3301830
4588344
8829112
-6625551
-1787292
-4423737
-2723500
-3596996
-4275025
4404102
-1718680
996364
-4138281
-9547917
-3708898
9396291
-3789617
-8930983
-6165032
8260590
-3278699
-1645338
6786165
-3135828
3332904
-3470549
-568100
-10269313
-10858006
-7987574
-5921907
-1723606
-13095545
-229286
-4529274
-4727412
733842
-12939839
-894837
-13745499
-10876446
-5260255
1381837
-3515515
-12998095
-5653904
1282709
1382086
-4470908
-11411960
11411264
-2450488
-13635762
-14386847
5196844
-9078091
-10194818
-9395069
-17455046
-1365715
-7427950
-5559513
-9588827
1546659
-12115548
-9807960
-12386231
-3486308
-3926642
-11898313
908402
-3833604
-9310040
-6073782
-1416990
-2489488
-4259169
-6325623
2988198
-1203019
-5932545
6721445
5277012
-9878063
-1494666
-6243016
-600493
-9973316
5706339
5081686
-1680282
-4520754
5977192
-5486995
-2610070
-12691197
-6827002
-4588803
-9857501
-11354583
-10268928
-3244379
-7719484
1443021
-10444653
-9194487
-5008251
-4015320
-61253
-7814360
-6696792
1488858
-11047347
3190609
7487557
-13305433
-3965950
1787854
-9650262
-19666962
-10595812
-13826168
-13587606
453306
-7436125
-13104733
-12092619
4457549
308323
-15247995
-5258694
3576096
2019942
-4248651
-5033485
8250308
-11011136
-8918903
-2006401
-4742862
-13552140
-6242374
-12798655
2353172
-5017596
-2616863
845090
-1359655
-8280777
-14116720
-10999256
-8207302
-104908
-10552727
-11273175
3005795
-12569002
-3394843
437253
-4294128
-1241981
-18945495
-5907737
3916257
108885
-843679
112291
-5789613
-6158705
-2076237
-4870803
-4061807
-12462695
-1262
-5021852
-2028813
-2278968
3021952
4429905
-1951445
-11366770
-14097809
-15075738
-8204310
-7637729
-608389
-359233
-3680523
-884372
-13379669
-2974374
-12563434
1357101
-7685058
-270695
-8306734
-6862132
-5119348
-2112603
-15017009
-8589513
6667022
8724407
977916
-12578325
-7396391
-11284152
-1521822
-3339480
-7351638
1436837
-3985829
9179277
1207349
-1369467
4840809
-5827435
2630146
-1127215
-15120070
-8597110
6386547
-2184734
6841055
-2091086
-13065433
-11815742
-17707818
-3049339
3280669
-3909456
1548877
2675926
9057544
-598579
-8108559
-482416
2898861
-2378842
3724669
-7987649
-5058304
-10697529
1921926
-4598980
-4652474
-3310112
-13118421
-5350251
-1346544
4535491
5365221
-8076926
-6154086
-13913750
-14475715
-4588521
-9121944
-14478170
-2969491
4705641
-4868461
-2761422
-3692285
-4477548
-7388173
-4209300
-9872571
-12765842
-13124882
-12232553
-1552891
869116
-13326574
2991518
-12607464
-4955005
-10223078
-7402261
-10848475
-7202660
-5845960
-8614375
-14212978
858691
8085276
-12956432
6858274
134725
-6776667
376155
-4468153
6586842
-1486244
-12288575
-1457525
-7398322
5447876
-8303104
1778497
-6852245
-1536390
-15293539
2482917
-2334708
7334947
5666348
2733263
-707188
-8647050
565349
8197689
163794
7877527
-13720359
-2910465
-5064390
-3803538
-4504747
-10575904
-7964627
1667280
4869131
-2635430
8407420
-8128285
-2034892
-9870729
-10860757
-6149737
-2907595
-13609249
-11907182
-2708503
-490906
3766742
-9525126
7978028
4571220
-8471956
-9548913
-12118209
-7735510
-2494304
8057714
-7859202
-2559300
-8524674
-2793103
-237119
595182
-16938
-10772960
-4635521
-4391490
-12152202
-2155982
-7503674
-16842990
-11909440
-297899
-3086159
1046478
-6950765
-13203384
-13769981
-2855541
-6659822
-4970567
-14688299
1998813
-9254094
-3005693
3612128
2289595
-7941498
-11547393
3855184
-10818412
-8345057
3947361
-723288
-14078307
-11628755
9530645
-6476402
-14112592
-39007
8734031
-6285292
-2801340
-4186940
-1618121
-11873820
-6361349
-13564841
-10571478
9018961
-12285251
-3352374
-3953166
676169
10072127
-1661439
-1088927
-8268488
-5733675
-8496095
-1691951
-7740282
-4341318
-5876104
-2529226
1391017
-7828666
-599054
-4141227
2810811
-2548401
-9590171
-73510
255364
484286
214643
-13265720
-5293186
-3050099
-1320259
-6405681
7038070
-7030400
11067091
-7876305
-1641414
-13984500
-2459479
-8274650
-7873640
-5063084
182213
-14253344
-14090010
-739983
-3234346
-5608740
2794533
-9299333
-8156331
278875
-1310872
-3090725
4275021
-6340077
2198928
-11343052
-2815333
-834191
-3024931
-11464492
-12497986
1003077
-9154845
-2129616
-6832545
1653372
-10159840
2796122
3438475
-1544935
-6438410
5254922
-7629715
-4944273
-6394657
3313691
-12230713
-15637653
698961
-11334691
-2271339
-10632229
-790216
5595663
-10278041
-474781
-12458243
-4034290
-15335265
-7239399
-10002303
737946
-8096169
-3608493
-568844
-384014
-7635276
668081
7156830
-15491756
-1652666
-15892303
2288800
2324234
-5811432
5876846
-5317350
-1346346
-10967156
-14234440
-9397922
-10999058
-5842036
-6316870
-3729683
-3258774
-1698371
2420166
-10244921
-6043822
3965188
1664009
-10547568
-2635408
-1647633
579453
-844357
6811859
3851661
3116763
-1355467
-446670
-3815200
-8503896
-1123555
-1943097
-14253871
-2263800
-4990781
-6041069
-2011436
-7453644
-81243
-7839087
-10300103
-887563
-9810939
-3892944
-12409450
-1255467
-8965412
-7728581
-5416533
-4180893
-10409891
-14748150
-6898981
-5454668
-6985301
-8581052
2089741
-8514255
-757649
-10240347
-6022310
-11838055
1141804
-10232702
2287469
-9024671
-4018072
1808803
-17871209
-3294889
-6452112
-7198704
-6018675
-8672219
-11767163
-8268691
-11672129
-2762888
4822440
-403850
-8082840
-675793
2128872
-2374752
2261953
-9300796
-8095031
5451747
779664
-7418248
3647759
-3292664
670911
-3560632
1992217
-6649564
-9804414
9617226
-3782765
-2706685
2515588
587661
4751550
-9804788
-8857498
-1880149
-4883511
-6603643
-12718653
3103155
-5898932
-1261903
6100614
-9979311
6338971
-11062313
315708
-15012422
318406
-7312835
-12136594
1434065
-11212237
-7208442
-9134621
-395424
-8645474
-8638887
-7064402
-4798003
-1042248
-4424577
-968237
-124302
-4262568
-2133972
-879464
-6788254
-12508067
-6830584
893853
-2500585
-2005031
594526
1589865
-7032025
-874878
-4190162
-6345761
3900717
-9500475
249839
-5552050
-8027692
1361070
9819238
-1156512
2436891
-12125074
-18866805
-1639736
-9639107
1116712
-7552286
-7510038
-12350416
-10580222
-6146497
-4355278
-2433842
-2419871
-12173667
886197
-7975338
-4213776
-14103135
-1628201
-9545415
-3745981
-3052310
-3245236
-13363276
-11193793
-3461809
-6525828
-10277347
-2533849
-5670573
-5940020
3377817
-5576567
4064934
-2930404
3763294
-6907711
-523977
-5045174
851263
-7689366
2603458
7109611
-2099674
-1553126
424549
3414228
-2036128
-4639766
5522699
2226430
6807228
-8001583
371259
-5637533
-949467
-1602712
-7622531
1305880
-9207338
4541672
-4715573
-10590756
-14546991
-10639322
-3307133
-1342244
-1529695
-595930
-8903303
-11798275
-5072621
-5775561
-2355564
-8258923
-4406163
628376
-3047439
-10035835
-9651522
-13436559
-3363500
-834560
-4114607
-8683470
10518345
-1139067
-5827164
-2030660
-8965378
-7024172
-12096796
-91106
58362
-9855075
-5137437
-8385176
9629132
-7887585
-7678543
-3621668
2431547
-5824752
-3821712
-11005638
-11101442
-2780008
-5682339
-12956490
-8289928
1956379
-4290591
-3340002
-9626470
-7609593
2131016
8209683
-2938097
-5227986
-1379679
-1518770
675235
2502851
-6228058
-5908516
-1605898
-5939638
-877582
-1551270
-5680692
-6440067
7158851
-1898013
-12343286
-8884849
-866424
-6999465
-10966431
-13816042
-5643043
-8680979
-2064245
-927361
-6347587
-12047716
-2737272
-7103252
-13541747
-14460668
-11220048
3259093
-4697813
1026223
-7269037
-10674856
2988019
-3595944
4502714
-8738929
-6128107
-4161945
-4879595
-697949
-3120112
1825994
-1872608
-10835486
-8608006
10068707
-7113057
-9105582
-7787522
-4588891
-3886849
-7380118
-3938976
-129834
-2874418
-3827203
-2685421
1918057
-6036083
-2081974
-2384992
-6475120
13268
-3065308
-17081875
-6163900
-474590
-3965287
-8174845
-12616829
-3094393
-9852211
-10739799
-1630419
6917442
8003736
4722124
-163493
-5663932
132173
-4933972
-9209998
-6117064
-6121035
-11947242
-916339
-9933806
-3922106
-17650424
-5406867
-12529981
3201384
-6513017
-8781547
-16272396
-193058
-3381906
-12020303
1670574
-13238917
-11606438
-7534097
1880564
-8890176
-7670304
23397
-15651041
48773
-3981542
10453288
-9447642
-4044503
-94461
-8373565
-457169
6267639
-5399292
2013424
-788130
-10202383
-3056545
-12171062
-6058863
-4959767
-3441799
-13755570
-15621094
3577571
-6928302
-337681
-11379917
-5345087
-2944434
-10677385
-843976
454374
-1540987
8752030
823821
-3394376
-13500669
-33137
-2715905
-3754340
-13459284
-720124
-4906036
1847903
-10769661
-882132
-1759352
113037
-468389
-4266871
-14964845
-23704
-10326673
-7475860
-2211530
-5871640
611529
-3448490
6395760
-2195199
-1838660
2476754
-12408089
-1638910
-7993111
-542454
-1161220
4592420
-13212255
-12089602
-1051088
-12649468
-11402308
-8116761
-12526974
-10984942
-2369979
-9692512
5792548
-8897968
-5606452
570627
-2641429
-2840500
-9848265
-3537368
-9941243
-10145212
-1502144
-5094699
-6715330
-10335612
-8750551
-10847006
4451468
3887893
-16547344
-5768135
-5889350
-1312924
839045
-6119525
-11260670
-6373353
-1064507
-505204
-5149658
3878677
-7860225
11989252
-6796731
-10760922
-2650649
-4483001
6171313
-3821349
-3339896
-13920857
567580
-8548243
-3013346
-31185
1159249
-1554224
-5848708
11104354
-11445722
3494965
2722296
-4972702
1935917
-7664762
-12658396
742845
-5022156
-9055094
-8618232
-1024000
-4792090
-12181109
-3750297
-3789611
-23719
-5694797
-5806450
-4906225
-212200
-11186946
-6871883
-6937180
2134778
-1020122
-10443922
-4315604
-11813301
-9958629
-301930
-12993521
1567400
-1744112
-9684028
-1476049
-2282356
-17550769
-4602094
7707956
-10433234
90905
-81300
-3311677
-3902484
-728054
-10527231
-12694615
-14931551
3905892
2118201
-2741680
-5321088
-3300315
-4606986
-13202144
-385882
-2623283
2397641
-2233411
-3025517
-6837237
9076839
-4414277
-13965027
6548892
-12199025
922533
-11908348
6380002
129356
-9277950
5331959
2749884
-8867417
-2308094
10984
-12714427
-1667173
-9217041
6756
-10177958
-11964354
-6564257
-8535656
-614807
-6370800
-12511411
-4179234
634518
9959902
-8733784
-7231171
-8695665
1227424
-4949184
-15953827
-5443060
-3927241
4948586
-3642462
-2344269
-14263323
-5692532
-4648016
-9514178
-6832140
-8873744
-9782241
-16590
-6746923
2228272
-4071033
-752875
-9292893
1344532
517417
-6108071
405662
-3296870
-3951817
-10529380
-4590269
-8557222
-5702597
-6618825
-3821037
-6324365
-2901702
-11684183
-10657270
-603453
-2756281
-5871262
2188879
-5326593
-13394783
-6414719
-10014756
-9801738
-10150177
-12190110
-2339385
7629609
836207
-9826285
-9737371
-1340285
-961723
2377653
-2163034
-7899079
2807389
-5015694
2123724
-54822
-8143814
-6891931
-9298882
-14642366
-8657040
-6146890
2029135
-5627908
-12483084
-2303246
6006506
-9470521
-10703674
-3518481
-11316522
-12703276
-9155376
457669
-887417
-13189075
-5410952
-9141291
-11524164
-1997490
-3566945
-1165211
-1217426
-3779413
-3491306
-1441620
-2275869
-5761817
-31728
-6325545
-7206079
-2396938
-2628959
1385406
-12006326
-12943691
1676115
-11269870
-14185109
-1523443
4674061
-3537289
-10132215
-10489500
-241940
-3453694
-1222530
-5832626
-9690023
-3578040
-8861187
-5302487
-488289
-6599684
-9131936
-14090103
-5171834
-6554534
2567341
-3423442
-1259088
-17809354
-1009725
7119716
-8788423
-15516941
-13652497
-2518276
-1845052
-1967969
-717774
5329266
-14355480
3188560
-2431756
-8446101
2677793
-1428046
-9493164
-11958922
-2293119
6136856
734413
-5917836
-12498663
-2926527
-4682643
-16761750
4293875
4980542
-197494
-7060686
2674967
-3177725
-3104304
-2625541
-13559036
2216223
332850
-8337953
-6016324
-4801436
-6098047
-5884840
-2884008
4109055
-6731881
-15702524
2181315
-8758550
-4130208
-391199
-9475603
-2546797
-368353
150323
-7808429
-505314
1254176
-6062521
1758408
-3986053
-11508379
-11135403
-2846822
-3677717
-2036858
-7193252
-4776871
-10733420
-644662
817021
3874279
-3050543
-7815190
-11457998
-6962480
4432840
8768417
5274193
-127626
-8255763
-2961456
-8233549
-313582
41937
-2146484
-3185576
4571945
2431887
-8711180
-4225483
-5261658
-13633585
-13175791
-2390747
-1924121
391177
-8031462
7990880
-11511579
1529293
-14947915
-5537888
-14127772
416614
-12273603
2484058
-12683964
-2820631
-5782513
-419179
-3259582
-7328870
3503632
-4279060
-4847086
-16761233
-10299442
-1258474
-13362946
-12165012
-10153503
-13765927
1525939
-4003477
-5123461
-6952134
-1864931
-15901158
-3056351
-8468826
-7350808
-2003056
-2648698
-2172046
-10318233
-6732391
-629423
-4592354
-6400445
688274
-7397261
-8742902
-5066057
-2401590
-4383507
-7484182
-2138940
-3688872
4133581
3036277
-6189852
-164778
158507
-1098929
5820306
-6976719
3832431
-7062806
-4483807
-4727130
2501350
-5806197
-3839624
-12502848
221925
-5000686
-1417324
-13773989
-4101836
-12353955
-10866411
-1971575
3236471
-495628
-5494459
9949501
-7723354
-4687192
-8429909
-5595553
-8454982
-16806741
-9722654
-1709896
3630081
-6106992
-6484552
-1983658
-1345064
-8735186
-7973407
-5778454
-6472569
-3657771
-3998948
-8570528
-10805775
-5288448
-2472658
-10957991
-2843695
-5745005
-5317895
1851332
-1422282
1355052
-40948
-4603368
-4502988
-3325138
-4479833
-1186663
-7306591
10212150
2604253
7838460
-5647016
-7920280
1561447
-1201951
-9043374
-7508460
7533573
-4996281
-8152027
-1782159
417357
628097
-2359646
1966203
-8693268
-3184349
-5274038
5988593
-3939551
-7852720
-14024182
256772
4683965
-823392
549515
2051149
-8063567
8950015
1763674
-8496936
-8112307
-12640745
-11794197
3342974
-1989216
-7468984
-16250906
-5038047
-5678167
-12462143
-3867390
-1144907
-3279490
-11344098
2637519
1376348
-17474677
6279360
1103397
-4667959
2062932
-6305548
-3567378
-9056313
-4388605
2542386
-17936281
-791892
-11859276
-9647259
4542857
-18012867
-4777874
-6139001
3322197
-3023812
-10054753
-13732604
-12280757
-2327767
3534741
-1849839
3046625
-13637926
-8707844
-5535677
-12196575
-6496584
1376442
-10894767
-13864648
-6181810
4267082
1891003
2757772
-8263060
1702417
-8386205
-6903292
-10878276
4135401
-11352363
-3556585
-6606137
-1146026
-11090344
-785411
-6139180
545245
-1806542
-2163053
-535114
-14290458
-3622638
-734292
-8031354
2422151
162768
-7835902
-7123273
-6021592
-1228620
1635125
1762741
-521476
-13856419
-7928953
1836874
2528041
-5862415
-5876313
312313
-12547790
-5649532
-8977304
4445252
-12193459
-2334441
-3577944
-1069445
-395596
-1306400
1768617
3025976
-551978
9769055
-14812112
-5641823
-10503000
2084376
-2714998
2084773
-146313
-10799400
3072277
-2310956
-10951751
-17516463
-4004470
-2762811
-1428100
-3135382
-1207658
-1920708
-6081479
-10863858
-12624341
1282311
-5728927
2049999
-3786149
-4787901
4116416
-4228690
-6178042
-645819
-612288
-10232878
1037534
727643
-6076027
-12408960
-518906
-863338
9596476
-4169066
-11715404
6266475
861823
-10165266
-1055538
-4680247
-132073
-8714040
-12492086
-6109743
-4544693
199247
1418066
-6884693
-11417121
1960013
1125566
2409144
2933612
-5166652
-11299983
-8795540
-5448304
-10554692
-2599711
100201
-5713652
-3052991
-12429276
-10579731
8199030
-8208269
-7138596
-5826583
-4020354
-6200113
-5576809
-14287911
-1187210
-10584297
-8619428
3320181
-6715653
-1134201
-3751670
-5114935
-456659
-7287122
-5475064
-2301229
-9921171
-11945547
-8370686
-7342297
3538675
-4112500
-8558861
-12602436
-2057636
4659848
-3477110
2807777
-14381468
3216549
-8933117
-6479906
-1908180
-9594286
-4686547
-13376348
-11598896
-10323599
8724348
2255369
-2637181
-13649072
-5537960
-2022321
-1074096
-3603726
-10975912
2984202
-10109545
-9984884
-6014583
2129484
-2346670
549027
-14725117
-12483071
-6820646
-6952361
-500399
-10076123
-11836228
-4182640
-709452
-12961178
-5187971
-6322782
-4022271
-5343796
3624340
-5176380
-13307210
-14364515
944534
-11276017
-3348462
-12128677
-2977573
-605134
-14596779
-1397522
-3197283
-5166936
2764669
-6227865
-14411946
-1966034
-10943138
-2674449
-7417515
7220399
-3425744
7445055
-6326732
-2088131
2880494
-3891056
-3594426
-6070060
463181
-10727106
-6370474
-9673408
-3952757
-8829968
-13423930
-4638138
-4537008
3452494
-3229648
-5735221
-5946127
-8421368
-12078237
-2392183
-7527382
127713
222266
-8201503
-11818600
-2004288
-5223638
-9850048
-1159446
-11126634
473904
-713524
-9263511
3118441
-1730597
-12961108
300370
-7632680
1499022
-5072492
1486201
-16640571
2589472
-10029881
-9044530
2839556
1074402
-1648646
293237
-2482435
-2211636
2631530
-6937542
-6455453
-10205712
-13184654
1206611
10528236
1527809
-11640001
-3093757
-7017560
-74321
-5476945
-1723052
-403520
374477
-4457348
757156
-6772971
1270669
-5263931
-2378412
-9314891
-10569032
-13541571
-8078556
3118463
-8949229
-2710633
701320
-4927794
-937854
-7756303
-4437269
3635484
10055007
733022
-14166799
-14846403
-4555383
-6093224
-2585489
-6495760
-5191207
-2273057
6260476
-14185433
-12951114
-10573405
-11141340
3382443
5204051
-3905230
2502256
-6209346
-9577544
-12261084
386546
-9922507
-12733742
-1179354
-5492509
-3574875
-4246722
6412109
3952062
2051164
-1325705
-7163489
-5680488
-9558685
-14025725
-11867210
-6266039
-11214467
-7796059
2597374
-5805550
-3403917
-16419001
800106
-5536526
-2747992
-9971045
-13414597
619588
-10547011
-13816316
-11393309
747607
-5830846
-4070663
-33568
5956868
-13950432
-9201492
-14218376
2235550
-1903556
-10108012
-6270632
-12550732
-2758735
-9541622
1623190
-6169291
-162323
-11729372
-10114493
-565218
834081
-248771
-4950853
-2482521
3573701
-1322460
-1720402
-815130
4241710
-7470773
-5690282
-10107014
717855
-7274493
-810491
2868020
4230389
-5203373
-9726951
-2269626
-311637
-11353730
-9272215
-1821290
-40520
-1638981
-560084
3149455
7714309
1131968
-11781809
-1674369
-6730514
5609370
1768400
-11544612
3795696
4765434
-14143153
3405595
-365909
-8978899
-37645
-7616522
-8492131
2851741
-5359745
-12827027
2048431
-12342004
-16872233
-2925172
33966
928699
-2288735
-12923183
-3116010
-5592799
-4626337
-11078533
-9176137
-3410241
-1662981
-11169533
-3022558
-7995250
-5821368
-15372005
-10902008
-15888964
-5497677
-15778478
-5375813
7869900
82566
-186218
1124158
-4701107
4085315
-785804
-10428479
-6864530
738530
-2097188
-7454797
-6596505
-13754954
-12963848
-301479
6553853
-2534922
-6181909
-9436164
-5468064
1120398
4024149
-3819017
-2112086
3280807
-5616132
-9079492
1902139
-3956959
-14399283
2651973
439427
5930986
-3276944
-7722215
-10623448
-8708115
-10052191
-1507498
2246136
-3315784
-4126575
779775
-9871743
-11289487
-4290816
-6644278
-11039696
-7359282
-9898895
4118129
-11010558
-13126429
-6969892
-10191322
-5173720
-996608
-2016521
-8583674
-6002379
199439
-12276509
-5455728
-5619833
462367
-2745921
4868715
-7193417
9662008
2789266
-3758635
3277673
-8267624
5393315
-1612980
-5572822
90638
-2377051
5421770
-1328446
-3986237
-5783886
1864818
-9821911
-1248088
-3222639
-5505552
-4115386
-8456468
-689631
-17321855
-6406029
-2863724
-5307528
316728
-1907694
-3585311
-5480534
-3427823
-7150912
-12683282
260439
560471
-1308855
-6502516
-6220190
-4135280
3391868
-103878
-5204285
-2371168
-9358331
-7172528
-14535128
-9316398
-12423432
-3358070
3227792
-2728352
-13196290
-1120146
-5397821
-4163040
-1566410
-16001214
-6215184
-9431762
-11729218
6408303
-1247289
-2704465
-1461393
-14305688
-9181102
402140
-691896
-9255209
-12057920
-3441457
2153562
-3698759
-4702912
-2185050
-170908
494314
-14250133
1357384
-1901601
-8152255
-1479431
-6510241
-434421
-11414533
-10892052
8768314
-2567656
-6758963
-1360921
560082
-12498463
-11377629
-2373585
5569932
-1689617
-9260212
-13834847
-12464840
82114
-4806320
713582
-7826168
-11887536
-2736473
2315473
-9011315
-9009304
-1950510
1645073
-1408121
-6982781
-3141858
3666148
6968757
5653676
-11051542
-10156051
-2389884
-3910613
-7407471
-825748
-1756008
-2350839
-451421
-287011
-695272
-2864044
-1861250
-775486
-11678952
3140286
3140580
-1559807
-9229034
619702
865407
-4188631
-923494
-2392395
2843915
-13673873
-4995917
-8953265
-1842965
-13411901
2513233
-980163
-6686771
-10115525
-6704835
-14014046
-319937
-3637244
1138876
-3706219
-3588829
-5359684
-6560408
-8954758
-15552919
-12588709
-4257242
-993058
1276118
-8811821
-3670760
-1355359
-2912065
-5573064
-7863582
-1893776
2457350
-14132440
3016585
-4761522
3727857
-2092705
-7762576
-10102032
-3006461
8783182
-6429070
-1849523
-7605377
-6489360
-9185645
-393258
-2769248
592892
7382903
56038
10390270
-5170015
-346897
6732661
-3513195
-7834401
4601345
-6930110
-5891239
-9184380
-3934592
-5349660
6439947
4217154
-12328720
1953625
-10957297
-352336
-10707365
3519132
845508
-11272095
-12475918
-3145066
-6217752
1630620
-777417
1037722
10550067
9472208
9295536
1270527
1814577
-3187026
2461596
4783287
-7615290
-4086730
291419
-3392019
-7426473
-12857173
-10778147
-9918598
-948716
-13799818
-4866319
717221
-9026570
-1443771
-5447997
-170257
4971146
-9000692
-4604
2954788
-5640182
-6429196
-1375320
-8274156
-6328708
2591433
-14026122
5078930
-6524729
454561
3175137
-6251255
-3688512
-8184368
-8761830
389882
6220734
-5647513
-7811632
-3359788
-9435992
698472
-3211726
-7661902
-15912028
-3487447
-10169128
-788803
-5385946
-6418412
-7158812
-4031324
5132078
4690905
-13057302
10856887
6776586
-6520320
-7313807
2987061
-7105956
6326973
-9465833
-1792164
-11045853
-11885978
-11741971
-3148049
-3000033
-7730807
-12767140
-5085966
-6761535
-1672178
81039
-7690192
2717223
136550
6983346
-8342739
-6673126
-11328175
-13109578
-11821136
-422881
-12060951
-6181758
2120176
-6288855
-3205852
-4292910
-2904462
2804190
-14844513
-8260715
-4524433
-10033031
-5015820
-1050588
1195352
-779321
-4303196
-8567723
1975046
-2923900
-11138118
-11551982
3181406
653228
-173363
-7149667
-3051613
-9002634
-937870
8767378
-8390314
-531487
10608834
-12355493
-5336534
685582
-2890504
-10465704
-17388549
4270466
-5392306
-5507748
-14046856
-1819408
-695242
-6827897
-5107964
10756769
-9076091
-4547098
-10874257
-721196
-13664825
592191
-3545508
5016416
-2737585
-49937
-1813382
10921269
-14530465
5246578
738169
-2942800
-8602221
-13412969
-2980976
-3430920
2101409
-1354053
-172118
2654970
-15007860
3448428
-11994771
-9652971
-1124974
-9698249
-13463845
-2780205
-319527
-4994842
-4553473
-4631315
-12633233
-2653122
-7046762
-3406806
10764579
3701119
-5487713
3194340
-441492
-4708914
-2360138
-5842522
-1983346
11686120
-1584045
4050008
-397747
-10230053
-253575
-5773631
-3446232
-367000
-2414906
5351091
642904
-7321082
-8272774
-2602894
-1934314
-3208700
-7643996
-15189012
-13558122
-8307312
-6787318
-9965803
-1973826
-2132270
-8047251
-2897581
2220966
-13928887
746651
2640852
703545
-2771299
7337534
5237150
4692085
-9563147
2177107
3632846
-3866898
-4499087
-11174648
-4857548
-7465837
-11236257
-2053320
2559483
-2920330
-5218018
4852730
-2515673
-4346456
2348375
-3649836
-7324675
5069003
-2032362
-8925035
-5820866
3832464
-3199159
-8070819
-9469553
178549
1530242
-8205538
-702224
-1305050
-4638706
-7043901
-480439
-14508155
-4308699
-15313867
-6748324
-2712910
-2648612
-12049040
7492584
2633786
-14488221
-7967827
-1799136
-756212
4112845
-13470532
-5874320
-10104067
-6310646
-6278997
-1394500
-11198094
-7140050
-2199889
3520311
1022514
-81283
-13578291
9591894
-12094423
3396989
12106289
12123707
7824280
4270792
-2039171
-4070028
3646424
-5807236
-3198183
-6607116
-13932956
-1092618
-9844186
-8015537
-8958805
-10034472
6660520
2445576
-4118134
1373823
3282289
-3335272
6468455
6265917
-9668806
-8751521
-3682639
-7004770
3963683
-2940804
-11893369
-11434806
-2893092
6090021
-7044982
-7240879
-8214471
-5095879
-596366
-8700696
4074491
-7457859
-194825
1445224
-5687644
-10742855
3799943
3478720
-6780167
-3960017
-14009003
-352246
1058742
248433
-6817697
4791890
1528452
-10035344
-8831175
-4511794
-6790659
-6171799
-7138960
-4930361
-3222538
-11192823
3521045
-9476683
-1709394
-7148895
-10643257
-4409869
-8319876
-2866890
-11880270
4414938
-8295977
-10207482
1922408
-7845504
-1220819
-6707763
10368090
8490603
-2622887
251163
-759341
-6066512
-2052130
976506
-5778847
-1637762
10067957
116236
-5045528
-11133832
5608083
-3635239
2330953
-3030044
-3217580
-8371731
-18739407
-2349603
-265492
-194567
-5886675
-2207813
-8993916
-5209803
-11185062
-4268958
-7652195
-3798180
-6754280
-9991548
-11270437
-9109105
-2689618
2066398
-13012880
-5124319
6231026
-9518265
-5672646
-793895
515894
-65040
5582800
-7334450
1623089
-7893462
-14624253
-8514020
8570600
-7684948
-11471923
-11341783
1741267
2134281
-9755333
-5298572
-1315469
-225923
-3479004
-13526028
-3509448
-12714106
-389419
-2681061
-13125708
-11105791
-9702001
-1074468
-6027021
4002375
27685
-3200640
-7399845
166241
-5360632
-5754767
2044107
-7609381
4149419
3697422
-13799824
-1246921
2064936
-1698377
-4785573
-10860337
-3964822
-6060213
1580012
-4503529
2286676
-6544370
-13762136
-10404676
1902846
-3617090
-8153236
3068567
-7004403
-14086978
-435911
6160531
-2508724
2201825
-12198444
-4480669
-4779153
-3957632
717095
-2050967
-10392451
7034185
-10307531
-11032399
-7565601
-10023365
-4146746
-3412171
1689402
-8608496
-3115300
-5248410
-4021994
-3369808
-4589831
310919
-9972370
-4988592
-4846427
-2042682
-7060158
8505076
-6054924
8755997
-4633832
105901
-14860938
-8388521
-10347286
-6706488
-6369113
-9775847
-13984460
-5074501
-2618944
-5205715
-5901631
7802688
-12260190
5437925
-2482619
-12036035
-3892945
-6269968
-3503980
-2542502
-11938441
-7571331
-4098681
356804
-6590089
-3097911
-3193564
-1272705
-3479149
-10712625
6526658
-1297704
-6989716
863696
-11398586
-14144972
256171
-5513883
357614
-9775489
-4902304
771119
199708
-3145429
-10344449
-11539918
8911753
-6255599
-10626401
-1660052
-8471270
-4771575
-11182761
-7836304
2848198
-4035399
-6428439
-952207
-13926034
-2517019
3051382
-5605533
-782139
-1193256
-7599651
-3708263
-1758589
-3926689
-12882573
3491569
-7306016
-5473558
-1053687
-5336719
-13687961
-6048042
-16361108
185092
-5371122
3728833
4197586
-13304949
-12889381
10503137
-1678823
-64116
-7214740
-5421926
-1060847
-9039458
4068902
-1519095
-885890
163943
-4187366
274219
-3446052
-11483510
-4733908
170679
-3677799
-3417129
-9635375
-6901702
-13846430
-6418332
-12880047
-2146992
-3560872
-14024514
-1847220
123011
-10359795
-11767273
4371096
-12093006
-13795223
-1527933
-8369461
-6300474
-2497231
1235323
-6255782
-6679671
-14899217
8938060
-6098130
8286716
-444642
-7668026
-14748017
-7502376
-4806855
-1748783
-10551169
6196439
-8485488
-2546400
3839543
-11400837
-8239841
-3179491
-11912970
3764058
-325653
857096
-3174449
1183873
-10980062
-7869943
133448
-12914885
-10809143
4201812
-5980095
7546727
-2088899
-5172417
2170605
-5726295
-3867275
2688227
4583111
-8057225
3239565
-1639680
-12880463
-9378110
-4270619
347033
-4912593
-2692573
-15905883
-9684288
-4426235
-3385400
-5646027
5316161
-6410021
-17288564
-2912754
-5302606
-9686758
2840378
2874784
-12099577
-8909260
7206646
-6708802
-10876998
-12030182
-1625291
592420
-14561308
3532528
-6905935
-5480637
-1965284
-4685137
-2575641
-3554845
-9208399
-11837605
-5994943
643627
-437668
-10911782
-707042
-5370865
3094515
401447
8989580
-719524
-12926152
-9949477
-3262966
-4731419
2956327
2450270
-6061535
-11740092
1225546
-5756106
4210101
-2302302
2680123
-3335568
5131832
8410199
9797097
4686606
-12121948
-10476562
-7825089
-3787852
-8619654
-9976285
7008645
3798131
-8573625
540000
5003515
-5289808
-12084706
-633315
-12442113
263344
2088592
-6421227
-11105480
-5034998
-1078041
-7916277
-4218531
-18320326
-4674020
-842447
-12835222
-2737797
-9101311
-3034109
-8920907
6808890
-9554923
-14446998
-6930538
-1452144
4678516
-612174
3630119
-8076834
-8200531
-9116411
290942
-9459308
-3460948
-3543068
419198
-8775771
-3043196
-12996993
1379131
3371171
3596488
-6936437
-8430249
-4711930
-4539056
-6303634
3405574
-11871018
-4074762
-2380153
717407
775652
-9233117
3015901
4471401
-4080546
-1733705
-4213747
-11959879
-2347735
-1745432
-10828635
-9188054
-3655474
3189617
2859510
-11395376
-6442575
-6130364
-3579679
8524381
2787926
-3076973
-5716133
-14346284
-11517777
-4858538
-1808180
-6654775
-8188706
5942928
-416027
-5496775
-11110325
10328865
6744541
-10674608
-12634072
320452
3287360
-16740711
-7773531
-13260041
-6811317
-15177439
-11148801
-6361269
-5379611
4638854
-6192685
2421599
-11407136
-11457387
-12961780
-6827487
-841629
-4152810
-12223616
-1270287
-13306051
-7150028
6679034
-2967362
9461081
-1981526
2684974
-1915740
1130088
-1113542
-228273
-3987167
-2423152
-4788237
-3113073
-2088939
5070679
3207398
-11482673
-3632067
900957
-4120013
-6043771
1206455
-236028
1499076
-727341
11799338
-13728908
2506325
-7157230
-441849
-6310688
-3682960
-6846079
-12489346
-13528664
-4003325
-801420
2572468
-12398617
-1834981
-1908846
-4225817
1808316
4442449
-11270625
-1910820
-11156888
3225408
-627739
-8493487
-4113223
-8187048
1147039
-14022282
-2907448
-7326201
-8842053
3480623
-11407470
-9571784
-3595459
2491333
-5521976
-3391207
-1426993
2862621
1706191
-9117400
-663361
-8031665
-10657130
-8676111
-4962331
-6155196
-5216709
-15393200
8123075
-13571116
-10303201
6691884
-11704148
-2675625
-6658524
-7959446
-2415426
8458785
-4922719
3844201
4307379
117763
-11569438
-2878397
5973855
4062338
-414433
-11556873
-575733
-2990958
-8026646
-9773926
-5673478
1607743
-7436393
-120776
2920108
-11071305
-1076872
-2755438
-10043274
-10941192
-15112915
-7969573
-9331531
-6472014
-2770442
-11151943
2740357
938227
-1607560
3020154
-1615085
-7640378
-7713058
-7443495
8197113
448455
-2544644
-1485203
-7417696
-4904881
-2857110
-17470635
-6485103
-6330005
-46892
-2353622
-3144559
-7824084
-2757917
-2523289
-12247666
-13087067
-10079499
-8370877
-3281698
-4624772
-14940746
-5906497
-5948
-4521928
3354124
-14466753
-8104160
-2610215
-108197
-8920392
9306533
-6322061
-368932
-3319380
273545
-11286488
-11769249
-8197058
-5388443
-3310844
-16385319
-9413417
-3569804
698389
120306
-9757915
-8863665
2668244
-8594557
-4943392
-10218378
-4768811
-3919873
-4149903
-873322
-55414
-11819543
-1355996
-9192135
-11705941
-3920422
-6021645
655981
-6083603
-9931912
1318996
5117432
-1288070
-2912594
-6393105
-1323601
-10766657
-1668763
-5188859
-3465512
5218031
-5034959
-2476775
10167136
-4062146
-12641589
-8016646
-1208457
-6498257
5959813
-3155708
-6400479
-1841263
-8743686
632177
-8288186
101821
-13529882
-11184543
-3182927
4852759
5171083
-5870514
-4789285
-6610165
147493
352792
-5339100
-10310117
-8323696
-5683919
-1890768
-12764757
-7960562
-4834249
-12281700
-6445030
-1162497
-8285030
204798
-107001
-6867390
-1190032
-10755042
-13586960
-6133608
-4187976
-9354283
-248284
-6642137
-3563847
-8943519
4767750
-4911632
2111951
-13861734
-3293218
-3073452
790302
-10397615
-4941268
-6284401
-909373
-5047462
6058371
-11313374
3036365
-6178126
3904194
3466718
-8450450
-13014235
-16295737
-1121339
558446
-16701770
-14274494
-16838529
-265520
-9167241
-349393
-3193603
-13749768
-4686610
-3134681
-11953312
8811735
-5698138
-2548848
-10459065
-2769203
-10296962
-7928926
3709992
-4113790
-6772831
-6702291
-6720013
-8626263
-4199230
-162348
-7651313
-16653782
-3555444
452684
-4096486
-14554432
-11771142
-4628620
4434497
-11085619
-11755352
-355301
-4720009
1195423
-6400501
-5637121
-9966493
-8454805
-2915241
-1415834
-8495416
-5650367
-351828
-979380
-2522502
3954705
-7908846
-4912496
-9450120
573457
-11360815
-9111892
-4358067
-4833380
-10206376
-6179042
-3959410
-2476674
-4549140
-7302390
-12245322
1849928
2825974
-722036
2953792
-8753705
-3281824
-15865422
-2302301
-5148213
-3531658
12955317
-4071226
-3670357
-6129891
598654
-3225666
-983836
-4639326
-13678060
1711467
2957676
-1896887
-3696272
-482525
-387547
-4402605
2349729
-575430
-5633887
3195525
-9774169
-1804128
-6314306
-3637182
-8320254
-8487745
-8838978
468929
-12580586
-1171729
-13373468
-4401886
-9261276
-2152588
-1638053
-5984040
-9310412
-1015602
-10970014
-8097189
106883
-10917236
-10282018
-13983146
-10565939
3189716
-9409374
-1582002
2388323
-17147932
1217711
3790523
-11751136
-11631355
-10622611
-11636329
-3629203
-11948176
-10568778
-14508164
-4566306
2507308
-5022839
2242823
-9178475
2014552
-10986650
-4088332
1560791
-8327573
-3497411
-856757
-3894704
-9008723
-5124332
-1109327
-8958870
-989411
-15753411
6927198
-8648653
-6755731
1825271
681046
-1367051
-4470692
1536994
1601133
-3824380
6520275
714719
-1109800
-11973467
-6759305
-1114762
-5530206
-8192351
-13925689
-296486
-13279060
-5796694
-12044104
-12673986
-13281423
-5690085
390936
-1680262
-9444879
-651981
-1744982
-2825355
-6018466
-6753349
-3024160
-5923350
-11638552
-5402561
-11978727
-2348782
-6837070
-4979411
-590369
1400425
-5179882
4041491
-2254460
-3865053
2821687
189493
-3615480
-4510781
-3768805
8682209
-738876
-1895147
-1998469
-440085
-7932792
-5148608
-3052246
788588
-1737275
-9441578
4345537
-10601978
-3941473
-5012022
-3175316
-6252445
966276
-4344997
-4127620
-8214482
-3670083
-15946591
-861064
158866
-6099713
-1434588
-6986162
-7756924
-10726209
-107167
-3854676
-7039534
1627696
-5735708
-790055
-12168584
11553438
-921217
-2015653
342525
-3553967
4571690
-8892700
-11478856
-5790816
-12490549
-5468203
-1821241
-10153279
-2580203
-1856769
-7171454
-11516973
-1915837
-6246023
-2481624
-5856772
-12597442
-13032698
-10327845
-2118780
-7671479
-13287661
-11287249
-1684901
-5678119
-8220524
-9441273
9843
-5900500
4367025
-8400059
-9871489
-2880827
-6746675
-754755
-13195463
2462483
-13884724
-7345416
-5359629
8473752
-3711899
-6654797
2006304
-10834031
-3693405
-12569080
-7781319
8577634
-10114953
-3656818
-297460
-819711
14513
-11486874
-6010938
-10055343
-14710331
-10318937
5851231
-10761538
7826176
-133742
-483645
-715257
-2374535
-7062199
34426
-767334
-14056706
-5974017
-8593482
-11048289
-4707992
5689433
-4780006
-177090
-344034
-590636
-4753278
-7019612
-999252
-738507
-9441221
904256
3083653
1068907
-11224146
-2216589
4528404
3233579
-7831401
5183806
-11785383
4516662
-5522481
-8959392
602016
-258321
-4177939
-1265424
770611
-7442342
-9432527
-4802101
-855444
-2393181
449892
9094572
-5396232
3537068
495040
539636
5745654
-9580350
-13466897
-1343240
-3052917
770922
-2460490
-6182290
507524
484409
-6979886
-5639346
-230389
-10907099
-22625
5634756
-4567102
-6949712
-9523673
-478324
-5435578
-11529526
-5348787
1385954
-3924944
-2217458
-1003737
-13580322
-5486373
-6048868
-5782203
1063086
-6277093
-14760234
-6638390
-2647554
-10011768
-4527757
-13201487
-6596693
-5313516
3849017
3551205
1481941
-11753581
-9972026
8068410
6178139
-3767759
-6777414
14639
-3399599
-4975341
-2844731
3337882
-10929121
-3791344
-4512437
-8218133
-9143398
-9336523
4391734
-5522886
-4436977
4149684
-7249721
-3215719
1421207
-7434781
-561411
2655287
-11842561
-8669314
-10064090
-9299397
-1099594
-4895969
2500966
-160607
-6029674
-8591491
-6714093
-4820411
-1094140
-7653504
135740
-531017
-18204380
-7209140
-12499927
3936748
-12291282
-2253267
-5492358
-14625203
7694780
-12926397
-8356262
-5660386
-5904176
-11292217
-6849328
4087024
-2900762
1689084
11647514
-4248225
-4328499
-1096633
-1290021
964386
3754299
-16210412
-6106022
1638738
-5424711
-12987987
-8421083
-4655651
-7358196
4476140
-3241251
6542293
-7131361
4017403
-5973747
-4204187
-3650567
-9984097
-4708603
-2651698
6795449
-10580185
-3631498
-6108148
6597425
366997
-4929592
-5358793
4468804
-6598800
1666
-6544072
-6367552
2601432
-8130709
-5257539
1457347
8928614
-4654092
-45848
-13422454
-3021895
-10940690
-7906469
-630861
-5310497
-8158731
-3188209
-12494326
-10987883
-6232309
-6748556
-8512978
-12222594
3116155
-2221528
-8617464
-6418027
497096
1963819
-4116097
9005347
1533737
-11738
-10739659
1420641
-3066743
4547483
-4167853
141579
-10788136
-391654
-8911930
1776678
1344615
-12427372
-6425945
-1593915
-4878193
9888248
-11029664
-8912425
309329
-9120968
-6683328
310915
-912590
-13251113
-4175244
-16313660
-4600173
2384577
-6298511
-3144266
-9973139
-12592591
-6927789
5339778
-3311030
-3167636
-11693155
-11679521
-9818446
-10977389
-11022913
2446982
-7447645
-14430452
476575
5834193
-6852119
-9211158
2256361
5878191
-5279869
-471648
-13085413
-12071549
3887250
-12085857
-242393
-6067720
-1422737
6371837
175462
479250
-11136521
-10977309
-7810010
-11630053
-7003701
-4515909
-1549002
-5810681
-6713615
-4649143
-5525208
-701928
-6994339
-7376403
-1777705
801948
-4391453
2691907
35598
-5064159
-15846442
-12312856
-2524967
456865
-6510042
-1976778
-12104607
-5995260
-4064670
-10675542
-2100524
-7572273
-6576679
-10002128
-2003085
5495779
-5864580
-8587681
-5059215
-7292077
7074136
1710307
5341499
1125239
-1825151
-6256925
-9559810
-9896355
-2853116
-12882740
-11040142
-13332889
-13411751
906231
-1561762
196186
-1949651
-14036345
-4467295
-2701185
-3368720
-9118542
-74265
1335426
-42185
2893998
-7365611
-12950011
-3133437
-8159532
-11338311
9920304
-13540607
-14098318
4083117
1268280
-16207448
-4102579
-6305919
2508442
-9552655
-7235816
-17884926
827192
-9312255
-13290289
-2639562
-9339946
-6912595
61851
-893721
-11047492
-3763051
-10815280
-2410419
3001071
-8951269
-3381368
5748443
-12075515
-9425888
3845589
-1615555
85813
-7514813
-11903042
-15968789
-2443455
-4610231
756287
-10086858
-8014136
2611776
-14301289
-5948240
-10447932
-7351024
-4330214
4571933
2605765
1354288
-6665451
-7860664
-8068598
12114275
-1248404
-6532339
-4388492
-192330
-13330773
-4536591
1218833
-10230883
-16410619
-9284455
-5412824
-10686241
-9733589
12288109
6070778
-1050007
-692319
-84749
-6808412
3595497
-2983454
-2704729
-3354864
-7332271
-3211304
-1745350
-1370436
-2321077
-7562116
-1933953
6184987
1652802
7622014
-12487849
-3833076
436441
-2265550
-13986492
-6791329
1294362
-15016930
-7157398
-7368060
-12954665
-7401838
-2377376
-9865789
5603780
-243972
-6982135
1454751
1896876
-9829000
-2792917
2645497
-12901371
-1177855
-8549321
-4888468
3709000
681711
-7633534
-14022790
-17781002
-10001484
281257
-3685880
-1401975
1230621
-13340283
6495711
-5987327
-10005760
-14774772
-6476665
-6534842
-11784378
-14718390
3751714
-12003540
-2554357
5910856
-13389220
-12121340
-2865679
-8834753
-6287066
-2847357
-10882789
184051
-2957147
-471956
-657547
-6327492
1386284
-102889
1787630
1232146
721613
-10929077
-3305678
7244558
3766890
-23558
-7582535
-3900850
-2282400
544598
-731951
6503847
-12027709
-13505866
-6392000
-2698460
4369955
-5776116
-3225802
-10823066
-7077355
-13252956
-415151
-4706610
4695009
-6182022
-6560884
280390
3135151
-4646770
-1394882
-5571732
-3514109
-7145642
-2482692
-2172284
4668173
-10905227
143218
-1276799
-2358134
1513166
-2983301
-15704606
-13686744
-2565985
-8903011
-1793871
-37330
-6191208
-3914114
-13080458
-3090860
3093096
-13668021
-14677064
4762950
-6491834
-2975150
-26465
-1989831
-603972
-12091437
-4232490
-3437457
-6434779
4162487
32219
-8190946
-6767226
1368197
-6293963
-8704387
-8117471
-8366835
9027274
-6099429
2613786
-4457985
-6040649
664674
-4969578
-6620239
-11639
-7074443
10309381
-8053989
-4707894
-6618600
-1827392
-1907300
1977390
-13968053
6747956
-2009630
2638961
592045
-1669034
-9298885
788838
-6977458
-11573560
-10267253
-2942049
-12726077
-4875728
-7132905
-8519772
-7543250
-4050425
-7479841
-1040934
5851861
-4302061
5230948
860991
-1906987
-4493260
-127017
-6565578
-5906862
-1196118
-7980230
2348275
-8549305
-4489475
-3994630
-794216
1306032
2162272
-8534675
-597446
-2442207
259471
-7900946
-17214396
-7170316
-4707767
200264
-14266923
3567128
-2308610
-11242593
8037466
-10942039
-4841910
722739
-3735076
-10421786
1739422
-4336947
-10470906
-1697505
-1367096
-7171986
-10952632
-12869012
-7511530
3542329
37876
-8493294
-10719028
-7417012
58747
2732554
-8868947
-13255915
-13388908
1075557
-7648672
-7461172
6685849
9738200
8134702
-11515819
-6276606
-6121683
-8939587
-4973591
3585132
-4178556
5545021
-4541307
-4197797
-76102
-3830865
-9040517
473400
-13339363
-6735703
-2971952
-8627801
-4184332
3553961
-8822590
11345467
1989506
-2479385
-15042497
-2693767
-14853311
3949930
-8498293
-1973205
-12231721
-5681738
3874812
1538940
-10282691
-1193668
-6612211
-3912498
-1540829
-280456
-8227642
-855275
-6047299
4391943
-1085850
-859650
-1747760
3861789
-1986598
-1295333
288513
-5908656
-6263409
8022671
-12102301
-2964865
-6079723
-8758203
-11977120
-10702128
3544940
-4558089
-13341951
-15047390
7191751
-7094404
-12572922
-13756631
-2587246
-8355667
5958407
265090
-8465050
-4691555
4877631
3443926
-11676902
-3470333
131991
-956282
-9294563
2218187
3760331
-2670765
-7741289
-1887071
-4580153
-10606845
-5955921
-2309905
2128271
-1056609
-11725055
-7807588
-10229810
-6876676
-11632948
-5133688
-9274265
-17078787
518051
-16157329
2955567
-8267540
-1298420
-2116223
-6241087
-996809
-10925688
7715144
8028539
869839
-2144400
-3221045
1907571
-5838072
-6015475
-5626774
-2789512
10757368
-12951589
-10984261
-703131
-2489488
-8290175
-5706690
5334294
-3926750
8786151
-7515480
-13549357
-7050211
-7382013
-6066551
-2782080
-1475673
-3182121
5478333
-2962918
5047584
5586987
-7485559
-2249948
-12008432
-3563375
-10063899
-5318747
-6396886
-10207106
2504236
4293658
-9853457
-8056197
2826834
-2352528
-5567528
-8666753
8991263
-2263524
-3216855
-4964790
831317
-7370320
-2931799
-5188243
-4352670
522996
-8117602
-5906136
-13807658
4031816
-2343611
-4456537
1547758
-14976410
-5637014
-1943881
-2214123
-7337263
-967778
-13167765
2295178
-3170917
11016304
-1130644
1370897
-651911
-8508454
1435588
-11381154
1800852
-2228031
4360779
-12651793
-10256298
-4769043
649225
-1529899
-14155697
-1401241
-7458320
-7831536
-7044947
-13912162
692486
-7139275
-2153074
-11555615
-810392
-10260272
-5900224
-9935377
-4137803
-7412325
-4927711
7571272
-6125140
-22315
-7108605
2120735
-14739799
9338384
1568041
-4365767
-10534167
-1623438
-15727830
-6080711
-13377775
-17570484
1734747
-11255418
7836241
-14594490
-12383101
-3555527
5089537
-4795177
2200547
-3179058
3323459
-11762851
-559166
-1740399
-849998
-8023423
-2927688
-3976217
2688847
-6440553
-2474910
-4802711
-7818101
-8397275
-16177333
-13636447
-3709306
-5915765
-4257274
-10029177
-3969320
-7789478
-12223228
-519202
-5623361
2357284
-2139744
-12529788
-3264676
-14208354
-7988100
-2888782
-101554
4323976
3117329
-6389682
1017601
-7500386
-1590961
-3827043
-4963269
-8590641
1656940
-14971848
-4795690
-1965032
-63500
-2597
-2003509
-12664763
-8777530
3270028
-5524471
-14096696
-1031853
-8395426
2579902
6232016
3901064
-12894396
-12776421
-12648979
5232989
-5050056
-9581217
-5240666
-8423285
-14224050
-3527801
-6442211
-10612474
-15349761
3926162
-5016050
-5905546
-6787763
-4561565
-2008582
688753
-12474264
-5988996
-3048985
-4235570
2615318
-6088385
-12379670
1609101
-6532122
-4951891
-9272491
-161870
-2420256
-3271175
-1083239
-10212945
468826
6420016
-6794428
-7578809
-658076
455880
6565809
-1069430
2809763
1091438
-690997
-9512729
-2839874
-11625139
-11265268
-5169140
-268000
-661975
-12623744
-4860543
-2235506
-399677
-9051911
2983185
5607800
6343732
-9611203
4274612
947263
2297079
-2654447
-473433
-1092095
-3328405
-8060107
2432718
-12391735
628092
5570428
483841
-9952611
-4590991
-13840983
-7877747
-3333780
-2779635
-1486374
-14127115
-18887878
-4816155
-6154183
-5712640
1393612
-975840
-4671234
760503
2143188
3574400
-5277729
-12097363
-5308116
-7884203
1813733
-3423311
3108966
3253877
-12487046
-3258279
-8743035
-4913386
-6080791
-960411
-7262925
-4396508
-2937528
-2996
-2554218
-4231521
-2063634
-12151822
-10997505
-7978391
-3834187
4939731
-10629507
-6012474
-5996147
-1971735
-11347850
-3653985
10496441
-1614050
-12780236
1047868
-14395424
-5085274
-6694371
-6703812
-1080248
-3811409
-8274429
-5740815
-11780420
548665
1384129
-202984
1856818
-11814970
-1347770
-2191977
-10700567
-2369086
-3570592
-7258694
-4526077
-12385707
-5465561
-10792997
-11843188
9899126
-4748079
-3655698
-1855028
2324079
-121917
1073124
1908451
-1642657
-1963997
-6883810
-7658303
3190579
-9000605
-6437432
-11408179
-7029930
345056
-4047312
-1120895
-7286027
-4711989
-1949162
650842
-10105922
3608692
-10103089
-2638898
-3391894
-952930
1036848
-5711419
-2867262
-12336560
991521
-12158463
-9602138
-22594
-5780752
-8461406
6787084
-12220249
-11384501
-8994932
-5769076
803865
-5941379
616054
5421319
872945
-9377339
1642366
-580490
-14091717
-11382207
-12087303
-169129
-8312607
443847
-1082809
-9148473
1314686
966117
-2622950
-4395704
-13076857
-12167732
4486388
-6984467
350806
-10401836
-13131031
5246144
-12080259
1468727
-9907276
-10491166
-3258355
-1431178
-635798
-2322336
-5487542
-2803692
-11878138
1388870
-1935918
861683
-6542719
-12659306
-3759068
-8505300
-6579806
-12418763
-1861481
-9385209
2749194
-7887824
-1747581
-6551764
326656
9812766
-10642696
4416827
-3054417
-7440128
-8821586
-16152535
-3357346
-513559
3037426
-1318377
-8829251
-6635588
-121804
-4367852
-10628697
-10007851
-10516274
-5514290
-5439783
666671
-1735774
-8127475
-6440705
-9003087
-13411585
-1530769
-3943228
10308493
-15032074
-8813162
-3970149
3709183
-10561526
-16526407
-8242300
-4156307
-61540
-5536894
2931026
-6697976
-10199122
-3374292
-5301478
1867601
-5209513
-15699783
84673
5677417
1255903
-2565209
-742383
-13670402
-13114232
332017
304016
-5592113
-2008983
-1586151
-8647587
-7812624
-9605188
-5303576
-13105713
6301879
-489134
-5910393
-3044308
-12333280
-4079817
-6762700
-1899925
-101598
-945137
3446911
-2427352
-12738431
7296536
-11095280
-6481908
-4879937
-3336252
1762153
2120378
-6595866
-10224545
-9494362
-8477134
6886691
-18560166
-7157885
-1041616
4953705
-8244329
-1198313
-1661209
7919854
-6446413
2539463
-3094047
-6714870
2555923
-1223208
-83551
-6826780
-2463559
-4316214
11963744
-13673135
-5253233
-9970686
-12639630
5767756
-5888681
-10764517
-12346688
-3127146
8898268
-380148
-1348958
-5217194
-9157039
1553013
-10106674
-8854906
5222426
-11946667
813570
-7781939
-2508155
-2349070
-428062
-4723507
-9865729
2884180
3571812
1480516
-4580492
-4814664
-6577851
-7195133
-3238266
-3243747
-5457896
4453
6707975
-564725
-10226732
8112920
-7098610
1605034
1753033
-732578
-8948530
2709456
-10217442
1998063
-13954785
2471468
675474
-5114205
-659498
-8697854
1675628
528589
-5571167
1466581
-9290332
-9080968
-14048862
3908482
-8649748
1093400
3121029
-11753929
-2687436
4225963
-4754092
2335585
-19382125
-875744
-13487339
-3822236
1737393
-13983645
-5984889
-216987
-2912995
-17774875
-320888
-3522890
-5720676
-7484882
-612911
-14896080
6786367
-2158893
-6102793
-3156561
-9255753
-2579334
-6748724
-4523539
-4693297
6199757
-3543096
-2181746
-932587
-1119791
43602
-1686213
-2684783
-8911197
-499397
7770831
5267119
2521776
2750136
-6850500
-2870715
2558182
-10533033
5647380
-952621
-8393984
-6554782
-11352317
160230
-2110566
370795
4461033
-3262789
-4687388
-6438499
-4660041
-1316644
1817813
-9743772
-6254856
-9251220
-8229972
-2405685
1690011
-12636842
-11206805
-12575416
6437184
-2277901
-8915526
304393
-4404263
-5122794
-721233
6845164
1365459
-2533682
-5220983
-8142175
-13541932
-307990
3339973
-6054847
880168
-6144918
8152563
-14636330
2528877
-10700837
920712
3666546
-9331694
-2549885
-1650982
-5710088
-7918117
-9304338
-1991238
-6744171
-5684362
-967377
-7283319
-5111371
-13978115
-994025
-14497543
-3879089
-3893841
-17933303
-14010158
-3824275
-1156301
-13343978
-5895693
-12164816
-67293
3076178
-6508353
-986665
-12748071
-5753873
-5191470
-182445
-4185909
-1753110
-2340160
784255
294576
-13427312
6877802
1117538
-3121644
-8949641
964977
285310
-1410091
-5470131
-5628810
-4805716
-13483087
-8443328
-12433609
-4250341
496903
-2018528
-4407585
-1774432
-3926602
-2321677
-9514810
8035590
1127651
-1282240
-3286516
-10280005
4758428
-13025210
-11033430
-302105
-6993568
9946719
-7814471
-429259
4497581
-9214109
-7711651
-6408471
-5664952
-7806821
-2918501
-11418598
201341
-6119845
1073380
-1630687
-3862495
-6073272
2326990
-13674875
-6897771
3994709
-7198902
3736596
-9710149
-8383457
4636102
-6242439
-6169174
-996323
-6305179
-3734430
3809521
47776
-6375216
334937
-6820994
-6936216
-3759149
-2898901
-4260830
-3794728
-8541722
11598505
-12438702
-3058613
-6825404
-7924029
-1759175
-554878
-5153059
-5609307
-1006969
-5884697
-3267525
-11517888
-2577697
-4259010
-3071282
-4380189
-5869730
-3153867
-2092004
-4271894
7738767
-728340
-7517722
-7841860
-7777081
-5252241
407295
-2442898
-11041021
715308
-7720248
-2006774
3124935
-1456837
-8447837
-8433800
-821357
8400234
-4294571
-3395411
-1257797
-2290385
928813
-9341815
-3637070
-1252585
-1431194
-16437294
-8233401
2788748
-8634238
-700953
-15858023
2491341
3272365
-5658347
6211549
1716283
6981366
-8166843
1212243
-923566
-8495665
-4227173
-7367699
-946690
11806034
-2934796
-3223778
-5643794
-11642934
-12784641
-9602579
-3649326
-5171515
-14358259
-1712330
10420249
4574966
814981
-4085022
-7451019
-3475514
533331
6141273
-2917619
1922105
-11473573
-43041
-14771671
4153553
-4987192
-784960
-4385842
-7795573
-2695960
3716570
-5153707
-8785221
8296137
-1805188
-1685318
3874245
-4622938
7166336
-11352375
-3455849
-5645667
-4870839
-5018489
-10460042
-2197509
-7150321
-2216332
-2356273
315911
1664372
-13918322
-8536557
-1168603
-1858210
1077318
-4323645
7500171
-10832813
-3568496
-10826494
844520
-1176076
-6273245
-193051
-7141166
-13326703
-2866375
-1563570
1428923
11563331
-8700867
-3775524
-3563028
-5989043
-7700832
-5859141
-1971735
7250503
-2654944
-5908516
2526757
-3510976
-5113336
-16594673
-1184402
-9557829
701778
-3716384
-391702
-8784817
-13786017
-2402213
-11966677
-7238957
-13987466
-3721013
8807290
-9040788
1663747
-1614148
-13925151
-9439113
1679145
-393811
1354319
-12564439
-8536794
632579
-6942578
-426264
-8922903
-9142823
997459
-1046035
-1022314
-1122486
-424412
-3695745
-11540905
-147562
-5990139
-12952701
-2461847
84345
-5699231
-12107785
3256158
-14858999
5744720
-12649751
-6779249
-2086470
-6936793
-2222207
-3848991
-11734543
-3350065
-8234746
10612221
-845026
-8816436
-647258
-5235572
-2468400
-5884507
-11288894
36517
2391068
-5878978
-4117309
-11098980
-3474716
1104844
-4897081
-13401573
-14408445
-8748113
-2109069
-4621227
4779239
10589183
-761271
-5696669
-6225906
7360854
-4659074
4086235
-11930195
23129
-13009099
-1849805
-7148334
-11879662
-4369735
-15812899
-3323235
-208342
-6298702
-8598100
-636919
1866338
4502911
-9264796
-11312882
447431
-11780793
-9226988
3814425
-8202235
-3457340
-289076
-7863072
3680204
661747
-5268711
-14636294
-242176
-10719014
999426
-15698034
-935505
2648114
-4677810
-2957538
-3815214
-10196569
-11432951
-15095741
3569150
-15248717
-3220297
-808456
-4508727
-14937041
137638
-10931571
-5753309
3017031
-13541114
-2635275
-13490233
3309975
-5406121
-2239533
-15419293
-12511780
6205796
-10582479
2589488
-1038143
-10072387
-669671
29265
-12318904
-75823
-4675867
-4102050
-14231352
-14615746
-13199099
-2517576
-6424543
1348045
-1924286
1849246
-2289822
-12541928
-8717284
3766058
-12967046
4075410
-9260584
-14195186
-16724299
1104862
-2434369
-10176628
-2951885
1761895
-6351373
-12356482
631563
-8464228
-14206537
-7790304
-12321488
183870
-13754618
-1485421
-11828817
-10496594
-8011921
-14733214
-3130670
-2743779
-6665569
4130278
-10245849
-6886389
-6441575
-8436713
-10025906
-3181858
734632
-11756130
-1120062
3622412
-11025264
-1522863
-2681890
-7156320
-293034
-943649
-10402627
-8989475
-5290258
-5508811
-11261244
-11387328
-9997761
-12677678
-2567933
319085
-1885423
-11410458
-5926082
3303956
462114
-1749790
-6434624
2677041
99603
-2105459
1755346
-4319426
-13795717
-210883
-608040
522977
4297384
-10475955
-2376973
-8511855
-10958410
-3289511
-1552384
-2085800
-2142929
-203980
-9235486
4920307
-10074100
-12674864
-1545282
6117715
-12128630
-153240
-502207
-7250621
-9339476
-6379073
-4565874
-2797115
-4308575
472449
-153384
-1914402
-1397045
910639
856803
-18164106
-14982272
6342311
-6524794
6260489
-5695968
6740792
-401142
4052857
3918075
-3521719
-4293585
7536806
-4488226
880897
-6903470
-1678500
-4204082
-9731309
6489184
-11771609
5142326
-11930430
-422217
62280
-2120538
-5818925
-1130275
-8226646
-4010124
-2346138
1610642
-5553594
-7268703
-8858305
-5626947
-6092492
6930573
-6978179
-14989780
-4963760
3214106
-11050565
-5588912
-2588581
-5677573
-2331696
-5898100
-3686806
10931281
-6061183
-11192691
-3457111
-4758696
-9554929
3031685
-2249775
-597604
-4975175
8924995
-10784822
-12140965
-11962760
-10704950
-10741355
-1334233
-4674144
-8796339
-16337030
-1945181
-1675012
-4791079
4148966
4397252
-4467908
197516
-9383237
-9762864
-1728497
-9761651
-5488966
-6047652
-11528774
-9821644
-6333540
-1123271
-8845793
-19569185
2360691
-895134
-257673
-13198240
-5576696
574000
2861207
-2114454
-11415659
-10031994
-15892270
-6659392
-7349072
-9132615
3471497
1878131
2877085
5908937
-1425762
-3696478
6155155
-499850
-4953767
-4337392
-1940211
-12932839
-6503474
-8882012
337525
-6101391
-10236768
-11594233
-129663
-2000137
-8190407
-912193
-2637301
-11098567
-8761084
-3455039
-1641018
-3666607
-3405145
4399062
-9267178
-5267401
-6002833
-12173085
-14467678
-8706483
-2464723
-857508
-1978786
-10964754
-4265561
1527238
-7514576
-6137054
-8380669
-5024203
-10454515
-1766476
-6500769
-1767627
-3284840
-8038424
-1499063
-6405714
-16337055
-1059339
8237971
-12262443
-7423716
-10116896
33255
7665521
433492
-5411238
-2977283
7846904
-8982189
-10961633
3162781
-3346376
-4716751
3447759
-3110949
-5035507
-1910914
-13466050
-11451478
-16421855
483594
1011413
-6601053
-5821953
2914356
-2975007
-1350999
-2353153
-5525273
9231040
-228268
-1517853
-173061
1260071
-13508484
-10197429
-3783722
-105274
-1788111
-16765791
5535525
-11908494
-629328
-12997515
2615694
-15500851
-7728001
3357406
246404
-5316609
-6748454
-7425902
-10203311
-13679898
7802521
-4897214
-1357856
-6077168
-3710728
-5180175
2007274
181208
-157934
-2770758
9006240
-12851416
-8245992
-3424443
2135935
-4817211
-7979518
-2823377
-11636158
1417999
-9188283
-285568
-3819276
-7499808
-2239377
-8411065
-10189337
-1832074
-4483710
805566
5115422
-2344622
3323506
-8188515
-5298392
175618
-2062954
-6816408
666571
-4192130
2882036
2675893
-12055053
-7891352
-10002063
-5585362
2944560
-6275353
-2797529
-9742341
2446264
-8119578
-10497804
-7781174
-5381062
-7908653
-314810
-7552743
-1577879
-11181944
-3427921
5942625
-7383376
3074346
-5640223
1494744
-1601001
1424054
-1590424
2788609
-11797888
475485
-1892888
-3296117
-8719541
-4906509
-5587804
-15046324
-11939538
-3741464
-8129029
-7771308
-3847935
-6953629
-8415858
-7238104
-1063656
-10206425
3768315
-5106731
-328668
-2924951
-2108440
-10735273
-5787512
-13191179
1740177
-6963769
-2479452
-5753966
-4276843
-15281976
-11470180
-10961923
-6251045
-2316635
-10882704
-11694415
-4447364
-860588
-2998916
-3354651
3338824
-2141577
-1873296
-6455818
4251096
-12626183
-2047071
-5538879
5857730
6539791
-974123
1313152
3343715
9918222
-2037548
-9543368
-11296013
-6814301
-9117370
-1449760
-11333504
-11865144
-3120671
-2426513
-6443918
-11937313
-3781701
-11876835
-14668826
5330625
-7832265
5869997
-4477717
-4054931
-3153488
-6665447
773885
510033
-3036286
-8869424
-2709233
-1947354
-2591801
-14061996
-6751356
-3281292
-8768321
-9291260
-695255
-9060504
-8185792
-11550806
-10904173
-515375
-3664875
-5485621
-10309766
-8628865
-4915065
2155380
-14451723
-11613301
-16508285
-13260895
-13141584
-7307132
4003010
-4151662
-5014839
-222840
-6960461
-816538
-4708421
-14088029
-7907381
-2040377
-10999528
2099651
-744345
-2179578
672474
5057565
-4072953
1142657
-2884585
2762028
-7216369
-1885640
726180
-9669171
-3774464
-11213386
2328932
7037600
-2312721
-1311256
-3615854
2274323
-8112597
-1026146
-7509978
-1015443
4892343
-12063818
-1846168
-2189437
-1134422
-11177802
-1345219
1241354
-8883534
-5813734
-10585648
-5374838
-4302971
-4318227
-11199861
-9265957
2821418
1040232
5117303
212696
-8799269
-1731204
7975179
-3762876
-10122399
-4253628
-3609663
-12990530
4957011
-5830325
-8650887
-1434449
-8146501
-5556248
1681918
1215640
-1080769
-8596981
-1582240
-11485285
418513
-3115840
-1476919
-9577541
2849720
-5109455
-7172883
-3430723
-8057780
-2271395
9345104
-7660692
-1602514
-5375210
-10957901
-10483302
-11900080
-1586501
-8704182
2373363
-480803
-10778875
-1364131
-3054004
9490247
-10353080
-6490463
-9765338
-13001823
-1313594
-1893453
-4634406
-11116411
-2202407
3208712
2551800
-1503006
-9520775
1383283
-12640469
-11158601
-7577793
-9660527
-8102400
-16031254
-767811
-15939892
-8835559
49681
1893011
1455098
1051570
1628774
-14374027
-11539897
130016
-11305469
-6571484
-6587433
-5911060
-7870484
-4221088
-7314462
2260325
5713030
-9230810
-13408998
-4541521
4998416
-6234900
-11236658
-10283954
-8618548
-6636823
558765
-3978027
-370678
-797022
36764
-5392286
-2142790
-4264039
2038319
-8772865
-1800275
1491546
-2381349
-6295895
-746672
-5626406
-12127238
-7691261
-14059467
-8414793
-3508757
-8210071
-9497613
-3426208
4684892
-5417172
11409652
1363307
-11079396
110228
-10815545
-5124119
-10981500
-3725586
-166807
-1866025
-3477542
1403135
-5402619
-5372593
-10831182
-2316263
1293510
-1496781
7726945
257848
-4036901
-3806332
-4783536
-8971875
2541150
-7525341
-15328199
-2866879
-6424014
-5350548
-2999837
-13656227
-1704029
-5148366
-2301490
-1818644
-13600966
-15733814
-1458940
-6141159
-1541060
-3092162
-2455989
-15366714
-7128311
-6335785
-12125324
-2695114
-8815652
-353171
2432003
-1393029
-3845008
-9331186
-3442237
1730109
408853
-14704134
-6071449
-3184047
-2309776
-575264
-6433012
2297150
-7455807
-10522492
-674155
3566899
-8886745
-1450595
-7824045
-15326615
-11054441
-4836757
-1713105
-13675530
269201
-8674379
-12235068
-6227785
-10040576
-4861108
-1989973
-4170035
-2396858
-5655282
6889999
-3014043
-14745248
-3259720
-630399
-2620066
-7965927
-4395185
4282020
-7901181
-4533094
-13928072
-14680437
-10779875
3087703
-5067258
-4260665
2113625
-5329595
-6457741
-7871851
-6909985
-1080145
-6335024
-5660497
-3312840
-2318064
-1184977
-13363048
11084309
-3626440
-6089235
7438847
1261979
-3448805
-9752871
-7013990
1785056
-5830926
-12226378
-9923645
-8416166
-748768
4424245
-13370843
-4464711
1893528
3202375
-11772057
-6701089
7140347
-18557455
-1288928
5887858
-7402836
-339284
-5819967
4294803
-9904639
-11773885
-1969548
-12824455
148755
-2927736
-7420033
2614510
-11277704
-592996
-11358986
-3747551
-7081406
380580
-6747892
-6304972
-3518279
-5298399
-5679579
43294
-2495404
628843
-9926896
-3102987
5754075
-8233600
3410528
-5346964
-4371850
-11093760
-4017123
-9363827
-12876385
3007020
-724811
677217
-4008626
-1191593
-1069145
-4861920
2984155
-4958577
4989183
-9230744
-2357340
3656658
-7458236
6257930
-3477440
6789969
-15029953
-5043464
-5282975
-5927888
-4753935
-16019234
-1939341
-354631
-8881025
-2943274
-2879147
-3365923
-237733
-7884160
-7834299
-541444
4113393
677754
-13815521
7907502
-6619915
-3823462
-1140786
-11767861
-8929512
-2404191
8989937
-4001263
-5882196
2782684
-1571697
-12037757
-1554535
-5092306
-1815457
-415668
-14956256
-1921414
2870196
-12288881
-719879
-195582
-9248345
-1867886
669532
-4898690
-9862756
-14263455
3837101
-3458395
188787
-5272367
-13738668
3068559
-2599130
-8690153
-2077833
-8340969
533595
-2294436
2735499
-5767871
-11051371
689950
5081981
7122108
-7265263
-8039083
-3931463
-12114222
-2409519
-7312795
-3733458
-6447523
2207248
-11624149
-4700006
9805419
-6984635
-9868227
-6674516
-4771924
-8610771
-14149554
-5535810
3625140
2381575
-2067927
4420329
5439755
-3924584
-7135473
-5048463
1321365
-174003
-5594967
-6711967
-1743900
-1234410
-2589494
1065144
-3311357
-4895508
-7773420
-3346329
-1653758
-9478256
-4449395
3078993
-5922125
-426057
-20045665
629781
4676519
2781205
-2300557
-4974042
-15350104
131504
-12258664
-2177233
-10552037
-14669698
-3553504
6806011
2042620
-5205750
4841465
-7199570
-9150539
-13488793
-9342099
-10042167
3569641
-3226853
-5150047
-6326012
-10415083
-14327700
-9861892
-7727800
94681
-2917530
-2976046
-7132825
-12555599
-842756
-11663133
-5473335
-909221
-12645579
-6069688
-2224953
-12248725
-18381087
-651850
-8913927
-10760921
-10724386
-763090
-4135738
-8795594
-11799472
-8521247
-1718503
1513410
-12727679
-2718300
-14073194
4172816
-14361765
-3563072
-3779934
-1286381
3794780
-9516034
-13682909
-6929759
-8863457
7436092
-6578300
-9800212
-9657882
-4422123
-14914783
-2702305
-8478881
-5865100
-2895496
4879941
-8205087
-6195704
-9030272
-6020543
-6730985
-11026760
-8575540
-11799934
-9373187
5791
-3411865
-7128018
-5836687
-4859335
-6601060
-9792527
-15405959
978276
-274698
-15942413
-11569758
619189
-13541750
-7071934
278151
-5098616
-7095033
-9391243
-2467597
-483124
-12874197
323111
-9546355
3681303
-14890127
-4681188
-6921042
-4259513
-3088829
-4367585
-5051225
-2039032
-11645124
1175207
1376493
-14770769
-11672561
-3639784
-10227904
-7473913
-5231550
-7196746
496602
-11526679
-2994229
-11908715
4590208
-1839586
-2017433
-6573350
-9422321
-10424562
-3890122
709976
-6215292
-3142702
-19129895
-6281444
-11838362
-286837
416943
-13279545
-4864141
-10160082
-5459907
-9121596
4596312
-2309710
-13661159
-5496518
1031826
-14316700
-1247468
-153636
2765915
-8555864
-9101159
-6453934
-6159874
-6441754
-4271584
-2988720
-3114468
-1191810
-7751336
-2050597
3295549
-11281190
-1544409
-4003265
-1305074
3402936
-440637
328657
2446131
-11578382
-6334827
9417961
-5130559
-8051304
-3152624
786363
-12157827
8323208
8325131
-12099070
-4913915
-5022717
2321966
-8548802
-12012974
-1440501
-1001195
-11687233
-5913763
-1656807
-4521802
-73278
705129
346303
-9040346
-10958539
-2295776
-337038
-3602705
-654977
-2748809
-4925565
-727345
-11630870
-9372741
177000
-1771272
3369262
80298
-1445834
-3882824
-3158422
-3991732
-1542310
5424928
-12739648
-16318705
-2401284
-1450021
-6065093
6718860
-8282660
-1339854
-529637
-5611441
-477477
1722686
3124022
-7119672
-3732858
-1895371
-1079687
-11457385
-1806842
-4061153
-9421687
-14620222
-8933081
-6784845
696672
36462
-7280303
-10165923
-14412437
8630997
-4611281
-13366401
-321420
1063879
-296044
2914604
-849328
-7184891
-3510127
-493790
-7263595
3061718
-1695314
-9841565
-105206
-6141839
-3501873
-2897504
620608
6966796
-3314683
-9559756
-4675790
1733886
-14366761
-8514371
-13751864
-11536105
-7120028
-1212830
-2623762
1218139
-9211250
-2338526
-9101336
4302347
-2195633
-2447818
-2494717
-9303022
-11343850
-6770475
269880
-11669611
-2397522
-492253
-5375768
-2037317
-3749379
-8296862
-4408123
2114613
-7303802
-5587898
1674259
-3197574
-2934206
-3194314
-7162400
-6869493
973962
-8563356
-8391987
-8495459
-10401323
-1465427
-14952695
-4695116
-8224057
-8632060
-10199947
-1283404
3714879
-2154021
9107888
-772038
-2688842
-7725994
-10693687
-3713089
-7643565
-14622688
-6036569
-7308360
4513975
-11702499
-9933145
4400427
-12403344
-11943607
-3454834
-6001882
-8062876
-8662805
1487056
-8124531
7198625
-2326783
-1717989
-17153729
-1726337
4381337
-292944
-2263808
-8608664
-8298657
-109953
-8271185
-12154990
-7820740
1253881
8970998
-3593269
3427069
1466061
-8344794
-4087639
-8848124
-7779763
-9136913
-10948513
-14871671
-12728437
-10640424
-427811
-7521701
4387484
-1676862
-12711009
1436079
458197
-9615932
1521394
-4212294
-9969661
-6988528
-673852
-9448970
4333314
-5522921
-10895106
-4403412
-11508635
-13351874
-10299420
-9693877
-18937692
-1645217
-12949778
-7884347
-12514051
8660883
-1382399
3906001
-7584459
-1951521
2323860
-5627454
-25492
-11055992
7053248
-73111
-7631179
-3158499
-5697699
-13153326
-2577043
-6325335
5395084
-7071973
593424
-9188550
-3505348
988218
-5711254
-9306729
-1102239
-8183699
-11020754
3907553
3916037
-382982
-839389
-9473460
-14139310
-2841462
-12749006
-15214954
-3987070
-4168490
2561127
-2586924
847741
-7335412
-8030868
-3429329
-13183578
-7384572
2648269
-13753330
-5183289
-1477600
-12576961
-3144062
936694
-3967936
-5217532
-2011834
2497588
-940170
-1378076
2239624
-10701588
-4383087
-13940033
-4830669
-9695910
8243221
-7749500
-11630914
4915024
-6791822
3637434
-7068519
3761071
-10643847
-11235475
-13880614
-3525366
-2587530
-5778338
-13872560
-6510849
-1910112
-11030575
-460049
-1471689
-2692275
-6446097
-2532761
-2591726
2881839
13492
2250962
-2366136
-14576849
4963255
-5050977
-2440288
560812
2773734
-8792767
-400307
-10257184
7714186
5452311
-15619306
838302
-11863146
-4087618
-9712248
-8767188
-12521528
-11860759
-11841790
-6970722
-4458808
-2131084
835664
-4246658
-13351558
-9839910
7635861
-3523210
2349284
-3292141
1268454
-9242552
-6054330
-2217830
-4887720
-5292957
-7319390
-1207076
-1051174
3861134
-4486350
3448059
-6341002
-11263722
-9049657
4143671
-12101864
1036611
-4167386
-3979196
-369294
-1656345
-302270
-1482757
131935
-5629076
-9258775
-10437732
4294321
5139851
-7242056
-4965688
5179434
-2477163
-11930068
-931986
103586
-5966675
-3748232
-8310247
-202076
-7484193
-4872877
507845
757181
-8592870
9728084
-10331541
-631411
1988733
7687185
-12549615
-5441771
711413
-8663388
1162346
-818683
-9577180
-4136210
-9807891
6625535
-12844454
-5741944
-6675300
180976
-1294458
-2270740
-3945512
10229843
-1529571
-9274387
-3963951
4403745
-8142287
-11419280
-6048888
-10340777
6948832
-878709
76558
-10104140
4380134
-5510010
-6281093
-2396177
-706002
-11970727
-454608
-4788234
-4927028
-6786065
623142
-6910524
-12143712
-12469715
345658
-1902138
-6836097
-2376613
-17141611
3016164
8477254
-5020694
-12345499
-803319
-2208815
585483
-3628294
5334093
-12819017
-5329009
-2675834
-10643790
-1513469
-9088634
-6567400
382561
-14232115
41938
-14292747
-2705597
-12336866
-4282707
-11616045
-1211623
-12738567
-2192456
-2028807
-11492870
2309570
2170015
1260244
-1116519
2045997
1920054
934630
-5486757
-2941375
-8642583
-11997357
-6829036
-696267
-11831932
3567793
-12318395
5174660
-6583630
-5871861
-9299084
-8181981
-3360046
-1146504
-364121
-10558927
1615320
74524
8508478
-5633943
-427920
-9509541
-14013456
-304813
-8012129
7171700
-4244939
-12693218
-5000039
-10881338
-838418
-4055048
-12610596
-2804211
-7588288
-1904149
-4098182
-12768946
-12944880
6228647
487223
3037943
-15867214
-3314020
-3766526
-14169402
-4785224
-15952820
-7529543
4374874
-1091594
-3472443
-16820498
-5747155
-7430890
-7810699
-5579037
6347938
1335060
-1227337
4863086
-9510420
-2488224
281722
7711157
5791572
-177911
-7148758
-6048361
-13129216
-11834665
-11889272
-13947218
-12959536
-5813005
5836414
-876506
-10691497
730012
-10304267
-5588116
-8430102
-11154830
-1550779
19579
7558203
-9422918
2458676
-1515017
-5737265
-4456673
-6803111
-12908377
-1328472
-2659787
7853628
-10887615
-7560249
-10275592
154753
-4829531
-8343161
-11267110
-13706765
-11500965
6618135
-6375846
5301970
-338309
-650533
-335405
-7409127
-8353325
-718426
-1333284
-1252291
-7809501
-14709508
-2066624
-3396807
-5443879
-7434908
-411138
-901428
-6305964
-961696
-10239341
1144454
-156220
-6674206
-2092524
7306507
-11483165
-7552424
2250744
-11083397
-3901957
2025572
-15245774
-13293197
-10956109
-8944597
296794
5001054
-4076682
-7991416
-8632600
3601630
-7282442
4003536
-5688547
-126728
80657
-1965492
-3572605
-4543458
-490231
383754
-6723622
-2624266
-10894242
-11756783
-1540160
-10481959
-2720974
-7967696
-1991917
