-1049249
-749941
-1373705
-2713231
-2472278
1330600
-309454
-467716
-442920
502828
-33034
-789161
216227
497085
-1276350
1304849
-2679655
-994880
-1324663
-683101
217774
-879203
-3581123
-1043381
150921
-574580
-921107
1627781
-364261
656389
159699
-449633
-1687845
-287151
172647
-436575
-487502
108084
254017
-1485585
1450238
610995
-268057
588103
-3154835
-3009635
1107544
-2053868
-201366
-721847
-3404975
90763
-2334467
-1887186
-431113
196816
-2427492
-2743543
1224644
-372249
-1686890
-90241
-1357931
-1452555
649158
1198781
-447245
-1875949
-2233602
303213
-1225481
-1837095
1314200
-1452617
-1617275
-1093775
493010
-523303
80581
-1594468
-1089130
-1322452
166141
-2784973
-906164
-2158823
-2957799
-622779
-261641
-798843
11467
550990
-1602112
-2255733
-1424373
-334566
-376636
1856579
-284587
590517
-1328548
-1318673
52716
-324173
-3600310
1178360
-3553812
-32977
-665145
-1639638
-1038512
813145
-507095
-2318900
19863
-130897
-561679
-570594
-366500
-1572127
1086421
-2242020
1029174
254434
-1156811
-153231
-2254967
405410
668958
-758153
721319
-1497736
-637327
-1253746
-58331
-2297050
-1312955
-637764
472424
-780819
-446436
-3281624
-1707911
462277
-2757177
-877033
-1998757
-1997169
674038
-200021
345760
1443676
194940
766184
-46132
1126392
-2714186
-1332913
-2061791
-2169141
-1551359
-1549122
-1849012
1048342
-409284
-1649822
-1127378
-2529981
-1030192
-97513
-999350
-1140188
204902
565250
1468253
-2421309
-1558623
-2358739
-223022
558171
-1392224
-210136
-597990
-530781
-1212731
1726743
-2431957
1557480
81650
-741563
-2626634
-2728573
-1087133
1364556
-323462
-2333077
-1257594
-642200
-1668170
1490201
1432282
-1000085
-3377768
-238481
-1466364
-2574831
-878089
-1791379
119115
-1705695
1072143
2506265
-3074265
462724
-2277804
871519
1519971
379907
625724
-616575
-2927946
-983724
-1711358
-3608236
-1704347
-2241535
-1274333
1472590
-242203
697703
240796
-1440577
-759846
-101338
-151231
-268134
462796
-400314
-1976636
-1755297
-567658
-2536374
-203937
1055895
-1629624
-469489
-410608
-1611721
162489
-277468
-1909510
-823643
-2922840
1447680
1700413
-2827055
-456279
-1805698
-2444029
-912874
-1119309
-141549
-1521780
-2070158
-1109315
291548
-1557635
-1396501
1814148
660098
604760
-1172310
-1238519
-1410974
-1000360
-872175
-2141726
1005907
240582
-2206722
-701281
1379792
50393
-628464
-458549
-796538
501064
-655147
822118
-175574
10666
614811
1196476
-886014
-1948004
455395
-2587862
-1653874
-1884995
-2829672
747895
-2499690
-1077017
-31282
21030
111522
-730974
-211253
-1003029
-94053
-1577119
288394
-627590
-384482
210523
-2725622
-1264304
-1343943
-67521
-1458175
422352
-23254
129713
-1093237
-1790839
1242600
58813
566339
-1297515
-1865140
-1461893
396428
-1202458
-2684785
-350289
879875
-1167889
-2563334
-2521107
-866043
-1019503
-645888
-2061663
333962
-876201
-306474
-1963947
60117
-41550
-426767
-918388
-3028239
-2026344
370728
-1932033
-3804
-1413908
574082
-1104680
-296940
122512
1581531
283528
-961391
-1448711
-1868158
153614
612257
866166
-873770
-2276343
907974
-80590
-790911
-265193
-844336
1223448
-2869219
133939
-390354
-2554302
-1397732
-381986
-419575
819482
-2263565
643000
-3203324
-382682
-478318
-398641
-449359
-167949
-1380700
-2257519
192036
-2598388
-860312
-1649897
-2296845
-740822
-216683
-2867493
-1454904
894367
-2645137
1647506
-902107
-595236
127023
-1375783
-76550
431889
-744506
-1554339
-766406
-1938929
924824
-1891191
272515
-1208229
796642
633821
682988
1104095
-2864401
132617
-730441
-1036160
-1174876
-226274
-2155611
-494343
1378335
-1089530
-3107251
-242954
939712
-866727
1158908
-1850658
-2216117
311138
-1986458
1300993
-2605294
-1844200
-2015917
-1224597
1288791
-250477
-1649320
690711
689052
1406486
-1039065
-2559791
-2417924
-2333194
-2876619
-953876
-1650778
-2606896
50074
-60162
9040
-2134829
-236970
-880358
251821
1141929
352383
-2265094
-1004576
-257814
-1568588
-544292
-1235071
-949732
-208361
-97417
-1772691
-383400
946547
-288911
-834532
-953187
-2598813
330409
189904
-1779216
-1184404
-424261
-316765
-308148
-1162196
1104117
759030
-98580
-657156
692551
-288259
-965833
-261454
1131606
-872162
-1187144
-3432355
-2487262
225100
-537034
1224120
313492
-1254923
794064
-1713187
-1609043
-1036470
-1207136
-622581
-781154
329323
-1517636
-14021
-1289108
512179
-821968
-858290
-260802
-2164895
-571930
-1972763
-1669372
-1936106
81303
584771
-395645
-369728
-2283154
-1118720
766672
-2026328
-396639
-1476245
-1583120
-638568
-1519338
-1366211
-2465434
-2109730
-379308
493445
137067
-2504455
287628
-1828439
-2004534
-425517
623375
-3062563
961064
481251
-43663
569140
-2374442
1423046
-780262
387694
-2486773
-1667843
-1561955
-1457680
396342
-541344
903543
-877080
-1679152
-394465
1371096
-2161451
-1849709
-1038899
-3104937
-520200
-504006
1255730
890054
814568
-2738211
-605903
-2949494
1084129
1382291
-800001
-1020530
-2654336
-32718
-1657798
-223469
-869243
-1854899
-422087
-1529040
-290805
-1175527
733034
-2524552
-1428558
716723
1183876
-1561578
-1993313
-1464672
-1512182
-1868014
-44634
-1236101
-715124
-2684379
182274
-448954
-1560214
-1907973
-1484515
-679474
-49651
-632184
-2090606
-1341567
-1021332
-861227
-1369268
-1841951
-2148254
-1744131
-1814325
564129
-3520843
-109709
1179583
-227591
-1976939
705379
-536223
-1725605
-2019642
-1630832
-1808152
-712778
-2057406
-1975924
869202
-648884
-550431
-1119029
579567
1246589
86691
-985948
-595799
-1461859
-289957
-1023931
711212
-1442281
-1749170
-766921
-1803711
-600064
221340
-1457287
-1802588
-3045327
426442
-1336430
-1248414
345533
-2796230
-49905
776191
450372
438213
1633910
-1120315
322297
-2551851
-2580484
822486
753111
117774
1143331
-1110584
-1824199
342448
-1384215
104511
-612940
175861
1344544
-3229281
-842199
-1504878
-1610065
79766
-1626189
540476
-626465
-859072
-648854
-1087462
1230091
245103
-1944452
220032
-771379
1492887
106997
-2001423
-1240981
-1792768
386225
318370
1502109
-856202
-358808
-919989
-2268074
-1201543
-546415
299508
-1530691
1464774
603515
-16797
-2332710
-1399823
-1365942
1559778
593564
-1319971
-2768874
-2062242
-761334
-709537
781452
-153188
476936
616155
630284
-439280
-2384738
-2810350
-232046
-2055930
656106
-1999515
757960
-1778093
-1720591
-60974
-266144
-1476925
-796139
-1018090
964271
-166417
-694038
-222638
-381641
-2002853
-2576222
-58157
1248249
-2072504
214349
519638
-1173969
-2580908
-1124236
-111638
-647863
1299308
-10075
-1399567
-26434
88961
-804433
-1458100
403310
1281431
734538
-1977384
-302655
-1126610
-1044570
-757317
-671388
-982005
-2624931
428125
-2228737
-961250
-397101
-184765
787709
-269861
-1906877
-2800554
-1092322
-458346
-1178891
-2373246
-508766
-780459
367651
-2778120
-1840277
-641970
-795145
-99442
-16948
-381069
-1651177
-418874
-5405
94703
-2325197
-1641414
-2114830
-2192189
-1491816
-299741
292317
-1142047
-1847033
-791800
-348694
-1128667
1123713
-2414984
-266774
-14781
-157848
105859
527451
-1735985
-1460095
-1997978
-1962079
-1235727
-1159531
-1088196
-433085
-2389215
1316187
-271528
172728
-801452
-2097976
-773122
-1725957
822829
-1472470
-320085
-503330
-1273247
858813
1427161
603285
1124803
-9992
-307720
687772
-1629025
-3186291
-1552854
-1765693
-1771574
-72477
379632
-178699
-2557138
-1437595
-210121
-689513
-2085996
-877467
-2234662
336870
-1621378
1432290
-385829
-133005
-622956
-2174998
213861
-891932
-1298532
1207665
-516211
-1227934
262701
-1132264
-1605432
695685
-827856
-462344
-723122
-254706
107803
-2158566
-1237480
-1648693
-1028435
-409216
-2769903
462492
-1551006
-478318
85014
1833174
-97418
-117142
-1657945
-1272644
-230972
137162
992119
-1590989
-1429561
1020516
-2000302
425234
1081704
105745
-1625272
806274
16048
-454586
1301486
177146
-871460
763747
-1103245
-604865
-1465995
258029
-1819806
-3175060
-2131425
-74970
-2963182
-2376309
214390
557078
240662
-2524186
143847
-2134202
154867
-1067164
1696128
792922
587788
-2114730
-1952636
-86732
-537040
-475342
-1143547
-3047264
-1789257
-1844106
106930
827826
9240
117041
1147878
-444273
-2067566
458806
-3232894
-3082673
353215
-1103703
-1909559
208413
-1392315
-1653885
424892
-399509
-1507044
-3010959
-232876
-1206184
-172900
-1559071
1395645
-63456
-1044262
-1224911
-510100
-1395999
-287336
560374
1720740
-358061
-2246707
-1626976
-977909
-1648161
-747304
-2641767
1791465
-2216047
-126218
559487
-585838
148070
-2370434
-1365307
-723737
-289538
-753494
-570758
-463515
-1717603
-482154
-763216
-2226247
-1151589
-1516028
-1518772
-2783542
703978
-2187638
812619
-2349985
-671293
216253
-428524
-1147370
-924402
1376739
297162
-3248883
-502207
-8451
-1498630
-2143321
275572
1496001
-1503554
923051
108923
1334913
312265
632772
-567631
375577
-1207611
-1238818
532885
90175
-293905
-2139777
519970
-1860238
108395
-1987569
-1265163
-519347
-1200370
859724
-1170798
1694101
-2426856
-111270
10430
-1367341
-442245
-564629
-1120617
-193077
-1011154
-1893474
-751880
184875
-1358092
111196
319535
-1425507
-1531484
-2042305
-219405
25694
710451
-1615815
-101598
-357100
-168617
-39487
-438012
261814
-1203395
-544848
-770687
476719
1770880
-2433161
-3314557
451474
109046
-948212
-2217048
-301808
-2564038
-901735
-1939458
-1685707
-588622
-2492666
819644
-539905
203591
-999539
-2389167
-1537215
-460016
-1093613
-1024728
-2877477
-1597794
-1767549
-1127223
127244
-2554604
-446134
-2646440
-2738862
-509771
-685326
1735002
-1999901
347393
166045
-989955
