-3057338
-1637892
-865549
-42842
-3063773
-4870758
-3042616
-323384
-1727342
-3892121
-285367
-1633241
-795731
-1728058
416425
-676838
-2809899
120730
-231647
-3579367
-2273374
-3722236
193757
-4404324
-1989362
-1310454
-3656299
-56698
-1399687
-1959038
1074764
-3985400
-1432617
-540489
-715103
-1122399
-4818554
-1350348
-1224654
-2043302
-796692
-3097172
-3294504
655656
-3738662
184814
-2091470
-4040991
-3304250
-713974
-1261832
483198
-2436562
-2302598
-836559
-1870529
609313
-725909
-1330421
-488182
-3854883
-1206250
-1722402
-3151875
-3289010
-3730979
-2398403
-727882
-2547164
837395
-2787490
-916637
738997
-3536556
-3493209
136759
-2993713
-585388
-3595841
239983
-2664570
-1109455
-3797682
-870276
-3823506
-4051131
-1569295
-1457388
-1632560
-646961
-413445
-3023453
-377356
-1421149
-3300176
-56424
-3262703
-4071350
227614
-584239
-3311463
-1112350
554066
-4287939
-5073276
-4563414
-2223177
-208521
-378291
-1632619
-116948
-3962449
-3288509
-774789
-5720366
-1185544
-534111
-577230
-117886
-3315119
-1163538
40535
366612
-868108
-1668521
-549224
-3420108
-3038204
-636255
-2162126
-1152924
959820
-4057451
-2248839
-2217356
-350339
-191358
-1660401
3965
-2912111
392874
-5042399
105450
-2398612
-1480165
-1677958
2282242
-2292987
164058
-3180105
-1741787
-4045580
2003690
-1982076
-1753123
-1545858
-2455585
-2058017
-2170605
-1665137
-2467379
-474459
-219028
2414943
-934919
-412303
-493174
-2431957
-236560
-5577838
-744172
-1239043
1769912
-351616
-856739
-2916286
-2616027
-1464256
-953944
-1746432
-6430031
-981679
-2382257
-4176998
-2752810
-3140428
-1324751
-2041242
-1858940
-5434455
-4092212
-1801269
-3490558
-2895347
-8582
-472723
-2385931
-1663231
-899811
-519146
-1520124
-2768294
611275
108495
-2289230
-1593677
-350559
285069
-1108411
-193788
-1814877
-759004
-490281
-3258143
-1653595
-3355237
64976
-7189284
-3457499
-608402
-3027632
-2172621
-2480103
-3269637
-667720
881331
-3527380
-789120
332888
-1372989
-1212199
775691
-2975902
-950575
-4129635
-2582074
-1753586
-3855749
1602138
-1488280
-2528005
1225395
-3087368
-1599410
-3499514
-633491
409135
-4228655
-1146824
-1228647
-3490327
-4198186
186955
-4260113
737791
-1507927
1902813
-2542700
172606
-726519
-1498147
-1104575
-1381444
-2523256
-121906
-1050302
-1283570
-1071209
-159034
-143186
431499
-2673603
694751
-4650022
-117276
672269
1282346
-3298917
-3346088
-1813214
-663723
-1310803
-3953579
-7306223
-4485734
266798
-249131
-1865061
880861
-3423935
-232057
-16660
-6443165
-3840854
-1184804
-2005998
-3281854
-997706
-4714291
-235790
-260131
-2400884
-1860070
-2215642
-2744953
-727078
296085
-3131383
-123284
-1269208
-2959292
-3045770
-2484588
158834
-661594
-4601150
1515064
-5096578
-4251338
-374196
-4418485
-2198039
-548333
-826179
-2589139
-3388621
-2485703
780378
-3136605
-133855
-1990478
1305155
-1627967
472220
-2869969
-3316664
-770314
-2537505
492567
149704
71070
921887
-1236792
-4079243
-1881989
-2455639
-2901271
-1279258
-921881
-1599601
-2166532
-3419392
553205
-297244
-3182858
-1292711
-1507014
-2229134
-1590106
-2338034
-1477767
-1383676
-1200037
-2877042
-1292887
61843
5078
-2131637
-3986000
-658265
-1989352
-4627111
-823693
-3302232
-972609
-2197474
-3713010
-1230250
-3960645
2602034
-1822094
-3184421
-4308941
-2126208
-397799
-2101176
-2474408
1025093
-3182339
-1400358
-228284
-3317082
-235998
-1173111
-1125549
-3893324
-2068438
-3511031
-2799298
-1175564
-2092372
-1513468
-3954707
163055
-3326523
-3061870
-661599
-684038
-2065773
-1884771
-344931
-1358868
-766634
119012
738926
-3884724
-1440062
-2661967
-2703664
-624760
-4512284
1833027
-3894111
-2929733
924433
-795197
-3414250
-3554054
-427507
-1151218
395776
-417616
-1336112
1297094
-3198095
1642964
-5493639
-1965274
-4048799
-2611991
-952114
-3482247
-3385160
-4978358
-2190824
-3287154
-931600
-1982997
-2683619
-1946556
-1948494
-2786483
-4954888
