-4241559
815507
-2575574
-4571386
-4427431
2022569
-2700701
4446526
-811797
6038676
1186191
-4715423
-38163
2768056
-3891201
-4105726
-6133021
-1610538
-542020
374898
-5866647
-7321392
2705457
3344160
-5795818
246955
2119366
583586
2322321
505678
-3936462
234994
2693672
-3660670
3440275
-4737698
4464666
-93744
-1766189
1620103
4075485
-5798794
2190430
-4501907
167067
1239044
4362789
-6452784
3675116
-809881
631827
-4621677
5774673
-1225982
527446
-850179
-5127557
4937219
5878187
-1548176
198192
-6773250
-532838
-1414422
389677
3850328
-1074401
4639115
313599
87195
3416790
5064079
1689316
2111256
1651135
-5780404
-872338
-3815910
-892247
-1831415
-386125
-4281321
-853667
-1631507
-2214394
-4068589
8194036
-810609
31977
1069795
-380638
1231497
3541716
-904383
3466796
1089195
-956367
-1206638
-3269483
2836845
-5311615
-2178167
-4816774
-2983557
-3186093
-3022729
-3957607
-707546
-1052613
-2261913
937975
1576001
799743
511355
-157588
-4654957
699070
-2260118
2420174
835725
302829
177434
-4724440
-852374
-6797222
-3217463
-4256818
-4354897
486234
-3411047
1302276
-1013671
3367932
1754373
4737323
4035162
-999952
-1456594
-4230179
-2615887
203053
5767131
938940
-4553881
-3793016
-3815573
2263490
-385168
1728866
-3321811
-4304350
-4814985
-4810148
5209499
-3190239
-358681
-5522528
-6969480
-1079451
-1508411
1254000
164381
-3103686
-3198099
-253183
-1991789
1387827
4818670
-3674785
-5131459
490270
3014514
2475015
-3684445
1537527
-5746764
-4095030
-2551299
-2546739
1906612
-6693188
-5251592
-541328
589582
2356778
1171212
209573
2718097
-3480673
-247632
2747239
6760558
-1907848
-2614913
-813547
2411348
-6034202
2512741
-892312
-493713
-2211880
257957
-3292142
-1725932
-5396294
1147063
-4837700
857394
-514135
2090232
-5289862
2209815
1680198
-3603678
3715065
-1588574
677130
1871802
-4775114
-617190
-3598908
-1966333
-1412277
-661276
3918675
183030
-5158744
-1680301
-2615835
4078983
2928121
-502751
-4584083
-594025
-3304
755721
189289
-1540804
-5649342
-4884952
1041593
-1562054
1475292
-3156580
2665720
-4898038
2875899
1134340
-383772
1892358
4120331
3350746
1786206
443333
599549
3912506
1852222
-3620399
-2079106
-246250
-1038114
-3431760
2098721
-5339171
183698
-1676060
285274
-2222191
729696
838081
-323983
1892610
3634340
-1336341
-367932
814605
4492747
-3716903
2711427
-2881142
-358675
1603502
-969945
-2501626
5137687
-2048554
2011302
2668533
2318211
-6811104
-697531
4284185
-1502009
-6257119
1051882
4395295
1018117
2286084
-3691316
2107723
-912042
-5228398
1505716
3486769
-135732
706520
1586002
-1676231
-51845
-1921926
725809
1334882
-1984207
1955186
-6102868
-164875
-196833
-552850
-417296
-4170894
-1371967
2505121
37973
-2224443
1913437
1404598
-691635
-6983103
256712
7501561
-1683376
-606821
2577632
-5793990
1137537
-812488
938335
-5986421
1173487
393563
-1692700
1657789
-1942377
-3725525
2820257
2575461
-2095435
2477078
1665388
-2588109
-4875852
-1970686
3435012
2697399
4736325
-626384
-1163875
38420
3847563
2395027
-5519478
5530626
-4566372
-885872
-364850
-6099208
551
2106110
3129880
2045451
6006496
-2864270
985614
-2690260
1366039
-5623102
216210
3707290
-2093791
6544956
657679
4388444
7418762
-6104789
-173969
-2919969
2091049
-1236297
-2776764
-1241221
-937589
-5343078
-1712736
2700501
774030
1904851
1117512
-3734515
-2584552
-3088004
-4837058
744323
-96235
5012949
-2516411
-4780357
360296
-2169311
1166761
2387988
-1914742
1089178
1750316
-5114276
-482175
3935775
-510291
1332165
6088201
4702136
-1769864
-1395961
442217
-4024884
-211949
5610978
5204885
651104
-185051
3716778
-1312372
-2537220
2226476
2106009
-1120075
1343773
2115920
4516302
136129
4214367
-4008059
-3892827
-2501917
-5786707
-483490
4444337
-3476304
-100710
3590600
-1650696
2065045
1306187
-1218583
4619975
-3281427
175916
-425339
-1175317
-6530690
-4539765
1154559
-3996792
3579525
5128100
5021529
-1071017
-5076654
-2970721
-12620
-3637849
418878
607443
-642399
3348155
-2579353
1187491
-566893
3478276
-1813464
575812
2045252
-4306585
4822907
-5522837
-934120
1961727
191705
68465
-3522863
3004214
-4784019
-620850
745860
3186383
6548168
-270621
-3398748
-974105
-5769228
855132
-5638200
3315226
-310570
-2075559
-687529
5605651
2585734
-2920030
-5098044
-2071807
-4815306
-6192659
2438689
-1212363
3715802
-603020
-5826591
3069993
4742738
2043485
-336598
3508737
3825006
4786941
-1894555
-5962581
1880381
3228896
864205
2665579
3280793
1300871
-3080789
-410761
-2969157
-2146901
-154009
1610008
-1030106
-1374387
1231665
-741311
-3761590
-48255
-1153062
-2354315
-863572
3793162
5233120
-1691208
-4964198
1401763
-3274425
-3232226
-105572
182991
-1320871
-3804501
4348623
-2548514
5936069
793751
-2133255
-935432
2948675
-738350
922500
-4645016
1309336
3637289
1815024
2440462
2557594
2060348
-4236370
410155
1653572
2436860
1737791
1533488
-2744732
3429299
-724341
-5004400
516476
3901019
-5345572
-235296
248753
1471052
1077985
-2861452
1449896
3271634
-1389693
-2170001
2252107
-6046035
-3596086
-174058
-3055497
-2425778
-3598771
1629483
-5818520
-107138
436297
4464904
4438085
-4781814
5501522
6041971
5369384
469190
-2894864
-168328
4098578
3344661
-2707088
-5805004
1547766
2487913
-5679736
-6306626
1168217
-2454604
707074
-5208802
914779
-6781855
-886737
-2501414
-675125
-1163213
4202346
1174393
-2047373
658593
-534442
-4977405
-6818440
-3487915
-3085749
274242
-4154398
1563520
232421
2967080
-252726
-5211577
262375
3256243
3909330
-3987368
1548097
6533037
-5086019
-2263286
-1536611
-3233013
-481514
4305614
3846578
6571465
821690
-321456
1466161
-182513
1451913
-5767468
1341914
-2525319
345279
8362079
-5517445
1128973
1469514
4636265
5122976
-5568180
2977305
549429
-2387053
685714
22362
6180542
1717234
184038
1340118
-925727
-4448022
-524299
-4381167
-1512616
3473975
-1779840
68449
4540948
5954121
5775812
-1431098
-6468129
-6140009
212020
-6042060
2430914
-4122589
-2796046
-5732859
1477822
1370035
400903
-5615300
-2895255
643827
-4658140
-4725807
3432269
-2518819
-1084469
1689550
-3544869
-5024577
4342911
-3294186
-5287100
5575033
6445900
-1178236
-1560469
3482535
-4354958
-4811711
-520002
-4652044
-3814686
-2803335
876845
5392445
2510613
-704812
362313
-6059044
2017804
2456583
-2118071
128287
-3010081
-5183607
-140561
2572827
-3094255
-908177
20426
-4213959
-3960024
-3943013
5235908
471381
-16549
1001316
-185676
-859807
-673799
-3751854
-4308859
-312419
6668667
-162866
-4216540
-456159
1441489
-91837
356672
3565911
5384430
-994997
4683008
-650622
-903859
-905363
-1580128
-2975095
4064260
4218409
2666895
4637956
1063441
96600
-3292806
-2037562
-4953385
885342
-2763960
-1552061
-7642161
3273668
-1627103
1411214
2143804
-4946475
1759783
257467
-4603830
-1260287
1975719
-1551869
-44586
-2455903
6623528
1674240
6049973
230633
1614395
-3445340
-5462604
1764575
-208996
-1518693
-525710
-3548530
1775123
-2222355
1289051
5487923
-5544079
-2724385
-797239
3198452
933006
234409
-4233197
-5007435
-1332928
3678281
-7106146
-2138664
5885790
-6628181
4267450
2834060
-6837016
-507807
-3972126
-4134308
-4487396
-2787890
-2083830
-2888351
1362221
636753
-4946344
-2718441
4821017
1164775
2075270
-267333
-5126899
7744353
6354711
-1114379
-2308637
-4634086
1165282
112918
-1381494
716935
956883
-2882073
3026082
-17679
-23632
-1846444
-925524
-2875576
2002047
-41084
-655459
5006539
-4097501
-1599817
-2553299
1375575
-4568915
2024734
-4812138
756777
-453769
1040354
-3230244
-4420907
-4659650
3004818
4556792
-4689191
-3043514
4302630
2145439
193363
-2236736
-4594016
221953
961777
700516
5536857
1243693
-1668391
2168329
-957576
3367828
-1743843
2991784
3590733
-3765963
-3194467
-2735579
4675236
1307071
-4590670
8063
1134433
5319699
-3442615
-360701
1965805
-1172302
-570962
2712468
3314776
-242290
1569289
-2942028
660114
-2151077
-2196533
1514083
2761935
-1025337
-5868914
423366
4428335
3080689
7371088
1930992
2426161
2299311
2732701
6132225
3064008
-7039160
3137324
253235
-1182509
4605154
949954
1268287
-215189
4751336
-1943986
-470620
4135254
4045289
2365900
-1196871
3353952
-6057864
-6197223
-5444563
-1063312
6469340
4085434
1978406
2044701
-207459
-326067
2576782
-1873400
-977911
-989913
-1070207
-591663
-2426864
4011615
-1363172
-224649
4729922
1210304
-5304482
-6162965
3917893
3600970
-622434
120138
159166
7442480
-2855080
2815404
1734303
-5573133
-1113064
431761
-1268516
-2476704
-3996854
-1906522
-8687
-5297444
7345340
-2507374
-1343252
3788232
1719248
429401
-5436633
-617200
-3103527
2198044
5424150
-4888461
284197
-2622866
-2116463
6114999
-87512
5554555
-5004511
2702443
-233839
-983606
2713911
-1640957
140780
-5579523
-1368625
-3922037
-2125506
2776657
1662716
-36530
1297914
1017293
1593536
-2402424
-1964922
-1088255
-1155270
1171150
655425
3093410
-870759
335681
2349200
-20189
-3017510
2383671
-2594420
-757957
-1859180
2077500
-695974
7053753
-976783
-3213227
6515842
-1754735
2269987
-282840
-1495451
-548326
2090906
-1316840
-4722581
1435368
-4132947
-4028114
1221492
-726548
-550504
-5015787
-3183006
1330599
618487
2227530
-1448036
-49707
784920
3114636
-3681970
870970
-1515226
1224068
5978060
-7944835
-2048194
899143
-1393840
-2839595
1665925
2191319
-3847003
-1866435
-5501402
-4196223
-1011981
-2209345
3559711
-4847566
5714074
4153632
560177
5792453
-7511296
230029
554865
241095
-5960687
1886975
4094399
3970605
1298345
5795525
-5424741
1565385
1133720
1970852
-4007910
-1343782
1947518
-4631476
1359800
-1422688
3194663
1894577
6293511
1547942
1024992
57344
-205566
732456
6306899
-4296716
-4713504
2026911
-1680444
-3195631
-1431894
-993657
-5537141
-2664204
238335
-4330173
-1719673
2220671
-2987564
884190
-254482
-412100
-6107043
4519486
1951784
4010011
-3890309
2116071
6813191
-6927479
-6716205
-101346
-4145791
-526022
-1597352
269310
-2040132
-62047
-2835436
-5273301
2424024
-2167250
-144942
5153120
526911
-6448808
-432297
-3003897
1092514
-7139062
5774480
-5005480
-4890128
629734
2372352
479687
469231
-849620
-3760674
354084
293346
-5012098
3107227
-116390
5323991
2769220
596592
-6270860
1503290
4518685
275121
1312447
3593482
-1361586
-34704
-5328933
-5190214
1292571
3519503
-5534524
1641131
2445742
-822625
-2239637
-5516239
-2376415
-190676
1628487
-4174887
4040598
5500664
-4024802
-3677804
2195486
-1650664
1382866
-5525938
3751267
-1989923
-4633088
5178757
-1653762
468329
-319452
4048893
-4416247
392370
-2934397
1081256
6185391
-1237171
-5674808
1304646
1621903
-23628
-1223359
3778997
3316481
2036594
-7921270
1053556
2411929
-4456599
-5498782
-15739
-2759818
2696554
-3754337
-5436455
1371024
3696489
-122320
141493
-5692521
-1206961
502050
2285568
-2104183
-895772
-4820515
-2335123
2003710
2139103
-539107
1754330
-3446921
638574
-2733340
29627
-3815882
-6344257
-3514737
-1263363
1329385
2412586
-6035634
1600111
984600
1187491
-1059015
-2371438
-2127040
-353384
-1364918
-809299
2850770
945992
652920
1710717
2049654
2005351
-1403161
50601
2315814
-3534406
4768554
-4582528
-1855375
-4270501
-2750060
-3656708
863807
3107524
972392
-2665089
-826329
1638096
-1458414
-1923607
1556810
-2926507
948362
2301147
931146
3763241
138772
-1582939
-2744033
2797870
956680
-1455816
5847903
-2683591
1135330
-96485
-7986110
-2284523
-268326
-3946714
-2776121
-1412024
60380
1883043
-231333
-5292600
1412121
1733865
-3453741
-213327
-2544909
-3005834
-4514602
-3533362
2346302
-1213494
-5115088
-5729157
-3339166
3056901
1727829
-4171864
4195273
-115706
-296305
-3259939
-3590776
1321939
-3773321
6358733
-85718
2841338
-2093106
-5482544
-236884
4320109
245327
1916936
-163463
-2745793
3962751
-794222
2768712
550818
-5374704
-7694072
3579045
1974221
-3889148
-1622251
102042
-7188156
-3634266
-2398553
-350698
-171248
-4905172
451766
-1173833
-635565
-4324182
-4935323
1440240
-979673
3601824
-5040128
2005335
-1836081
-2970921
1781804
1900635
2018611
147270
-2708621
1195127
-5253190
-245133
-308115
-1152678
-4255139
4224282
-4630295
2224806
967190
2954000
1286128
-851079
1551678
5643674
4593639
-5327553
5115488
532847
1463839
-5724323
3505374
-1615327
7190661
583419
893916
2897347
-1395141
-2973729
505951
-393310
1319386
356207
1521549
574515
4273495
-257400
2483651
752461
698023
-2586409
-4215895
2726246
-5423343
4555365
247524
1861566
764686
2046200
-540619
735085
-1474838
-153699
-2610096
-4074354
-576882
-6219593
505838
2403836
1847329
1746763
5167943
-5417594
2192226
-186479
1050531
3159249
-2969507
990807
-1936310
-885501
-506376
197496
174792
-4468890
201852
-551153
2242376
-138153
-53058
-2435637
5190332
-6455385
1918113
-656112
220069
-4070963
560919
2242311
2012095
-5459538
490781
2838655
1199671
2861434
5361381
-2690795
1167802
760229
-191214
-3084488
-3172205
291920
-6164631
2011155
-5438842
1113470
-3581065
-3341544
-5033114
1515050
-939005
4199093
2665357
4528773
2307774
87967
1222000
796575
-3856342
-2779044
-1268246
334249
1838817
-1334340
-66404
3846325
-4725870
3051057
2321564
-3615758
4608547
-2153063
1203621
6945717
727924
206708
228496
1107886
1529354
-1791664
90693
1039251
-2625671
97748
-5004838
-354558
2046028
1530426
-4424094
-2504210
-93654
3183476
1643919
5545980
769781
-6144721
-4959591
4755423
5495764
-2000686
-1910981
2490304
-2026277
2294267
-1503641
3004394
2100472
-637707
332659
1161297
-4204662
-7266341
-2885431
-5380478
2602016
-4831696
-1555192
-474634
103435
-1906708
-131
4248333
4841412
-3045924
2650288
-3103437
2681608
-906934
-5861489
-484971
-5233347
122707
1253398
-4788044
600121
4514953
2972252
-762861
2039545
887796
-530298
20412
-3620631
-4390914
-1054280
-1137970
4681764
-3251596
-4534776
4037736
5058338
626575
132851
4143526
-3011493
-5073173
5635909
2727537
-2508897
-7135284
-564041
621593
715049
2141388
2153087
1718844
-3569043
-540576
3575684
-4770991
4692453
-21113
-1307504
-441485
1904576
-3467742
1629149
-7540183
-2237566
-5271574
4630254
912292
4892296
-2904918
-1474845
-2823293
-1121753
-1698203
3592904
3010669
5588033
-4175815
-3583589
-7803378
-4640317
-2993672
-3665766
-3729641
-5834886
-4861859
-386618
1397206
1299241
-4782488
3257260
-2960401
-1523042
122428
633488
-2359439
-4460775
458185
1549597
1962931
415963
4477237
1826976
3502899
-115973
4396355
-5833626
-5033005
-1303931
-783939
-5490516
-3161412
1924292
-1854883
5020672
3347152
-253237
-2656705
-3920101
1739702
606481
358945
-819717
2440956
1497291
-3097764
3025012
-6444312
72865
-234319
-2753032
-6429793
-4988282
-3846297
4090058
1098232
-7856598
725574
-2549390
279757
4028661
-2281282
-102508
-2672935
1404529
-5244858
2364927
-4260759
1927145
984302
-5203950
4275087
-590596
-583874
-726725
-2731515
-3477156
1682205
3543855
-4842128
1673236
1451557
518090
-6740003
1298473
3947840
3601336
3939825
-170642
1244003
1590740
-3872277
-2584388
1011784
2292574
2713492
3452828
6191341
4780186
-4092784
-4283889
-1522497
-3479602
-678905
2766363
-7362160
-446043
-5022165
-866946
345319
-3233434
10313
1233061
3507167
-3892965
-3902996
1203809
321901
-4686418
1104448
1187729
4213896
4054013
1269480
1853628
2668115
-1122924
-4336276
3219542
1601662
-5216895
-591267
2625272
-2757026
2626030
-94595
3390628
123364
1003238
-930492
-933669
-3377099
-3070238
-463529
-4382869
-4831449
85854
-4877902
-6317672
-1528936
-1455277
-3162036
487186
-791778
-6245020
13155
1939332
543759
-6500241
-1097443
-497245
1939539
-1577727
3617928
-1603485
-4035004
5964157
-7634603
-3846761
4615604
-958341
-4283683
-2613935
1745897
-3247285
889153
-1979661
-4693964
-7079066
605224
-743027
6153041
2986021
-99234
-1275913
172139
-6355039
-4724053
4406902
542023
-469294
1185378
3166581
863026
731517
-3582130
5423340
6107601
-1340745
-5010645
394982
-2799276
-5756979
4145856
-6141395
3712721
2570403
3224050
2568257
-1992520
3047736
345085
-138547
2487116
5655650
-5225304
863670
-3535332
-2845871
-3963705
-2426688
-3039101
-3107912
-3700468
-2507321
-4660247
1919503
2809594
4512337
-1819603
-3157154
3098391
614792
1693752
108877
-1528195
-405958
-4636267
2263375
-1236207
-323269
2213044
-1707473
-1142549
5153609
4609522
-2749757
940620
1573852
-3130782
243882
-4833678
-444258
-4278142
-941531
-5714991
3372339
1461122
33762
74580
420137
-1643151
-4875854
29428
1770780
-7194794
-3079928
1239270
-6611284
2448747
1352287
2861254
606110
-2404611
1303299
-4864427
2803658
-6299864
78172
3906920
4187077
-6634592
3326739
1640595
648469
232293
3338068
-586370
-7740800
-1155939
-3075155
-8051277
2148301
1622093
7238044
-3431333
-3364263
-3784056
4059158
-5646752
6115652
1635073
1874661
4731873
-4398785
-3171622
1070317
408767
3550433
-3998037
801908
2311315
2311815
-4881794
190180
-4781872
4508012
-123954
956687
923807
4951153
1270673
325961
-1015562
3840791
-574956
-821473
-685310
2167637
-5562637
-3828721
-5611461
4585251
1784550
-7404954
5789275
727097
-4873226
1006047
1249409
-6007692
-4207586
4832760
4352079
-535366
2566910
-465167
-5957607
-5457526
-2976630
-2825409
3842921
-4428515
-2410663
-2013706
-1220694
596047
1045973
6364032
19296
-892422
2153131
5597640
-5654400
2047348
4225864
330989
4151081
-4595529
5593979
138355
-2246356
-830038
-3007362
-1119935
-1525156
-856916
-3029681
484430
-574371
2453672
-2765584
-295978
1251240
-1282884
-513036
-2398537
-1868862
700379
-2258519
2261032
-5214155
-3212084
-3040841
-1196522
5430431
-1860832
2324492
-3817324
1035164
-4391914
-1797089
1825151
3937271
-3060711
-2400621
-5936740
-2457089
5117955
47367
-3894246
593649
-1772102
-4048273
6657766
-2693182
-633454
-1428455
-3424653
-5012199
-125868
-3279490
-7817558
1979884
-7400584
2612653
-3041026
309264
2872941
3672499
426963
1650459
-932200
-3201825
3350090
-4956344
1515484
1848473
7346927
1053979
-3212087
-1576877
2956564
-1840000
2219546
924604
3873871
-5832872
-1758765
-2691591
3877616
1977753
-1704479
1048334
1066806
-1905434
2822722
2759601
-4265561
-2392572
-3760982
3484744
-3791689
204638
-3975017
-3899804
2219791
-5452495
621571
1598304
-3761394
-2592975
3938622
-1314775
-4941168
2327859
-7147676
-5212616
1504300
-945642
763220
3439056
-3080997
2713672
1355453
2779193
1741261
2743690
-6073601
5758882
-2747909
-1611018
-4760664
-3250729
-1233499
-6181128
4768272
-5770239
-5727736
3146515
-2543834
2160903
3035973
-654671
2411095
-4924981
-1046710
1229948
-700393
2086035
-4522420
703543
-2594886
3577477
2615996
-484813
-4139326
1554242
-3654831
-912280
-5511836
5758121
-5200743
-2974680
-3032127
749116
-293409
3680010
-4500803
6665633
3647306
-4620108
-2095304
-4218657
-6693522
1570584
2153491
-176239
-524873
-1987597
1078347
1689787
-3259645
-5564403
-4653097
-6036883
1484268
-1729710
1338233
1022693
-5865951
3300759
-1227450
-1657571
2744836
-5049441
-6075468
-7438417
-172394
2068196
4081174
417099
-5303033
-6570284
4039988
1174638
-2733458
-2063393
-2997681
3106644
3878331
2398290
3854759
-1685875
-193302
-3163886
-7361748
1349204
-2229115
3033150
2625509
-4931372
770242
-4221653
-1658822
-456620
2237754
-3226612
-5214735
4825557
1542245
-551620
-279215
-1966278
-6541335
-4351122
-381967
-611028
5701817
-2413757
2022077
-169303
566508
-1261532
-1003101
2709632
1204537
276902
6521200
-3731636
-1657268
6032526
-5707383
-1453210
-6246138
2417787
-5505801
807254
5208926
-230217
963275
-3059659
783501
-4996348
-7484789
3102666
1740370
3365350
-2292460
-3071414
2576234
-4810681
-5047267
240183
2047501
3588545
5547961
-531762
-1886629
254005
630304
2237060
-3856269
-3517060
-2912684
479299
198557
-2455216
-2780724
-1710943
1194477
-6409194
4302305
609700
2276351
-6426180
-1348589
3198090
1947525
-718505
389363
-1629147
-805096
3492122
-5735977
2208730
1748146
-2176312
2694410
-280840
1655823
-673996
-2322973
-2402973
-4267833
-2260815
-3636026
232122
-1997886
1331251
2324705
4873007
-3202660
3331738
-3976325
1827395
-803582
796885
-2822250
-5485369
-3265707
-2844316
275212
-2773593
1943472
3773926
2073238
3654844
-1692148
-4226721
1428261
922282
4052255
49840
-1827319
-5112106
3454233
-6164428
588705
-2064028
3287529
2892394
1991364
2454634
4039057
38622
-5332854
4271683
391474
-5616988
1794854
267550
-1777775
1908931
-952909
975989
-6212428
-2122474
-68752
1743443
182536
4026288
-1538445
-5487739
-14766
-3732809
-3102404
-44389
4677263
3946892
1303469
-7016485
-1386461
-242097
3280176
799831
-1294641
891808
5742614
-3100718
1917260
291527
-1309874
-3258861
-363538
-832445
1717542
3101398
1484973
5690297
-220741
-2595705
-5161718
468138
1315405
-4481707
-5654882
92359
-4550669
-5038431
-5067438
-3737044
-4255894
4465946
4223186
782021
554869
-3785378
4520434
-2122527
-2897524
-4784262
-2207882
7102291
3936836
5340482
-1692705
1344415
-179535
183970
-3649016
4315654
2309011
2062662
-5021411
-4323135
311961
112119
-955865
-2261951
2155195
-504361
1170637
458834
-2914813
527831
-2503328
588269
-6007242
1625274
-4539230
303199
2850190
-2487416
-284250
-701810
-3305252
-106575
-2570926
5343472
347831
222927
-2718157
-6531226
5687882
-2023301
1396806
2773299
2547347
-2467403
935363
-898199
985388
466358
-355501
2151228
-4778020
687803
5046285
-1265080
230801
2093043
4407780
1788075
-1366327
-4861769
-2453118
-6798781
3830450
1688185
-1364801
-3482440
-6191041
-2674757
1532578
-1343483
1379626
-2798047
-623421
-1830397
3753864
-2051876
-2946481
1532550
841497
-5532515
-4691297
6230487
-3950488
-6729551
1642017
976146
-648241
-901130
-5327206
1307036
313653
-527163
-1430857
1785200
-4209546
2950381
2309650
-5648909
3896427
-2855018
-4426938
3661758
-2982861
1732471
-69069
-3496672
-1338974
-2436108
708490
2738314
2285344
5774034
1166169
-4599121
767577
4240785
-1855674
936775
-3378733
-4916766
240248
1750746
1721639
2652746
-2587647
1737856
-635062
-2492272
-3729068
-361051
-1137921
-4810153
-3228433
1871488
336088
567544
-5750476
2119747
862139
3859270
-3452042
1634574
730658
-3350432
-3725444
5314576
-3502832
-5732691
2717514
-4302550
629940
323929
-2562817
-57583
744296
469425
2376520
2054571
509933
-2470669
27130
104551
1705432
-3798559
248772
3554805
3408377
-591963
-3116556
1251888
3914506
-1511009
-802775
-7649500
-1651167
3414309
114657
495980
4545314
4286020
321842
6708919
1359394
-383133
-5003366
-943552
-2256645
-3430829
6045175
-3579605
-4407632
-3336113
907005
-4024844
-7762289
-2165683
4248253
-5036745
-1774519
997118
4475398
281197
6218758
4237121
904375
559921
-523836
-4768001
-3263809
2492562
-5722531
5507803
-148131
3108229
1713711
-2620917
149018
-1117279
1712094
-3055586
-999593
-2844178
2813008
-7199202
1504835
3212250
-616786
741303
5703202
1444014
-5827015
-2888457
251865
-464428
2519253
-938654
-4177763
3006464
3980553
-3330953
5803580
1582596
3650178
3051460
334662
5884766
1704416
-167965
-999634
-391378
4058446
-2825327
6466459
-3415562
-2781770
1940415
-238037
-2915621
-363056
653174
3182432
-6414750
2160298
1634977
3268365
3556710
232917
-5047436
-1242911
601649
-3993373
-4666574
-1449204
4255552
-2671055
-166672
-4705222
-3678498
1887886
5159433
-335209
-4692123
582085
-423224
1524929
3202800
-5390749
2533018
2228954
734602
-5405717
895523
-680232
-1041320
-3825149
1227214
-2524450
1925164
-1919604
-6082663
-1318334
-6062546
4746893
610619
4184058
2429882
-2643668
3007509
344355
4242286
-5907971
-4415230
-3783769
-5838579
220828
-1171420
-1610850
1294615
178478
1290264
1659720
2111340
-507578
848260
2765351
5216495
2177114
977214
-628826
3918970
224142
1740263
-3208180
1906051
-5940823
949870
-524501
3637671
1163308
-1993521
4480332
3126765
-2186132
878408
-5982221
-4065086
4704794
1054674
-813498
4543824
-4893628
-2262914
5102152
-4023378
-5998290
586855
1013472
4078640
-3689208
3664197
4028235
3154743
1037943
-2110160
2200186
1861283
-3024401
1524515
988046
1068635
3940395
4696167
3356650
3804208
250231
-2021477
-897857
6079849
3581565
-31736
-771833
-322277
2886391
-605415
1023395
-2608996
-1451211
1351953
2748872
1594418
156239
1296270
12302
3647517
-2247431
87055
-6427172
-4947849
503824
-1302908
-4839824
-2126979
-5972057
-2225546
969120
-1895353
-3665545
1768105
-4050729
-35793
-5685217
-1066581
4287794
-148853
-694820
-39552
3148259
-92606
-3666108
-657687
1260208
1523996
-5319846
-3660827
-5093845
-7472597
-5058729
-118102
-812037
1780507
-1100124
673411
930249
-482562
-1414597
5498168
1225500
-6648318
6443010
3807128
-3194307
-4008828
-2139192
4918938
-1025129
716794
-69118
502021
4910944
-1855073
-2025440
-4762783
-3520856
4160792
-5548998
1433721
1038224
-1408427
-2144523
-5024019
-7077531
-5289614
4083738
3484548
3456105
3698543
4430547
-2237672
-4744212
-713096
-4098176
3910040
-2899619
27162
4914011
3642366
1711955
1545447
-2168400
-3808860
-6157798
1705469
916535
832869
179123
191885
695557
2395081
5550908
623784
740985
5712736
655225
-384572
1241473
-1299136
298657
1173275
158253
-942381
-6133259
1426396
2638454
417256
-3616444
303687
-2299507
-4089682
1704403
5868760
-5109730
184470
1172170
1672945
-1457401
1938561
2386117
1267639
5568140
429725
-3820026
-3596537
1063720
-715520
3835222
3084184
-2766876
-4305041
1594224
-4317052
-5518723
-4725818
218060
-6251500
7408058
490266
1311951
100967
-1471271
705869
-223968
-5135984
3707854
1353049
-858368
-278438
1032743
5617756
1914637
2109737
-310110
-200981
-4806749
4472989
-2830260
-3580110
-310537
2765242
2911440
1064733
-894
-17422
1333167
2095574
-1444280
-5338280
-3354673
5426740
-4198872
-1677833
-1035406
-789538
1401631
473201
-223788
-536076
-1916876
2117656
3344199
2878979
1990741
-3174767
2584272
-82077
-3402765
4422234
-105001
2541370
4677366
-3250541
-1855264
-4951007
2190254
-2356312
2459257
-3684799
-3276078
-6516541
-1668269
2201630
4112700
4053371
75828
-957795
-1602685
446064
6029198
2062650
-5426623
3448316
664484
-4241122
-6167754
-1067062
-5250583
2274131
-97969
-1731110
-2278235
-98652
1418816
-4243834
-3793954
-3441747
3892126
590236
-1193854
2418717
1362495
3447467
2429902
2246461
4108453
-3510462
-1113639
2474303
1441736
2304979
-412464
872564
-4778913
2304458
-6386607
-1724091
904328
1282510
3125548
-96650
1373871
-3753596
-5563150
-4720459
1687093
-36921
-551774
-6939309
-1799641
-5934756
62308
-5644098
-642680
1413460
-2116377
-1827068
-4672154
1231265
2151194
4263084
-2350666
-4886572
-2043771
2478418
3252179
4375331
-1757623
-1810237
-5956465
-1689908
-1346321
-4484462
3755
651425
-4308764
4176465
-4729563
-591926
-2501460
591979
-5473748
568496
1902377
2080499
-6721869
-4346905
2186834
-4035429
-60162
-34361
-2599429
-2777721
-404310
385927
1239256
-3887394
-1425821
-1781998
-6641108
-2946015
-4170181
1103667
121546
2855868
-590122
1989163
-1699822
-5237323
1052563
2592633
-7245600
-5868543
-1455025
-3643062
2760111
-5069667
1071278
1994177
-4726924
-1028252
717990
2032262
2931272
-2805292
6205020
1136588
7356494
-4239431
2403179
-377887
-88809
2931887
-411544
-1285702
851116
-242059
-4563732
-1659058
2448476
-854946
-2085057
290021
3665490
-2346127
-4213544
-3278857
1713248
-2658137
4037795
4226540
6539654
2482341
996166
-2014957
-120867
1815017
6783521
1370965
4455350
2217272
-1127855
1485403
2802865
-96814
345845
-2356949
2168193
-2715088
-95819
-3780530
-5218708
-2809163
2599418
199453
-85998
-53422
1086845
-3596009
-6449212
836619
-2194753
-2830654
796492
2235564
2110364
-1126609
-3325744
1565478
-3585373
-987294
-479416
-4933202
562405
213012
2920278
4652620
-5547746
544383
-4100726
-6179207
814385
-2390321
-4079779
-337643
-6526515
3863851
-4808463
1370937
-5386616
3097520
-4731929
-4779207
-2371623
-604998
-1855161
-259406
-675483
118411
-1679751
-1534928
1062185
-4168743
-701873
-797791
-6274223
5436584
1750437
4156943
123559
2189786
1584044
-5663173
3660538
567583
-4477202
5756089
-6921
-7484178
4579286
-2595475
-4046695
1597626
2004624
-423222
3393464
2417099
7499604
-1339553
3746356
5298987
-1763215
-2895007
-190768
2347034
4588695
4380781
-3390897
1418436
-2486314
1247752
6219040
-4684406
3566874
-110340
-799814
713428
1202337
-3929168
-4672329
-699401
-3083340
169690
-591880
-7374822
1737459
-2296022
5197854
-6736197
958725
-508500
-2144172
-5499003
3023724
1493360
-138425
3215955
2954022
-2932903
-3595419
5173773
2449765
-2060176
-6400935
7831984
3993315
1391066
-4615131
-743395
1980144
-1635412
5537141
2534271
-845934
473041
-1231515
-462637
601239
-7281639
-3922306
3105647
-4304687
2056837
-1740910
310574
-6311879
1849573
2602570
408632
2424115
5239208
-168735
-1841913
1346941
2501405
-2255124
-5869866
-606438
2109065
-5191920
504789
3618678
1277033
2793040
373083
1988963
-3017633
-5868550
5360204
4528436
-157955
-2785331
-2841243
4291349
2979501
384892
-1362184
4255430
-1518412
-2735046
-761647
342968
-5475401
2438498
747595
-4078670
7373431
-383543
-18757
-935298
6716412
-2118620
-2394453
-4660106
4516178
4904276
-6012262
1138415
-993649
-1981023
-2854381
-4064962
-1902913
-3012871
238174
2582165
2427538
-5169860
5812552
2407514
1118153
1489466
-445156
-1568538
-238688
-1222719
-693146
370004
6940792
3481730
3534925
-275721
-158134
2131979
-6099817
-629776
-2445691
299954
-4591376
927724
1190670
4775235
-5855923
242961
4341590
-962730
-1962409
191282
4244663
-5898174
872540
-3262299
-7113725
418888
-1214469
1666190
-6443439
-43862
-4260374
-4344567
-1931590
-5524052
-952934
-912546
2178994
3043234
879847
-1465411
475503
6823082
776943
-5924962
3266408
2194250
-3360543
7904605
-1668739
-2211558
-5058982
2590154
-1848858
1983123
4527090
4548587
-5355774
1442065
6289022
-159732
-3161102
4913854
-1638141
-5668820
1510723
-3259614
-4794865
508812
-526524
-3460350
-3643394
1229246
567619
1048514
5267592
1914729
4453838
-4825188
3993192
-2512577
-5297832
-4517114
-1464202
-158886
-597136
-1800529
3040567
-4014711
-2508767
910205
652117
-2950757
477263
226552
-2565260
1634480
1063958
151888
-4977764
-3475323
1993130
-3728768
-6361177
615318
3064237
-1106866
-2040034
1035353
-2208958
-5060613
3027438
-1938186
-2095791
-4719781
1419942
-5648708
-2791864
2381279
2461201
-888666
-549383
-4785064
-6059351
-96099
-6145395
163622
5848439
-3695513
-1650219
-88861
-954600
915739
-3899972
-1198282
5350228
-3598320
-799654
-5862361
3484494
-2665830
5479522
818799
2492775
-3209704
3590944
390757
2966997
2435764
419581
685272
-3842407
-4302646
-970545
-7424961
2796648
-8144090
1150601
705640
-506243
880624
-5992273
-6799887
3338315
-4759180
3859485
-3329637
-1547748
-3652822
-4634090
-998431
99836
7666559
-1534351
-5403736
1029380
-868747
-4868652
4154954
-2542658
-1476914
-2272408
-1185214
-3503205
-2896516
3274782
3679294
-853386
-4583699
1558723
386136
2654631
-4194146
-4297892
-310320
1326324
2064273
-3085407
2462
-2164178
-6128365
1555661
-1043557
-1550322
847444
2683790
-4258494
-5783881
-6639288
-3929134
-297249
2804207
-382416
-818206
-3628323
4252265
-4132528
4211256
-4206938
1664047
3023850
3701556
-3106979
3439157
7124470
-3522810
-1757384
4190936
1991056
-3813806
-3814857
-2893157
1327908
-6347411
-516575
-4466626
696559
5297331
4188168
-4310151
2423142
4618820
-3840951
25586
-4165317
-1968335
1539818
-3433986
-788082
-704977
3785662
-3225088
-5620032
1217175
513540
-3889838
25401
1045221
6808241
1556466
8054053
6604028
-3301140
-396981
-1253585
-453336
4746732
-61607
-892847
6223259
-1972620
5313258
1834573
5016421
-4824038
-1053006
-6262816
2793590
-3046731
-2760136
2924819
3040480
4515274
5668797
4154265
2147123
1673975
6777622
-2812670
-2609565
410107
865394
384488
-176580
2445485
819582
3325202
1029357
-5876358
-1609288
-811815
-2193317
-5866653
1069183
-6361009
-2309069
3230984
-2567160
-1281820
-3329719
1664439
2758436
-3439421
-1750285
2455598
1242161
1861068
2772745
1876225
-6374718
-85751
1527277
-297198
-3071056
-141523
-124886
4065252
2998599
-4151662
6167577
-3052465
-387792
-2868059
-4039102
7328760
-3630270
-223209
1107763
-4309852
-733964
6821180
-3206556
1163918
-2644130
1681043
-2512260
-3973609
-987579
-3148262
-5217071
72261
-2535352
-6716356
-108136
1666948
-2491530
4757675
-2297925
-4064722
-762934
345232
3972306
-5784556
-1128288
-1646539
1691247
3830858
97474
-2964451
2336096
3131552
-3660516
-2014796
-8069748
2998712
-7604613
-3247610
-4484527
17639
-6790696
-1493780
979818
1248491
5352216
367012
-1985953
-6270925
415315
-214601
2420242
-6571180
-5195565
-3307280
1793161
1821412
-94465
4286982
191626
1817127
4545695
-4843020
-1192132
-3577306
-418636
-4087302
-3791222
1337205
1542149
3156481
265833
5938965
3704290
2424119
-1904365
-5272172
2679043
2596100
-1464723
845547
5757809
1771209
4091723
-5633439
545920
2594904
-422359
1041034
5227645
3068807
843637
-3815217
-1399062
-4703674
-830983
2980469
-4867224
-1956290
-1892775
2935482
-4530171
1634622
-377734
-1911167
-22767
-5228488
-2239941
-842648
7303358
-1525263
2796974
-2752377
5880274
-5360281
1204543
-4438700
204764
467650
2879468
3727937
1171306
-4696980
1458828
353868
-2121939
-5851371
-397318
-249446
7456784
-7702502
-3002808
-1350742
2772356
6833758
775784
1493255
-3863133
-3384379
-2233501
788842
1933193
404385
1545933
-5081339
803147
3167463
-1623944
3660609
-3448952
-4167841
1859269
-5213502
6040148
4132948
1488431
1509621
186957
1484002
3241478
-6227399
-4019955
277809
15909
3682463
1807428
-682734
1875216
-1308086
-3769178
-1052965
-6552003
-6658700
2634493
160771
2152948
-72562
509363
5669454
-2844384
-439461
770067
1621059
3498359
-32651
-2142146
5599981
-1026165
703373
4885651
169604
-2444676
-5287043
2862555
-4974841
-2313889
-5858076
-5515422
2153441
-501582
-4993081
-230429
-5970572
1919029
-3247974
-4260984
2746170
2894640
-3392696
-27320
-1822512
-1374301
-6085242
5490289
-5246887
-3359891
-2576680
-5676735
2305476
1774861
2627935
-1935354
-3020003
-1090363
4528136
2375967
1916669
-2706545
2419909
2834580
-1697808
-4819332
-4253010
-4673066
4079043
828820
-4500003
-984042
889738
1713791
-3911590
968387
-4774023
1450401
-3235199
-557326
1421691
-172662
403053
-4320357
59366
3703168
-4519975
-800671
-5513681
-2939611
4308982
-3511104
1235124
-784280
-1900957
5049856
-835643
110431
-596098
3998701
-2435103
-3606552
956776
-2949352
-2583224
633926
2420023
43775
149779
2475509
621846
2778139
-425968
-673538
-3104082
1208352
5536425
4757084
-2520575
-3114904
301246
1067870
586193
-7277793
803218
985232
2004136
-590652
2978324
2942303
-1851508
1361536
2290751
7349313
-4953515
6444011
-2099686
1950819
-2516019
1177044
2619812
-2003330
1638741
1368221
909884
-5411638
2163924
2489315
642909
-2276159
-470258
-3514277
-1101103
6442428
3133351
2934444
-626823
-5002067
-8148992
-4201914
-4056506
-5236626
-3301187
-384564
-959442
-3870678
-3496834
-5330583
-2309337
-501275
-1200156
165765
5721379
-1563855
-261965
1065570
-617763
159754
1638086
-2697039
3016397
-155645
1776264
1401937
-4275071
-5165059
-4958115
-1249758
-182622
-2617181
1160714
661759
283955
1006101
6397936
3918667
405546
-1462647
-2604817
-2897333
-2465808
-4573668
5422
6044144
1466099
411413
4785711
-2378088
-1104263
2210453
-1405939
2640885
2357985
-363226
-3917447
-2203619
-4998513
-3069462
2121034
5930487
2485972
3818138
1413785
-4039834
-6162244
-1749748
-442092
1736189
-15230
-1186301
-5598290
-6029026
544723
-18125
-2995279
-4323140
1701931
5793582
218551
590880
3316254
-2868840
-228336
-150032
2405608
381915
-2830239
-2002716
-1345119
-1580064
-2245071
4288218
6705354
2247664
865477
6038623
2936799
-11415
-57700
-667089
-3413663
-4561643
2804747
-1338744
-1385964
-564771
52663
-363393
-785525
1861884
805954
-3394049
-5020532
2934414
-3228086
-3576888
3395401
-1424559
-4608775
-4424803
1316293
-4791346
-3326151
-3286280
3091133
-6119634
658479
1508707
866141
-5267459
148185
-3228086
2419529
-1903909
1036106
-6752156
-3393099
-4645910
1499955
3237858
-2814633
190630
-4445135
-1671547
225454
-1885453
-1172871
222644
-2095699
-1030250
-4388452
-5598117
329769
761880
2070562
3059810
3737431
-621505
-5153306
-117743
878668
3001524
-1932340
-2612333
694314
-2743061
-3733489
-489244
-1893566
1283941
2345090
589199
-473879
-723878
-4135288
-2610149
188765
-1787190
-5469348
1243626
-3545107
-5180172
5322618
-605424
-275600
1033673
2365584
2459818
-2308174
-5481879
-1224858
2675542
-2885159
3158555
-6744033
-3147903
2398477
1117202
-407217
7714168
1518006
-3773626
2468457
-5528399
-248351
-2360868
2887871
-1748500
-3926467
-893134
-2575952
-3078405
-1774414
-132481
-3360470
-3144320
180449
1302508
-4417735
1491386
-7043962
-325143
949789
-1550148
711261
656772
-3196434
-6737782
3773804
-3657859
-6500630
-4405916
-794962
481705
-1196269
246740
5597418
-3279262
-2791797
-734362
3015190
1904084
-4882490
3297953
1430091
-914889
511715
-4518034
746063
-7961668
-1892163
-5443093
367400
-624757
-2769189
-1909960
2092749
-391743
-2370342
4009289
4533406
5994086
-141490
-4360253
-5900838
1026549
3278573
-4874991
-3997507
-718173
-1447947
-3013391
-2650101
5272324
-1849688
-4200196
-1700133
-2156755
1783102
2091202
24137
-377298
-3801790
3957169
-1807371
-268091
5455238
4309831
161216
1246736
996357
-3215195
544549
5529149
-3551453
-4669066
-6264592
5486593
1879211
-2205163
-3135953
-987050
868058
-2649947
-4470191
354023
5809319
-4651128
-1500176
6765683
5295160
2981266
-3627550
1182716
584146
-4940675
-667822
263104
5830014
2678063
2299202
-5193594
1003965
-3418269
5277359
-4954359
-3625528
715458
3293683
-630338
-1683110
3800073
1202008
-5443321
-6012747
-2631672
-2353748
-1583573
2826835
3010345
-4367564
762647
6750965
-837202
657421
1969355
444231
-1591204
6112039
-3487620
2879042
1838718
-73246
-86182
-441461
-646221
6704608
-111395
-2459596
-1516370
-1878264
-996204
-2429943
1312980
2048094
1098259
-2994276
5046540
-6701718
-58589
-2764433
-1088641
825460
2334972
-3538899
-438797
2482276
-4701484
-336872
-1297289
-4914026
2132187
968139
-6451171
-3625098
3976381
2644067
-3809788
1832921
4929211
-5179912
4797568
6408049
-209490
-7847798
-3982967
1348599
2284188
-6061842
1087302
150436
3302381
5566498
1723192
-4986455
-3408807
1039916
1522057
-831163
1409899
5760317
-1007722
1045670
4780656
6096201
951240
-4527474
-2805421
1432464
-827510
-5055064
1846552
-2944605
-1865632
5933555
1349320
2739014
4264117
-4402770
-2082772
2929114
-4216773
-176257
43692
1302027
4473818
2527385
-992096
2263012
-1352816
329970
-4143670
-687177
2244140
-2894716
3796752
124384
1463276
-3184514
348634
5631251
1247257
-6677043
4386152
-2693280
-3909326
-798420
-3842729
-891019
1135658
-2199505
1132799
-319567
1457399
-2294012
-1802481
1539883
-4044528
2991051
-1838613
-3622764
278148
-929422
260280
282228
430737
-1867511
3388459
-1113872
-852222
-6096556
-3038870
-1123857
4600928
1647010
-709125
-114660
3120666
-1729719
-2291991
3845184
-511924
1849542
590752
-3117831
-358647
290606
-4748911
-6248329
712789
3049914
-6494553
-148531
-2233928
56069
-3566322
2576904
-2206563
1152743
-1638587
-4359512
2144860
-3317469
-3377266
-117632
739531
-4373564
-2340319
-2698234
-5069700
1271857
2141791
-6142786
3023194
710827
-1992661
33827
3903888
3841695
1318748
3537467
-6174983
452522
-3534031
1401514
-1029859
-2287223
1359549
5285441
-6294198
-4830697
-4303288
2580804
679979
-3603239
-3841377
2072246
-4024727
2286040
1951077
2623449
-605439
-404502
-1440495
4935839
-2008219
1465012
1051094
5826613
5660987
-1961960
1347358
-1787212
5321816
187659
-3469554
2870882
320867
-1802085
-2840492
-898995
353023
640620
-1350164
3235513
-5764786
-2533617
-6465739
-5362538
4434998
-1507579
-497451
1911141
3110066
3143252
5376913
4903113
3257072
-214213
-875401
-500180
1183879
3218365
2024594
-1134689
928214
-7055443
-225805
3784845
-3858499
1087922
-1188735
-3187643
-5553137
-2103269
101000
-4769234
-4164006
1692571
2274556
239232
5397587
-2284312
1735141
-5106585
-3737796
4022130
1657346
-2845269
743429
1705499
-4867265
-1498563
36343
-22356
-3985157
2456600
2313948
2128883
411220
-2875846
-1807747
1096044
3181040
-1243965
908817
-2707133
-1958990
2212819
2748792
-2317164
-4696
3479042
-4261029
-3536402
-878231
21554
-1406338
3013876
-3494422
-484639
3981135
-319685
5937802
6210727
2181571
-10166
4353911
110842
1463795
589858
-4248550
-3933925
-688740
3885766
2657143
-325387
4518695
-4083673
3002798
223203
-3071413
5781610
-914600
-7490581
-30883
1979827
5236504
-2346516
932258
2437564
-2133361
1899204
-5045868
564667
284905
-4285700
-4069755
2224230
-4988543
-2258497
-3090642
1061669
-5086390
1985097
2866643
5948026
-3738782
-2151440
4971208
-1111012
1021536
2029583
524981
3991519
-686989
1230565
1947564
-547557
3084472
-1185653
220625
-2626058
4261584
4227100
-5732108
260571
4781113
-5743631
-4862066
2147031
191329
-3077842
-2570040
-6780133
-564671
-6793774
993903
-1020520
-4947568
117520
1070175
-1451133
941703
-3245903
-1400543
-5032490
-4173641
3256205
-1247140
266701
-2146666
-4374950
596163
258911
-4804747
6050171
-402037
3699451
-3128696
-223805
-5224990
-3493758
1520240
-4313241
2367737
-3011252
-4482394
5852892
2610775
-2835675
631487
-4368745
1742625
-446681
-693885
1605560
2466087
4243863
-1268796
4662417
403331
-29999
-3182471
-1760267
-5503351
5127122
-4709158
242784
-137254
1063926
-2488082
4283041
-2402549
4041068
-3198731
-5375772
-800433
-6321619
331886
2829060
-2445530
859287
-2467820
2923969
-4368430
2753415
290880
-363186
1850305
993101
2428017
-3810090
-3455926
4003562
-5264164
-160892
2943086
851229
-313111
3776290
4390373
1712711
746774
-5332328
1763612
-3816434
-445466
-2754797
-1404302
-3526375
-261568
1135412
-493892
-5330926
3021126
6014086
5049918
639741
1302555
-4745244
-5022815
-42803
-1501151
-5138760
6349239
-5126150
550517
-3241386
-2549977
-4134237
440322
5496007
-5646207
-2687451
-4891720
-523316
-5500323
-2289675
4056873
3007688
-114133
-2830911
6250058
435669
2099334
5222506
3772497
180627
-916013
5640551
-3746111
-148185
-2095981
69107
-856230
-201887
-1294446
6099787
-1033161
-1070642
-5948218
-1238034
-3558481
-2566416
-3767665
-1389027
-6190371
1343539
713026
-206480
-4435986
-3513202
2182358
3393284
-4192777
-2215073
1061649
276452
680314
3994644
-782186
-1199295
941322
-4761979
2255294
2557341
1890033
-4638099
-4399342
-2875502
2705524
1376822
-356838
-3572215
-467119
670803
1512238
3432346
-744023
-1174466
440140
-6831573
-4160772
1159169
-2910801
-1542324
4081056
1314302
3395097
-5693681
3494295
1672950
5400784
2520714
-2355048
5843321
-1021687
-325286
-956970
-1901656
-512591
-2870993
3582814
2458540
1865877
-40624
3052103
-3974511
6176758
-845402
1922081
-5785694
974146
-5889959
66095
2630076
4354609
1584931
1299421
-3268132
831640
3851893
2734528
3776253
5182235
2155358
1706174
1125217
-234345
1670366
406614
-1591995
-763290
2135072
-1982345
6628436
846419
-2042431
-2820400
-3471114
-6351715
4512538
903902
-2871144
4691416
4164708
5532990
740582
-3312791
2029565
1567281
427279
248833
-4294088
-4098063
-772483
603416
3091802
-3580553
-2754535
6204610
-650976
-2430172
1408059
2627201
-3445585
-3319306
2617686
-4597553
2681147
-3956079
-5970499
-503523
347063
-5518273
-2979435
1914109
870116
-4219839
-3130139
4925810
195948
4597764
-1592805
-3197433
-131869
1023024
-3723452
4294574
-6630540
-805190
2736690
-3385981
3665490
-441683
-2014624
-4816417
-575252
-1173533
-4938598
-5844239
475132
3654116
2090893
504579
-6374057
1249549
943331
-2896625
-3122173
1039211
-3557493
5475768
-1820413
3725236
315213
-328000
496370
564745
-6460475
26599
-5104293
3160224
5525935
5802423
1081373
-4350949
-168707
279322
3160660
2017980
-1399732
1058629
-4692565
-26766
217516
2146781
-3282778
-1778741
-4392092
127629
-3971130
-1612400
-3821367
4494062
752493
-3116772
-5182615
1484704
3718112
4180706
-2978051
1048425
1793829
-3105887
-4499273
2957830
3736467
-1486732
-2267470
1439741
-6388182
2042016
-4827715
-2289976
686682
-2816709
4752142
631735
-6959445
1953147
-5722781
-709045
-1063112
7273506
3401482
-2354067
459000
419213
489577
914251
5319340
-3279177
4115046
1237569
-2903721
2113393
-6148318
1180481
3010179
-3963039
2450943
28314
-2983660
4322474
484829
4480064
-1080265
979533
22583
256265
-3425398
2872361
-4125964
1452224
-1416793
3433533
3287858
-4758436
-5733916
-6651960
-207236
-5762664
-243657
5344926
1919079
-2971940
2083060
2760035
-4828739
760443
-725394
-3190271
5976101
-1921778
921852
-2894636
1918071
-4946795
1894602
570458
-1010899
-6027240
1625440
-2200031
-649128
-5444401
-2590361
1728365
107371
2395564
-4053413
6432798
1316127
-3110935
-4593325
-2079399
4513009
1039834
2698080
2101050
3069850
2680360
2010726
2072375
-3804299
-6109620
943798
2594699
-2781331
-4159009
144612
6415650
735922
36974
-3800050
-5870962
-6811204
3634743
-4465057
-2052964
299327
-4965941
-2761010
-4851007
623079
817851
2553104
2387717
-5212761
5522200
-11515
381661
-3033949
-4120709
-7805878
-4200685
202828
2607163
-1006265
-904158
-3467539
-2374288
855425
-6935936
-2788347
-2107048
-7327148
1255704
904714
-2164912
1940438
1443268
-3064961
-4081954
-4858413
4110684
5617516
-3028881
1938707
-1076697
-475559
1102867
-428236
-14391
-5389371
4011699
-4071281
124860
-6662267
-820396
4206394
741293
1616883
2051375
-152600
4625528
-2055760
-1714375
1744474
6939085
-1270966
-3937120
104983
1043908
840925
-3106500
-3770330
8181546
-2919255
3403425
4658729
-2090522
5824069
-886400
970878
1808851
-5176694
542751
2676851
-5927550
-164437
2104800
1445831
167176
-2577333
-3567274
-5503604
5924447
802903
-1318150
-595900
2463970
-1256625
4776049
-2581514
886233
3599757
-3240009
5862741
991618
5594571
815909
-1580502
246995
-2846038
-297037
-545908
-4307993
-2683920
-318057
-6179330
-2645498
-2656482
-2648838
5504618
3701681
-5807463
-315914
-6213888
-4030886
6537909
-3297807
-510911
1055306
-3627920
-4903252
794197
-5017103
1024384
6836000
-2777749
-4902696
-205968
-2375260
-2199082
-3704655
670176
-3383144
-1026743
3206710
-1684985
-2574864
1083966
-2908928
-2171194
5476590
-3506934
1824441
3804479
921025
-6002479
2636379
1182119
859301
-1966937
628850
-961478
1233333
321207
4307679
-1184747
-1728981
124016
-6166294
-668955
-3418567
-4507266
-106329
1367325
2267576
505318
-5461400
-1668840
-1850225
2136487
-4307501
-1841078
-3928854
-3148856
4361109
1789454
1626370
-287825
837326
-3293300
-1559951
-2072578
-6708262
-4110200
-2174277
-748964
-1740753
-1597635
1889372
892586
-3452553
3000207
1031364
-802945
-4604582
-4122111
-2932007
-2541568
2550519
-334376
-1491197
-3575593
297241
324508
-3502944
-205548
418128
1752008
3865661
-131909
1499819
-4926127
1320309
-2910
-7022662
-6324786
6132939
516803
-1023171
-4411881
-2715423
1638673
1776260
-5630536
558682
-3320407
494626
714881
-4512289
2278264
2178384
-2706257
937587
-3941252
1707676
-1592719
-3007912
2738026
-843842
2774295
6914521
760542
4402539
-4627529
1525938
-3619913
-3227550
2712410
151151
-7011065
-199491
3897262
352613
-4768574
-6639590
1894734
-2559880
-1505037
317995
3706718
-6529787
-5689552
108786
-2850857
4029839
2606506
4229726
1517605
912817
-4313149
-6252435
-4087346
-1077253
3537179
-1554030
2068202
411855
-4270888
1167133
1436063
399198
-4138659
6289924
284120
-2831881
1746895
-6787017
-4361370
-4648689
2207394
-5485081
-2476768
1656165
-6254494
-309285
82071
-5110340
-3108071
-3958091
-1227049
2564392
2060408
-349824
-596888
-847002
1946701
1911956
79064
-814144
261935
576471
1530114
1343542
224391
-3097412
1701669
-1306715
-2748870
-2497075
1246596
-2873692
2036126
462026
1916859
-2859775
1184424
1550253
2329434
2367682
2305443
905296
-5204281
2381157
-656060
4031376
-4159084
2995346
2255620
-4613830
-1008673
-59271
3748977
-1477464
2514870
2460635
1556938
-5522369
246674
-1799167
-3725018
-1173076
4906981
-958818
1352048
-4570776
-4227055
953977
-1084033
120164
1620749
3143828
-2132181
2882687
878748
2357259
-2386558
-870518
181719
-2499159
170242
2235422
-6297637
-1672996
-166208
226541
137301
-2565703
-4048755
-6901204
-4144063
4942583
4718093
3288928
-1136031
-6123052
-6197267
1259864
569049
1894669
6373364
-881334
-2652270
1453434
5163920
-5772592
3400753
1795838
2884965
-5957703
-3975806
3765186
76885
-1133263
5475293
-951554
2512248
-5930724
-2037091
-3041349
-5206083
-3850158
-4090400
-5272003
3814262
-839198
-7232217
163185
4338284
-5673419
1629146
3744562
7151889
2547497
229145
-4953053
-700182
180120
-1543375
271489
3364209
-2389787
5771980
-1347119
-4796597
1686182
4441730
-4557408
-6627913
-419735
-32769
708916
6724472
-2387621
2545301
4643890
1443842
-3261145
2291822
1898447
-1272375
5580988
-2746524
5310324
-243817
-5861863
-3181426
-1731706
-337092
1308520
-5983126
2987757
-6356777
2993550
1115313
-7075867
-5786312
-5213426
4205502
-1485475
6990246
105899
207031
3016714
-1984373
2098982
412125
-281079
-1304420
2788700
1164289
175067
-6233086
-2691698
2456455
-293314
-4431981
3846305
-7046935
-356401
6166385
-600134
-3783222
2491943
-1746085
687153
-4550724
-3547391
-1610282
1098633
-3806606
4106561
556880
5638376
-2197798
56609
3920797
-2381895
273608
2080845
-214922
-956402
1480277
3784804
-2028279
-3906644
-248550
-5702529
-6336171
-2237060
-5600476
4409692
-3278164
-4933850
4471247
-3806318
-678941
-320233
1834709
1796756
7281217
44714
1717462
290233
-4943430
-4332418
4862946
-1692276
1595160
3258
7913800
1016780
2788323
-4760595
-2700807
2542762
-6759807
-6821298
2148441
1768741
1397226
-3947224
-4561274
-757940
-3803418
-5230595
926883
959669
-1970937
-209873
1267186
-7388248
-650679
5508619
-2774400
6983123
-742013
572955
-1379413
3402265
-4101577
-1336661
-176183
5890275
2100199
-893760
4682498
1926960
4686974
-1345837
754272
-1866536
3598316
-6360721
3517691
1805901
-2337580
2043895
-1823083
3988969
3076580
-190146
-151384
-5458736
2254808
6183484
-3021323
2259996
-3837660
5108896
-2019338
346098
4394016
2224301
-3246135
-5465728
4648837
-416544
-2705919
-616881
-2518263
530903
-884121
-1350414
-4634577
-1370624
4754799
-4772621
2903466
-2060657
-427500
940258
-2150911
3464612
3009880
1215614
1524979
2843239
-2086301
2632305
-2517373
2063523
-1626409
4009283
5184103
1351008
2253296
-6087
516241
-754340
3052645
-392406
2570480
-3675644
538026
3247548
-7485781
262560
-486315
-2761219
4720975
-2089918
271958
-2949343
-1509223
-2025076
3115633
-2200714
-2516971
725297
-5397226
-656823
-713788
3117898
4239476
3318152
-900618
1752682
-2889606
-1535055
-1345656
-36223
-2800001
-3403735
-527869
-5324549
-6105
6966486
2832679
5605131
2799706
2271715
-1385733
-91259
1461324
-4258282
1016000
476172
-3233424
4800321
-4223963
1752596
-1596332
1029393
6099734
1668018
-2211049
1826919
2600194
-3341215
7574018
3390782
-4898734
-4200393
-4463891
-2844771
3295508
3161138
-4298200
2155483
-2244249
5582932
-4225862
1032729
-984490
-186512
4786922
132579
4180078
-2066206
-6063558
861499
5266816
-5835178
-472615
-5189340
1946544
-6106127
345363
-1951592
2720252
-4325184
288147
32708
-3601900
-6937107
-714237
-3508111
3574919
-4102151
-2472684
-3365537
-720534
3365478
511794
1361533
-1056511
3686894
709426
2413083
5419421
-2254811
1667916
636059
-146913
-5182640
-7101823
2195515
1293721
2314336
-2195755
1923775
-7826763
-657162
-3619221
1080320
-5140670
-2598051
-5158442
478326
-5311521
1022935
-5559452
-3224297
2481108
-3741230
-521808
-7645176
940390
2696561
3919322
-644116
3148495
-634000
5991243
-3587873
1007098
1326280
3923047
-2969960
4087248
-2150207
2545636
-613303
-3388658
-1366515
1794588
-2519911
2236883
7200510
837104
-3319781
1175044
1066468
-2860754
-5317506
1634720
1504102
3332552
-278671
-348732
-2999518
-3649772
-2273288
2869886
5476261
-5468936
-3666187
667157
379451
-1412920
1106555
3387371
-2292217
-3816902
-78241
57522
2929528
5650814
666641
-156397
-1119811
5834607
2574261
2183597
1233251
814753
1971767
-3770128
-3412890
-3498256
161185
6154595
2244202
346110
-3184651
2616263
3082230
3406671
5516703
1948495
-6835877
-1472900
3264334
2186753
-2588895
2093092
2354884
250295
-3493573
1762299
-1229799
-3369008
1156069
686271
-827837
6197481
-3494000
-1920407
-8021567
-985462
-596026
-4159323
192338
-4883943
4075694
-16396
1336469
1431205
4159440
629207
2028075
4667175
838771
-5741726
-268153
-1971700
1538076
-2810441
277119
-5214538
-2063374
4019443
-5981800
3404692
-6215806
-6539677
837562
5336786
-532544
-4665156
1779860
-23751
1954562
3158307
-5873392
-4278087
3430517
2697203
-2262593
-1960336
-716630
-1764923
-2730117
-6563946
2896839
-5782045
2335254
630642
2633649
365737
4778192
-610101
-4263675
-2151946
-830545
39627
46095
-665022
-40120
-4691160
-3242444
-2680678
-1124450
535987
3382515
921078
-1773837
2146776
3240765
-1651985
-3434846
-401713
-3635320
-111923
477040
1874092
650594
2515055
2192095
-1036806
-2680759
1832048
5442109
-4810159
790558
-3342304
-2739858
-2604566
4506317
-2454407
298889
1187330
-1465349
538421
-210584
1727707
-1866074
1776773
1205541
643521
-3880666
-5633993
-709173
-3910553
-2188272
265575
4046008
2100887
255927
-4447858
1502856
3906550
2282312
-6699334
-1881029
1010798
-4358680
-4462652
-2899795
7509090
-6029845
-953567
2515493
2702392
-434583
552232
3714386
-6254239
3288125
-3204441
-3423844
-236385
1342577
5640139
-6736976
205185
5587192
-1083266
2320205
-5848181
2049860
2673662
-6275053
-2449656
3577744
-3624208
341199
-836728
6941951
-6480633
-2330182
882590
-2189024
748707
-7109490
1324898
1893396
-868108
-2753325
3360654
4692891
5428426
2539751
-4125098
1260385
-649420
-436747
1681980
-2212448
69429
-1000127
4722038
1842947
2029362
-3455074
-3534523
6720025
-1548604
2406746
3487529
-4450840
-1047553
-6618537
5774377
857063
4024638
2086058
761873
-344248
3550954
-245320
-4025895
2373534
-6366273
69067
805358
-3876272
450977
-535245
-5875024
-4207268
-5597804
-4737889
-184256
-7502735
-191725
-380584
-6198660
534987
3791079
-2130088
-2827680
-2070972
-3549886
-2111413
-2172515
5397803
3345007
-1701887
1551650
-583283
-1234289
-6621650
-1745773
-4746513
1204814
-2679588
-4617777
-353852
-5644185
-3553228
1160913
-2280497
2704744
-970720
1081307
-5443711
-5788228
48022
383735
5936041
-4745265
-1276792
-946556
1711956
-2871731
786912
1394523
-304917
637347
-5128409
-2891435
1004026
4654850
839288
3711883
4894593
205372
-606325
5078169
-3463484
-1942933
-687489
4601919
2899511
1851045
-5205589
1258965
-4051625
-3251083
5377782
6161058
2408765
382429
28745
-6042841
-772501
-2962520
2333518
-2560724
-1369461
-4527597
285789
2860215
-2774267
3845139
2878640
-2344955
814922
735895
-118375
1181511
-5239972
152735
344189
-4694021
2325686
-5306846
3534273
-528295
-2648215
2824170
-4875384
5488538
3253934
-3832910
-5014438
807793
994798
2342867
1379744
-918982
1454256
-3594558
-4883587
-3812544
-3685459
1339272
-1057028
1076387
-742500
4881606
-811704
5190136
2202939
-4985956
6794844
-1107979
-6232248
1721656
986924
1224935
5849477
-2897087
-180552
4258099
5299474
-2859431
-352710
3134805
676723
2319960
2357270
2900811
3571159
2220631
-5703106
2458239
969420
-4206010
-3830548
229160
795358
4079590
2435414
5931702
2164465
4587960
-511081
-86490
-1248028
2777464
-5126110
-1434393
2580893
-1697043
1446602
6504733
837457
-7137787
-2031347
-6778135
5881532
42633
3253824
3159664
-4777645
1850547
5739564
790001
-982473
-6606050
1382700
-6125606
816908
-2975817
-1815734
-2976389
205573
4255844
-4612928
-2319952
-3168630
-2828762
1255362
306579
2394983
3500672
-221500
447738
-5186818
-430876
-2136391
-2250397
-5776480
-4392155
102171
-2654041
2999181
2717881
-5712061
-3734745
2067768
1945068
-1838294
4736734
-5676819
2392624
-7320404
5968765
-2130557
-4781646
4438884
-191650
-5024804
-5418539
692338
-4959138
-1770152
2555493
-3281823
-4731300
508124
572588
-1131847
-483373
-4997452
-533002
4451269
-254993
-1249998
-3152969
7051704
-1760157
-6111273
60432
4530879
-209358
928626
2310435
3679162
2705982
4838394
-4807796
-174509
1679401
6129349
-6577531
4450877
1931152
-1816563
-2728287
-5104882
-927591
-3627193
833682
2708698
3686287
-4288781
-4943603
617255
1628618
3164546
655651
2149270
1785285
4622953
1906028
-23220
-2402963
-5588096
5032428
-3948359
-5686703
-4216739
1632343
1191268
-3910260
-949890
1328765
-1999830
2499687
1206510
1065781
-2231545
1259783
-4633338
-1359631
6429193
31676
-5126289
-803771
-3824504
-3953599
2218603
2580219
5310687
-1903941
-5659877
-143140
-5104506
4511663
4559386
868276
5756125
-5982700
-4412144
-392394
-2577912
3542178
1207123
1050277
2527910
-582335
-5430557
4368094
-6243400
-312853
239821
3208826
3400982
-537678
-605953
3450801
4616259
-6171538
-3094213
-86731
-2067243
2868308
-3642985
5920940
1482977
-3491911
-2390156
-3341311
4712392
4180961
684674
2870028
6327392
-198093
1565140
-2954705
5334912
949893
4228236
4773488
3448506
240533
2838907
-1453007
-2601704
4209251
1359219
-2831710
1301470
3325379
-344508
-6242740
-2348479
2477572
-3891920
4221724
3545891
-3009263
-8098864
2728289
-2134898
2464765
-1946420
-335689
-5777732
1552772
1050395
-370329
3635926
3512342
329207
-3140319
1913662
1481323
-748891
1457636
4287085
-4547184
3449772
-1804007
1297804
-1786271
212673
1924765
5103753
-7832728
-5786495
744379
-977430
132715
1482480
2182170
4568830
1397041
4041257
-549633
-1897310
5167805
1310547
-1505161
663299
1054440
-1675224
-1885923
3494721
3434045
3006066
3815481
1742961
-87081
2305079
2350955
6126210
2436205
2055460
-6559077
3218243
-3248860
5164064
-2411431
-4502029
829809
-5348269
-1963948
1059186
-1222884
537967
3399713
-5287505
1535600
-1313242
1000722
-6330334
-3182596
-1724221
-1590726
-667914
368044
-1811207
2790166
-644249
5661108
726719
4129399
-4452518
-3732437
275116
-3740839
314820
50730
-324960
3687524
-1842036
-5523107
-1779905
1023266
1810379
4077003
2391522
6071613
-4161400
-3489474
-5170451
-4778227
4651381
1712023
-274038
467122
-5274244
516172
-167724
-5870140
1603284
-1978461
5454883
1090713
-189216
2252358
-454986
2552214
33436
2545757
-3560332
1255962
1161849
324385
-2551482
2325772
-5243667
-5674793
-499518
1531414
-326065
-853845
-3788995
1027499
1304543
-6223113
-4253019
-4287123
439535
-7634278
3630277
-2411912
-2369843
-2808341
-3228188
2454517
253883
5093884
5497219
820645
-4223283
570522
3351595
3373810
-3823203
2764746
-4562108
518620
1384763
-1522178
2387481
2722468
732815
-2267812
-922732
146767
-3600217
3038330
-4954525
-5852404
1512982
-914873
2690139
-5092919
-4524156
3970282
-5193942
-5215402
-6624122
-5729866
470429
122579
-3507606
1368525
-7774984
-158841
4528347
3236797
1531528
-6632358
977729
1368716
-2897941
-5151408
2102415
1181432
4868556
485140
162711
-3279404
2914325
1598300
-3208245
4828794
-5421852
-4928066
-1633950
-3614732
1340287
-5567354
-3232893
67748
2406267
-2338894
4691817
204010
5009958
-2635373
-2809013
5903686
-523320
-1146929
-4441290
-2484738
-604501
651285
4732553
-1625142
3881498
1076498
2002403
-5462396
-1482018
3722545
1404560
-4510397
-2899383
-4396864
-592278
4188142
-2963105
262224
-63047
-232879
1201449
1333336
-2567217
4743443
3994880
635544
-5739846
1630381
1001536
5543978
16894
3392978
-327734
5673615
20011
820820
1510787
-746081
-4542554
-2816809
-1452096
-2940925
7267022
1282206
-1771644
2825941
-882631
-3791741
5560802
-5999574
-5662720
7405385
-395135
-734835
5393893
-2887196
1474947
3542909
-4908060
1397383
-537678
-5308896
-1959789
-2993207
-168995
-1599807
5106394
-8139066
-3055506
-6775496
-2337405
1328944
572964
3282528
1819718
2758443
2504643
1322011
-443656
-2717366
-536086
2239683
-5706585
927083
-7509095
3604912
-968717
2680250
-4164166
707891
-4224934
-2803475
-2229270
-2568139
-1869692
2197449
4590106
-1165230
128794
1505705
-3181441
-166785
-3173227
922092
32677
3856588
-2363878
3917296
2651206
-4235940
-563549
4501209
-5530539
-1525340
2059727
2295557
-1643768
-744459
220075
-7138765
1392417
1063141
-69567
2771951
-5339740
4486846
-5149943
130447
-5584128
-1065454
1923620
2024128
-5041340
1570991
1909118
-545841
-5237030
872126
-6333324
1554274
1168546
1690386
-185637
-4952367
352702
-838737
-255057
-3374538
2462997
2531078
3967266
-2245178
218597
-4822048
-3798413
1732111
2843671
4667407
1657275
965512
1691452
-2297178
-2116110
1368000
2054833
-292038
-222784
-4498935
4046663
317349
-1026937
442368
4447250
-4941498
879852
-633168
2921797
2518961
3827275
1934240
-5106892
-2993606
4458121
-338618
-4685417
2386682
-3745693
283013
583505
5501493
-523847
-2807601
1152115
2029510
847333
2158822
4584782
664921
4302214
923999
1253999
1440634
1129228
3127595
1283609
500116
-4389678
-6465064
-2114293
-4254007
-3233180
-3943376
-1475461
1212104
5355618
4211725
726389
3450278
-220349
566796
609872
3257822
-5799415
2798183
-1892092
-5275825
764417
-220779
-2973416
-553946
-2776182
1523576
4753696
1794332
1071583
4539297
6114617
3233767
-686444
6528047
-1678953
-5218868
-5553492
-4396422
-4083753
724278
-3102307
-7001958
-4135144
906306
1003270
-1803819
-3778115
1271563
-4858459
286460
-547091
-1730806
-1687794
1889618
-4599784
2553794
2147243
-464729
-1133767
-6186555
1508645
-677012
6104253
-4448291
1522054
2412482
-1400185
-1425352
-4536278
-3427108
2551854
1456417
1808697
-1665812
3552553
-6089975
5309968
3704478
2478635
-416499
-1155235
-3657078
-479485
-551632
-3749930
691682
-3973042
1671355
2101988
703780
2341831
-6741445
-1521809
-1903650
-7754119
4389238
261236
-5298089
-1509631
-1118284
1489913
323196
2454737
370547
-2083476
2176195
-3778739
1308192
316197
-1593236
-1480351
729818
-2845845
-7050823
-1995268
1656079
-6520208
-1939103
-2719722
2160940
2921035
4377696
-588748
-1784418
-1090993
-1673222
6081402
4396457
266833
4833884
-2350817
3876734
-3064156
1617366
136497
2290112
3702789
-5474857
-2185805
-3904405
4253600
4528711
-4237816
3354030
-1904292
3822308
-713092
-4592764
564297
-4974207
-1698322
946598
3917777
160364
-5973285
-2115230
-5107626
1024494
-2160195
-790058
-1892687
170041
3909897
-2992197
2545703
-517816
490708
-118551
-887476
-3417550
529156
3665678
-313577
-206908
1335816
-1987998
4805873
562112
-1515827
-433720
7356938
1505798
4262880
-3537141
-1100142
2898843
-2374688
-719019
-2014748
-525955
905751
858656
-3485556
-857503
1649858
-3491884
5830626
2177186
-630786
32508
4414779
-302646
-4272532
-1264421
-454102
752937
2046482
-5424022
718167
-3271057
4270165
-3536245
-5530613
-366043
3974898
-1273189
-1321965
-1683257
-6334854
2486101
2077855
2564994
-556186
2474236
-2700446
-2900389
-2074980
-5866948
-1888634
2726835
5112993
3736811
-361560
-4716377
-2737048
626881
-548676
4596097
1664592
-5360149
-1729157
3058470
-120644
3967368
-6735588
-4232962
-3486442
299883
4207582
-276809
1148468
5319165
-2393042
-3320989
-4454870
1827757
-362418
207234
104428
1890291
3553871
-3133346
1641135
4259095
-2225258
1791688
1253055
-4398904
-1140213
1014090
-4204395
-7061391
-2376396
2195681
2416256
-2400162
6311889
-5018305
6757105
277636
3226309
-3466994
-6719508
1662912
711115
-5409208
-4311020
-2189144
6146109
-570730
-2391476
-6261314
-44554
-3785479
1162547
-2705291
2877380
-2249051
3070455
17049
-826313
619513
123341
-6384443
-6592849
-2188139
5327011
-2139886
2204537
625264
-2857963
1861262
2358717
1354797
3137081
-3231639
2925377
-606686
-8145471
3037503
120698
720108
-3022184
2539130
-3372978
-4015573
-2325368
1368051
560269
510054
-964560
-119975
-1374523
4302618
3043083
1659351
860782
599634
-5703529
897475
5466115
149221
-376163
79854
4464908
-6254067
2586671
-903098
731608
1603107
3956650
-1177702
-1525971
5944479
-881550
-4966804
3378929
6050364
-4607534
1048531
-758768
-4103529
-3156656
-6669105
2886451
-4182894
5229900
-2153054
-3366196
3911943
2126080
-5133886
811706
617021
2426243
2007687
1935907
-697864
3260542
-4935834
-1437069
2264027
-992706
5914596
3966698
-3626370
4153197
-3743086
809290
-3824122
-2388960
1428545
-83783
-3025220
-1644181
-3347813
513747
2868930
-3343579
-2283469
1468931
-4494847
350550
-1115319
3902101
584044
-1534599
2621416
5906355
556941
-5072472
2343867
-3398612
-2717745
-2585559
-1355480
-4689180
6165025
-5315096
-564190
-5141932
4678082
-1576574
-1370096
-1724311
-491537
907134
3920417
-5935985
5990242
-1222011
378936
129329
-1070123
1212634
2253056
958314
-3463528
-992736
-6185057
3847691
193522
4302422
1379061
-731998
-1275264
-7007
690361
-4857444
1338826
-1780139
-4505716
-3056048
2882169
635385
804023
-3585913
-2851184
-947379
-4362726
3378519
1085189
-5732309
-127146
259352
-3305313
2033232
737296
3338017
-4303479
2437860
-3856344
2839652
1170436
5687698
749440
-697824
-1865770
3353668
-2466794
-1606166
-5102426
3050488
2615582
2958077
-1968155
-2560416
-6057820
-1090103
1550972
-4654930
-1600970
-4659723
-777635
1519634
-1394880
18424
6275658
-4889909
-3165793
7012797
1634637
3564255
-2591710
1961565
3438126
1119075
-3538251
3087747
-3556417
2502217
612084
4357551
-1685615
2461632
709948
-304158
508894
605768
-387910
-1632071
-2086823
2971090
1679723
-260862
3340716
2647597
160334
2705632
-2812623
3416768
1428181
717632
1029399
3931840
-2162274
-5257331
-1325474
-194235
1681266
-5300274
2231936
-4244939
2207485
243704
2164248
2102718
403820
-1984739
-3261369
-2474091
-5490928
3486377
-2153235
-2219733
970423
420907
-4870671
-3884576
952553
-5064564
-579940
3971874
2133250
-6361647
2982630
-3486851
-4181364
-6067677
1833002
-3802956
-7156193
6762089
-3888291
-3761070
-553172
108116
-5982370
4354459
4458054
-6596296
617978
224261
2269814
94208
1553614
1220225
729344
5690152
1777739
-60860
-4258883
-4061191
937096
1668649
-3464065
2365244
1417621
-1324441
-7127397
-2589153
768545
1465589
-2632209
2111971
4152
2113796
-3547180
6664230
-1946970
-7621483
-5887946
-5016412
604066
-2341099
-1366301
-3770958
-1769960
3419953
4807230
-193192
1441456
-4377759
-2740698
1910871
-976630
-117576
2055700
-658202
-3564800
-1155280
-441047
-5006974
2932445
1445032
1976051
-2639375
-6239341
1484206
-3510492
5799301
2304710
-6113614
7397503
672829
-3064797
639933
-359559
2596176
-5355907
-3087415
3566156
-4436758
4895808
3078021
1645196
-2301462
-3815865
4184589
85654
6124014
-4714542
356926
2017672
-4054553
-918248
-4987048
-231946
-181041
-1970872
1562825
-4833271
329082
2686604
1266963
-829859
3109547
1049022
6828941
-582878
-1957244
917703
-3999045
-2211502
3024361
101457
611412
2165535
-4214449
-108357
-4936618
-78563
2184532
2261388
-1587952
930075
808661
4503543
-4469211
-1262302
674307
3329848
1440179
-3099688
3821343
5320943
-1473727
-2463044
3479179
-4053040
-4468209
-550632
5699286
-5544429
1672912
537004
994839
313997
-3162967
-4724987
762928
1730761
-3023481
469366
-3552518
976927
2640154
-957353
-5449577
-597940
168850
2209551
-6820020
-4366030
-4742985
-1324697
-144394
-4308596
-4152978
3662729
1248659
-4067357
-4850443
-734395
1261228
1282104
-4165352
2260833
36964
-4017584
-2225086
230670
-1485509
819696
589867
-2148722
-5026376
1927639
-5399266
-7060849
6635306
-2410855
2501465
147782
1548972
-1761508
-675730
1428444
3084073
-296115
-3392811
2506316
-126870
-5478857
-3387977
1867293
-3644156
1014847
231515
1338477
-409387
-3283085
-5230082
-6179394
4176691
-812241
-4332189
-123177
3071377
-1212511
2823136
-2355828
-532026
-321577
-1922113
6260893
-5281839
3098468
2342953
1440759
544923
-2167185
343051
2455548
-4348130
2567589
-1345328
-1546457
5790278
1506021
2318179
3523375
730396
-4051987
928889
537753
-3093262
-974013
4730053
-5066155
-889902
-378767
2178100
1180863
1297234
2152662
88829
2325638
-6253065
-4332667
962278
-1032903
417889
-678368
5461240
-6284738
-2513680
5322553
1666550
3743325
7165172
-674167
-807978
761726
-4356705
1828657
1956796
-46569
-2232171
-997598
2729290
435969
924114
6293524
-1049164
1975694
-3091527
-5903893
-834249
4413788
890978
1764153
1036047
2159024
-5284552
2297894
4865474
2134602
-3664410
4641093
-361781
-3015803
2101064
1545085
-260856
1660225
1618489
-6706457
4586308
2752505
1976929
579823
-3464202
-5671254
2539240
870960
1562907
-696590
-2527360
864465
-177660
6565347
-441589
635753
-1629668
6703146
-5167495
-2661956
-1366232
-3109631
-2309176
4841845
2468950
938311
2641924
1484466
534397
-3626543
-6247899
2608612
2185561
-2425443
1071773
686704
969708
-6042506
8051793
-5618004
-629628
540963
-1523600
1970020
5041201
2243820
5744457
181690
-1888111
-2261511
3105060
-3728985
2920829
378871
-2936773
1980536
-1979140
4647750
932044
2379525
931399
-3205201
-2302124
1085612
-4932489
148979
5232665
3976056
-2146199
338201
3989512
2886751
3021295
533782
5126484
-5289184
1931077
-1581017
3241015
-4588358
211754
-447362
-4040462
1565126
-4371804
2715112
-3162162
4734409
-5354595
1283870
-3009238
315389
-1017441
950532
1336917
2419014
-346648
2311070
2433747
-1351146
-2988671
1301611
-2747691
-1359105
35350
2100254
-3286350
-4948648
2223729
510684
-5128040
-2049779
-4353798
132917
1873234
2094680
-4708338
2769092
-3057271
1672108
-5867018
5084815
-109004
1136651
260986
-878779
-1947063
2946038
-1512458
-979697
-929762
-574022
1949897
1414479
-7514365
-5443595
-566165
-2846134
1364548
5005696
-4466782
-1574287
866367
-5841683
-2419568
-3122735
1138291
1607528
1408968
1293560
3450780
-4253226
5035114
773979
1008137
-907292
-43130
-965749
1513733
778418
-1968489
4384674
6073500
-1833593
503892
3331745
5143330
-2129608
-4220321
4442268
-2728855
878245
-3276799
-4852801
2091844
-2544521
4548847
-629016
-4815376
2341747
3776553
-3211532
-2641447
3270931
3339167
2353256
1585126
3232945
1351263
675050
-781663
-86623
1785368
834127
-7967698
-707406
-2431290
-73256
6732979
-5786064
-3994139
-850083
4142990
2866331
105557
-4152043
-5136904
-577348
-1930761
-5295690
-7356243
1909085
-1392554
842984
-5941791
4284058
956906
6868376
-3749599
-297164
-382395
-3636684
-1617868
-4967259
3108062
-957321
2414059
-5133832
1289208
1080422
-2503657
2731959
339227
1698372
5359422
-2565851
-887997
-4442798
-1055801
4401754
-1007150
-4163167
-2222529
-3187133
-463778
-326428
-4337658
-3075246
5072396
-474395
1352698
-1362845
-2901949
-3626663
5408118
-2403535
4498886
829642
-3010207
-783509
1948133
2538157
-2472269
2964180
1622469
-2148015
1268661
3239222
1575706
989644
-5015551
1651037
-1330250
-5324080
-827694
-1233358
373943
-6420563
-2597855
1079143
-5188884
-3386283
689071
4401988
228196
-877687
-309974
-2510475
-8316
5258850
-4657695
5425226
3302946
2488063
-2962917
-1796128
-5335123
-1275363
-5184131
2062532
7145190
3036024
-789338
-2220215
-1465289
3720418
-5839970
258205
2417672
-1302120
5757701
2509434
402838
947981
3115657
1283393
1619080
-4020858
-5117465
4303680
-4226815
-1166532
-2606539
-720290
3092419
1832011
2393499
-3160986
-5252245
-6161995
914258
3723474
-956270
910464
-914623
-1101346
1810663
3681683
-5691387
-1669370
3698241
-1150976
-3782628
351374
1154489
-2838845
1762892
-2526903
-2692615
-1517118
-1124459
-149767
-3055563
472974
-1213438
-5201549
-5089453
-4425134
-144910
1616790
-6312556
4631268
-3439857
-4694300
2179588
2525032
-264540
1217274
-3955632
1517465
2411343
4054609
-4174051
4354381
-2698531
4957288
5998898
3994998
-2229258
347380
801433
-2645800
5871895
-1982163
-2782310
-803038
-4031087
-8476
-4867375
3280716
-2417513
-5715575
186881
-4375344
1150222
479283
-4434634
2458150
-6421259
-5270505
4708334
3708570
-2664901
-4282677
-7151211
2485719
-3767905
4070913
200722
2022052
1403369
-5611162
-5158191
7639880
-2368201
861151
1719093
822145
5370745
1435930
3402938
-5282586
-71254
1579339
-1919856
698674
-464246
6199736
-2685076
-958092
-5098148
2908392
-196523
1942535
567532
687301
-432708
-3592384
1703531
-4603543
855998
-4640778
2111131
-450144
-1322889
3444850
-6019147
1407544
-5588594
667377
-52844
-3209769
1511468
-6216825
-3085717
3578862
-2109180
1819420
-3869659
-1838932
1498282
-79458
-614254
-2445406
1505030
-3991913
2507390
1704708
-6179815
2307913
-1330144
-1011643
-1816245
-4081437
-1579293
-2624426
-5552332
-1859782
440612
3382980
1735425
1654099
3725354
-2326320
561179
-3050446
-2961291
-6735459
4158560
-1006336
-5354869
-3021668
-650206
-159420
-5450820
3484156
8021081
6919590
3692140
-459941
-4714979
-4949006
-3299826
148154
-2715318
1805771
-2254642
-2819755
-5672231
-4484308
-1425565
1464339
210577
3387272
-3202482
-3297303
-4547583
2110900
-1652384
-2811461
7001339
3703835
-323468
3032067
-613231
212458
-1244120
-4668993
2879232
-5175766
-6046456
-11044
3697399
3248488
4457669
-4472046
-2575137
1122208
-5614595
1397814
-2836782
770423
-5098343
-6230937
-4131015
-5032133
996650
4214006
4082217
-2441271
3153235
6335157
3154305
2316405
5652291
-4474152
1735665
-940412
959031
4933867
4981371
1342833
3234574
-114260
2708185
-4169220
1209707
1165356
-1990615
1864446
-422001
248587
-647732
-1154294
4054743
-645854
-1733910
-2371338
6020567
6250265
1769330
3431045
-2011164
2338674
-5609776
-4628687
2919634
3421423
1386207
-4902828
679368
-499815
1947823
-285841
-4697778
1428702
1098048
-5300781
-3266837
-227056
375126
-1152307
-4305630
-6573120
4830460
-511862
706451
3213452
-1727175
-5339060
239626
1358198
488915
550362
2531423
1171793
2901046
-4452872
-4023317
-5500769
-3128565
1536117
1404822
-2352704
1795643
1814661
-147240
1134442
1878111
797777
-696213
-1077143
-2848006
2036084
489921
1813638
1974403
4382932
911699
5364870
-3542242
864452
6831399
1516118
2102041
2619954
-3137656
1795732
3467653
-823339
-3308144
-96675
1441178
3943920
2417983
-873343
-378726
2426063
2528680
-1927430
5223273
468881
584528
-3807286
1812339
2380890
4528463
-1651153
121771
-3642014
2970388
713320
3469216
402275
267044
-6264880
-2589246
-4538669
125790
-196633
-6619177
1586350
-573204
-929578
1862636
2623350
-2932164
-4482287
-2431063
2430173
-5641168
-1658609
-2446845
-1092118
-1666292
777729
-6282858
-1462332
2179760
-394336
4474269
-1038471
-1379393
3325046
-1950434
-1694801
-3802527
846501
-6931417
-1688635
-22117
1725758
-3491166
3968050
-517551
-4148993
49838
3779844
7143820
-7033487
364302
-2016588
-2457827
1908013
-2156284
2746038
-280771
-716943
-2219964
796268
548469
-3731691
2035499
3029278
-4201756
-4882978
-4400053
3731688
1281329
-173883
-2144210
-11424
-4696549
-3941265
2284614
5528141
4515598
1100307
4886605
-3365266
2650018
3729259
-2925795
-5989896
4602563
-4405258
-5208456
-3875147
1585361
-3725152
1086429
2435278
-2577663
2184145
-3289804
-2066750
-4908453
-335225
5488378
-150997
-323851
5350692
-2517550
144646
-1490914
2119263
-6619154
-7754354
2533976
-6195826
3685045
395466
7042323
-4501402
-4888769
-891498
-3887454
-1638860
1918453
-4043009
-6609415
-7872369
-4306389
4128430
-2730973
-1089080
-1831554
1370935
-5322559
705769
2033031
-262422
-4009618
5025650
-4966036
-3359165
3905236
-4376870
-1295595
-1650179
-3329806
3812284
3867295
-2105522
2938972
389628
-6185721
2563268
-5487966
2537353
-91294
-6824673
-753958
3692044
3594404
-551786
5537320
4090406
-4855879
3458461
-4330369
-2803972
1818564
-2412377
-1042819
-743756
1119351
-3448291
-7367315
-1614529
-5908322
928243
123990
1969422
1520166
1551507
2489928
1920127
3260286
2787560
-5429919
1475937
1895519
1323347
-3025204
1267324
5394817
292860
711374
3626984
1762379
2373019
-472881
1924991
650162
-2847776
2388009
1185990
-4181115
1999285
-3776428
-5343721
313725
-2217801
4207723
-1043404
3951010
-4736806
-4635630
-429342
-2053814
1145325
-1503231
-5018874
-329069
-3646354
-3229031
2952594
-6460598
657644
1451581
-6720014
1908982
3793035
4073878
1616945
241926
3134344
-2197107
3549969
5524146
1132736
285026
2349128
1457740
2138909
148428
1644413
3370488
1596333
703330
2302164
3783484
3538513
3237121
734215
1717037
2067332
4980727
706897
4611896
539441
4314960
-4712655
5479636
-96835
-3702438
-3897869
1085537
-1315396
-612566
2482713
1889393
-1153308
-118968
-3563751
-1491666
719002
-4604871
770271
2940403
-3841518
5080559
397071
5745
-1349088
822888
1686728
2387151
3798688
-3646649
-247360
-2741720
2269627
4139570
-1833262
1371197
675077
-852629
1096615
-4109803
-4698128
724692
-3109705
-4134175
-1651259
4674424
633776
1139981
88657
-3779664
2633118
1717726
727804
-1783917
-2102793
-1426491
-2036208
-4052533
2897676
1620629
-1092882
3416570
-4942525
-2995154
-1519426
-379574
-3136122
-7335760
-7398723
-167805
4447975
-20647
-838185
-3887439
894228
1974190
-308361
-933826
2006864
-59078
-2440881
2118691
-568457
3043268
1410306
92656
5152948
4190196
4151058
-4224742
-7327237
2489269
-61185
92451
1959600
3318822
-7031299
-708394
-447197
5063158
137432
-2274298
5214963
1549497
2177991
6202193
270796
-3631291
1238864
990009
5287193
-5210176
1837757
-4050123
1359388
4764000
-1857337
2152254
-1367617
1095658
1691381
1338909
4896444
243876
2449136
3333916
2837221
2756177
5138896
-5171160
-4372826
-2592938
1889432
7852670
-3094979
1104380
-3893586
1438335
-1255300
-3003841
-3181013
-3753882
510430
-1459414
-2980785
-3920363
831870
-1933842
-2969897
-4702614
-758008
4716557
-1319983
724035
-552483
-4907314
3601839
-321928
-96346
-4647179
1790271
-242360
-1155941
738229
2707078
2980435
1115958
2841679
6801191
1584297
2555821
3076459
2814731
-5467041
1291764
2103558
-4164036
-546001
-4224009
2315583
-596182
-2417693
-1911100
-2543614
-5031360
2485311
6253386
1042354
2671279
3773808
4351863
5881952
3527521
1953968
-1258376
1170581
-6570161
-799992
-3498288
-5725808
972258
2809140
-2982780
-5433334
-324856
-2766655
809364
-1956957
864721
-5417121
-4049475
-1524671
1140701
1577813
457945
4405191
282004
736652
1832345
-923770
1255843
-2634267
3674391
724396
-5850798
6688763
3506662
4557820
-1381719
285122
-5811525
-5925190
-2555193
-733619
4172785
611440
-84407
1248495
-2996218
4850849
-3509955
4817881
5313381
744019
2212740
1658736
130393
1198048
354342
-4839455
879647
-5765554
593568
-2163091
1921066
1012714
4473945
217639
2451652
6389487
-5843709
2219262
2260885
1435462
-786760
1213515
4200025
410373
-2193911
920113
3232174
-7790262
1050038
573075
-1502952
3290327
-373966
-2703710
1764439
-2228826
1643568
1257231
-4239897
2165247
-4536557
-6463382
-3643937
-5145041
1598422
-191663
67824
-3797733
-3721595
6301593
6351684
1896471
-2518177
-1960698
-4374696
723757
5845344
817958
1699280
1681587
2831317
2376533
-4864515
1908107
422817
-497141
-3096856
-3962974
-2889881
-57298
236272
2944486
-4180333
-558390
1328048
-1765892
774344
1573090
1911337
-5571563
2292568
-3292123
-1035875
-2454625
3983470
-5886981
-5101031
5012918
690117
-3336237
4072745
-3003342
1707063
-5214878
2559189
2207643
67036
-2954828
2749189
-4102786
-148746
-5447554
-1603146
-1926661
838625
-2199335
1881666
-6511322
-174657
-1216840
-2056033
4519102
-2950219
-2206848
-255483
-3721125
2203832
-2083466
8447
-131214
-4375616
2152071
1187460
4962062
5403313
-2389553
761466
-4981401
1028015
-345763
-1075357
904889
418239
-786174
6892460
2479629
-4878833
1412435
-5091936
-262552
464677
-3997655
-4632126
2017121
-911446
2229289
1015882
180768
248273
-1567767
4938366
-3153147
2989432
-1928609
-2043097
3479802
-3472033
1862127
-1932327
371287
1976275
2799938
2543417
927757
4451730
-6176748
343679
-2115749
-139651
-4416238
3225542
-1743170
-6478822
-3392840
-652599
-1547857
6854734
-3986499
341146
376457
-128607
2383170
1562855
4334331
4464794
-1386088
1885926
1524991
1742056
-42958
-2729212
1284294
-4102401
-5735401
-2177981
5646915
4748565
731727
866747
-275773
3666517
-3425406
567390
-488733
5817062
1039572
-430260
-2174789
1217972
-33972
366908
1903462
-90287
220455
448314
-4380526
272674
-2097212
5155748
-5432232
2033157
-3405575
-94530
2450606
-1935808
-25346
119614
-6188046
1949151
3683894
-3227995
1956484
-2907032
4117224
4411875
255666
-215688
-6385603
1934311
1273680
-99410
-101323
3269926
-3354438
3607299
-689994
-3274012
781371
7307070
907521
2948550
1845660
-584785
4830110
4208520
2415254
-1053856
2049587
-1850387
-3689856
1252369
-2054082
-1236221
4807309
-2994742
-2499933
1214650
-5858898
-2393499
278574
3139990
-201386
-1977175
-5025978
-778
-421508
-3899480
-6648723
-3751727
-545975
-3818099
1995333
784605
3533947
-249633
1139580
960044
-2370051
-4072466
496379
-1190417
-317185
-4266628
-8192961
-5451748
-2524303
-733924
1049545
3336303
-2835087
-3824379
1840934
-5812483
4515039
2268336
-3410308
-204411
-2478208
1420725
-3643607
5340847
-4859255
762112
385623
2252293
-4074000
383154
1748025
3540766
2317548
119386
-1102824
3246244
-955258
474909
-3713690
1994643
4971849
3869212
-5553947
-2020043
3956298
-30659
999326
5092442
-3937980
-434575
3600355
1477037
1433506
-4646810
2904717
-935420
-105767
316733
-5096685
-1487879
-18072
-3143733
2214816
-1792971
-1441522
-507930
1631901
592193
-1643279
-4163380
-6111810
-5079087
3986696
794551
-441349
133398
2325176
308664
5247165
-923505
-5270480
-2803828
1939409
5653861
-576967
-2938028
-711180
1779935
-220460
-6099431
2708874
2997306
-2116609
-2989210
5029554
2701343
2165241
5350671
-4870385
-1563074
-2337372
3124344
-4929562
4309056
7664714
-3240946
131739
-148694
-1912601
2854275
387524
-3974129
3331988
2579391
-2880116
175211
369318
1698843
-1022641
1207675
1127168
2192445
102678
1700067
-5373943
-928582
-677923
-753643
2964675
1468865
-1249781
1686002
-1611353
-5877493
405303
-5179707
4563319
221804
-2062898
-6264127
-5346428
-434761
3964507
-1814754
-3389751
-413547
-3671869
-52621
5241939
1626289
3284231
-5436109
375964
130605
-1458500
-736362
2140951
-6583071
-4142263
-3279725
6012702
-2505986
-5938385
-4907400
735546
-366086
-339522
1147829
-2439330
-3462264
-165545
2747269
-1613410
4613274
-6173338
-3039857
-3372875
-3132035
171024
937908
513039
-522087
5384090
-1648464
6509773
-664220
-228894
2093974
730854
3948591
-1259939
2958870
-2532883
2218855
1816424
1478523
4007989
5487659
3180613
-862638
-7235159
-4439231
3029547
-141140
-5834827
1010010
-1566178
-930511
4005715
-982610
-4577095
508821
6665059
1764663
-5504144
1450990
2544425
-5056031
186790
197709
1060612
-4553560
-1813199
1723645
2029134
214924
1592081
-3730581
646678
-5091126
29558
112535
-4743019
52245
-3926368
-5055846
5005535
1704454
-4581598
-1773950
4807929
1269315
2243067
-2196707
2877833
5576297
647680
2276894
1173160
3352358
-4393685
-4944071
-11771
2200343
791771
-2970437
-242644
3509547
-2136582
-3843490
3145723
-45750
-6100217
-5000314
-2694950
876025
-6387202
646421
6610634
-3197000
4903989
847262
398143
190817
-2696031
5868355
-7093439
-790568
458553
-2883466
4453113
-4067703
-2766410
-4564616
-599952
-985826
1284967
-4303997
-3195282
-4553759
1105945
984965
693073
-2060987
21570
-2369603
-2738893
2688907
-1815924
2765886
4111250
1341125
-4379740
1373623
-1420941
6300744
3707900
-1398438
-6251425
-4271348
1103962
801
1916127
-1062222
-2891802
-605515
5460489
-4329535
270376
-1026141
961733
6805764
-748245
5481534
5032766
-2347369
5685768
-7702384
719651
3151798
1645111
161718
-619075
1902876
-233644
50292
3282567
-4506917
1066670
1349927
3147860
-3098395
-1771398
-119588
47640
-3880307
105378
-1036551
-1603296
5043577
2733457
4117109
-4754205
458005
-1205312
-449692
66834
1997044
5642711
697463
-422624
5534238
4182891
4094944
1680692
5718345
3910161
673901
-2825282
-1481486
-3736083
529659
-6279112
1435477
-3382270
-3156216
-1660392
2317363
1033403
243872
4019673
-2035811
-647372
-6457788
829181
-570670
-3178830
707992
1797489
-4066401
-1672050
-1551227
4886315
-5111234
3620226
-2448071
1174665
-4274672
-3534128
2942022
-2443536
1036588
107141
2462328
3438610
-2358708
-1214631
-6240748
2087746
2453542
1721319
2571513
1415225
3073029
-1952934
314016
-372759
2213057
-4878278
4752766
2209113
5611525
-1362775
-5806501
-2092390
-4055155
1830538
2492623
-6145583
-3452531
-975300
2938287
2333466
-716873
-3423303
-2049530
2229794
2202359
-2441234
2180113
1930048
5918446
4412052
-3932717
-536884
-1036128
25864
-7738
-5017476
-655408
837023
-545775
-1502949
91446
4399630
-3062270
-2906161
4857861
-3027997
1481794
2002085
-4198919
1529587
94918
881480
-5238030
3273000
-2741317
4540349
-241641
-7369309
-1764234
-3835288
863931
1009795
-287409
-3534240
-11885
-2536109
1376320
-3346214
1309423
-1401940
-4851967
-5323012
-5413086
1112773
-97148
2123073
3949732
-2977035
3370019
3970229
3223041
-7292603
1223060
2754289
2087218
1710525
1876815
4364149
-3090300
-1297214
2447968
-2336304
2410794
-2933430
1672378
608162
184587
-5695198
4996941
852350
-5394322
7175020
5390653
1642843
331631
6525662
2968833
-2237548
-533955
-4475912
5596452
1670242
-7052654
-5233
9287
-953448
96001
-3999249
-5634335
3355248
-3631968
5901824
-589902
1933678
580866
-1691315
4654385
190610
-792
4170406
90415
-2285086
-2338113
4436736
2312768
-1316841
-2662407
-2328000
-2085852
-1317831
3335402
624287
998454
5093896
-3761455
-125495
-2885703
902070
-5468030
-5203560
468916
-1734486
-1177285
-1931450
2249573
-1393604
-251129
377737
390356
-225409
169057
523719
1224250
-6959616
4192027
1627279
394564
-5544855
-1706279
-6738039
1787644
3259716
774407
-2811517
-2392524
-150391
-4093619
-3899880
2402242
2244609
305253
-1040698
6762846
697702
3050052
304256
3065034
-6276886
-1668612
1157637
-4952322
-188622
-1737068
-4122339
331156
1386786
3754518
-1875509
-4531047
-4486743
1238431
-4683132
2666256
722726
3322221
-1244842
-7773991
-4432709
4767919
-1511156
2694230
-3164747
-310365
-1189602
3342755
-2209
-2883232
1590658
4308615
5829271
-1921552
1186967
-3129021
-1324302
-5841029
1099346
-1565687
1092207
-4080037
-439266
396995
-2212428
4445695
25514
1275522
-2887599
2182487
2958812
2673000
-1900652
-3728763
3269362
-6483753
-440192
-5009282
2184899
2298566
-2935119
-7999049
183405
572863
-1907339
-2413239
-2049745
-7775411
-4793991
-3999973
2055266
-1007131
-3138550
-1398952
4660825
-452660
1860850
-4440381
-4577227
-88041
-1107192
-1862719
2448602
-5820360
199433
1673584
-2308468
971075
-558775
-2977673
-2436779
-934567
-4398805
-1833
-3998486
-4667110
7110365
354704
4137272
330150
241710
-1104571
3504796
-1692339
556032
-3213644
-1516843
1693648
-4190841
1630060
-3967751
303087
-5090754
2961470
-629896
1988260
-7442687
-1358644
2193943
-62164
-176447
-2898442
-316572
-5675630
-3422774
6051897
-989188
6219265
-746381
-7132080
1181452
-1666554
-3937117
819176
514889
1202257
-1346995
348207
-3485978
830904
-2142548
-4569945
-2707588
-7292562
450139
5198155
-2597610
-4243187
-322925
-5107659
-1962756
-6172442
-1080900
-1599292
5181869
-3571942
-5143330
-3836485
3607440
249995
3168775
-394574
1332553
-370524
3389175
5525718
1183690
1344899
-1695352
-3877828
3998553
-3897158
663802
-2845151
-5148894
4108999
-2257001
-3681863
658678
484972
-2159514
3627725
-2177033
-1867886
4542804
-1706749
-4479767
1975823
611200
-5858552
3184976
-1054561
-4431258
-733945
2196261
419971
-659267
-463077
-3815581
1782428
-5099107
4357540
1848954
5187005
-713186
-3546485
-3044514
-3326593
-4043743
1404318
2457581
6147606
-907511
-2614159
3039314
-3859906
1062249
-5752826
5739210
437454
-5063216
-3930816
-3355839
-4049956
-5632220
-3482852
1221590
-2189934
-734016
-625309
-274532
-4677356
-6085013
2651285
-4643798
-2696646
-288068
-604110
-3802081
-3644949
1670442
-1212632
-1233959
-3510948
1625247
-5741082
3694043
-2781585
818593
-1616356
-6475594
-5900718
-5598587
2789448
2069248
2015561
2027690
-6322110
-104926
3757035
5365531
326647
1308910
-2422484
-6481171
1426997
-1272803
-5351259
-831056
2324859
5223693
27231
1876826
-4532507
39534
-6816393
-1279263
-4877074
-4430141
-1460440
-766112
-673497
2401785
2754729
777315
1146293
1155010
1980836
-1480861
97590
-408220
-822604
1218335
239692
-4422592
4689860
-4777206
3308645
-2827930
-911420
7844749
5820235
3887399
-1935395
-3018084
2878689
4821867
5533716
3062208
-4386025
241681
6921619
5190073
1481175
-2690898
3248291
3952168
2441026
-874910
-2666816
1338216
381726
1608711
2821692
4429870
-1799856
2895870
1791143
-3615932
2595357
-3640113
1015710
-2513419
-2138115
2900247
230747
-1875465
1059697
-3708238
-77940
2638480
1605552
1193112
732349
632639
2553032
322904
2140372
-4721779
-2443704
1667969
-3537475
-3876206
2551606
-1939388
2658520
-5272334
-1738508
2469174
-95424
-4654916
-6627651
-7343495
1759490
-4449861
2912074
997714
2679708
-3768363
-5823652
868436
308336
1320221
1923869
-1804897
-2576467
1215893
301087
3786250
2719486
-1556420
-176076
-5418724
-5581946
-6739287
1025256
-2081850
5046211
-2779257
-3573736
341219
3127483
-1423047
-5605725
-63820
1178427
1141104
280419
-5570837
-2762872
-1583284
-3531685
-1123208
-2653017
-1751929
-3113197
-2744794
791267
-3194987
1601830
4807234
-461204
-3661234
-1835240
-3646338
119657
-4008889
-2484772
1491592
1888175
949091
4567691
1292629
945099
-2286963
780189
-4193268
3613611
169299
2045871
1218240
4036702
1099303
-7234699
2263052
6700579
-659162
2295275
2219836
425798
-3405567
2655895
3298029
1531356
-6016681
4364834
1202461
-2802715
-2250343
-5205882
2465111
-1470362
-2470267
2400335
-2783413
-3506534
-58102
844741
1739863
2009287
7934396
-1944467
-3393797
-616772
357526
-5546545
-5871855
754831
-1338477
5995097
-6363507
1236132
-3340974
2909950
121215
297722
2597694
4334854
2249129
-37887
-4869065
-4477250
1006741
58721
-4392509
-3688169
-157729
-405057
-772576
-651439
-4850486
312685
-2734578
1747531
4252813
-469457
1001859
1354124
-535630
1117878
3503983
-4721791
-4190798
3171367
-5598838
1369640
2075839
-5286441
-1523702
-6578740
-2848423
-2462151
5189461
-2101109
384621
-268930
-11647
33728
992095
980277
-5543848
-4236593
-2215352
-2303505
2200436
1120579
-663260
-895340
-7142323
-2395758
-3810316
-844624
7244851
-2430697
-2309873
551997
-1531036
3188370
-2159505
6417220
725136
-7030333
-3708639
3124888
1005658
750607
1882519
2771028
7711336
2299289
5498637
6483260
-63728
3266822
783409
-5446806
3220524
-2253681
-2891586
1677979
2336486
-5642595
2465683
57802
-3959728
-760804
-2697588
-112509
5890111
-4171356
-1176919
2117448
1970460
588447
-6247058
-3100313
-1144494
-2711030
-2396005
3989169
-4362431
-4993060
2313453
-2451225
2651723
-4745235
4595858
-4422551
1844078
4559336
-6416634
1094891
819238
-1141901
-140297
-307054
1949562
-2659828
-6711301
-1100149
-3803167
1650209
964008
-2211785
-5007940
1334631
-794387
2012014
308079
-663055
4632296
4291413
-52224
-4006077
1506299
-1396978
1995603
-750645
2552333
-2885830
4719653
2253369
849932
-1902580
5339311
-2990220
-4627396
597062
-3720954
-1229949
-1949851
5745918
-3650538
-2492509
-170827
-3921549
4439511
790398
2169353
-1432625
-6447457
6437730
5693150
12089
1932255
4199161
-5765339
-1504250
2162869
-1189507
-1673028
-2279043
529562
2250726
3635967
-5821749
-3380986
-477989
4882581
225712
5043035
-867857
-5436550
-5535901
4381535
-1598476
2271041
988460
3475879
-2447437
-4103471
1840348
-5846814
-3361198
-4727477
5336064
4157054
-1581338
-6855292
-5771063
1029696
-31214
-4784694
-576459
-4505913
-4323582
2007869
815280
3798372
-489485
-1287282
2949179
2611046
-2847343
-3861143
966944
-1021883
-4731304
-5012162
-1862627
262036
288022
-2471108
-3007849
-2903905
835938
-3491059
-4967433
3188920
-720263
-1006375
1206976
3784819
93217
-3150172
-3961733
-3985344
34571
-2488963
-4794198
-18066
-2597882
-515770
406624
-2150555
-2028406
-1877373
-692410
-1878540
1375588
-4943557
1677494
2406997
-33415
-2014046
74952
-3451000
2613342
618873
4671726
-4033914
1742664
-658137
-466700
6484355
-329921
-789983
1196734
2403616
1182160
1444725
3414361
-2419396
2486203
-4619467
-1525703
-2888771
25939
6527876
-2279645
2529974
-6070471
616546
753244
82389
-6208567
-5283467
542653
4518623
5391796
1853550
-5957189
2135581
-2885367
-3831644
1699871
-3340146
2513979
2244517
6037509
1600444
1770222
4008843
-4453491
-5458072
736080
-2226493
-3087372
1222764
-6704136
5429663
-1031726
-1458538
-7268173
1296813
2202775
-2626633
2809827
-4912169
1563928
-2971684
-4202716
2211456
-36024
-1190277
18318
-3070432
2534072
4892256
-6127504
-6559303
-7350276
-5504252
-5318282
-2729276
2447526
-4244200
1066750
1846564
967562
507661
1274376
3852642
-2117749
-3523553
-1017453
1507232
1193241
-3424794
4234114
1139568
1917601
-1083945
-6966261
1308683
1068807
305743
-2385314
3165002
3160560
-431666
2596407
-6043019
3712137
-4513273
-3257318
2009132
2787294
-2228311
540963
548949
-5493362
1727112
-5012016
-6318255
-3698069
3491211
-6318011
1693953
-1236273
989673
-2370527
1374816
-6510730
2877621
243909
-5040670
-4056850
-5381314
-4342467
977501
-790066
-121997
1562295
483839
-4587593
879476
-713357
-878712
-3311537
-151213
213096
72826
2953897
1578402
1860007
-1420357
-4610876
202667
1855333
1407199
-3674614
-157484
2181861
-4777663
1347809
-3988478
433075
910290
3262999
-3557632
-5900231
-232482
2558981
6448893
-3678455
1193031
-4923646
2542881
2333409
-2997039
-4074133
2986893
5521569
1564169
-1646304
3140609
-3308092
-927776
-3902986
1810742
-672388
-3901630
624353
-3296828
-6537359
2663816
686841
1203050
-13841
-561602
2960482
1589270
-463370
-5103133
-8130044
313110
2439004
-5953950
-71267
1729658
1547379
-3055330
2241351
-6535211
-1581820
-4882629
-1916054
5939066
1079898
-351249
4620391
-366022
2628303
-2402396
7155225
344271
5199262
2963657
4504027
-3853921
1674832
-2094768
-5407963
2427159
1639298
-3481458
-4668731
-3884023
-4993873
-589438
-3377983
384708
1861941
3688153
-5623169
-140630
2529502
-5794160
-1952927
-3840795
5682435
1020894
-4331555
3429644
-3561517
4668078
-5468858
-4637137
-5382294
-1127241
-390299
-4275484
2940767
148037
617084
-1475694
-441568
-4632174
1749231
3160499
2437728
-2628496
1449153
-1731841
-6027321
-666370
-743317
-1570610
1617028
686293
2621358
-5627803
7362060
1665610
3732820
-823079
81669
-113889
-3688645
192352
587324
-1208690
-1090653
6228561
-2770743
-1478524
5976408
-1295909
2148266
-924214
-2057328
-2142222
-1953658
-5687411
-3546558
1178594
-4679780
-90736
-1548154
-827387
-4045891
-7118314
-5887976
1984043
-5430329
-2505785
-6208219
1358052
-82197
2240357
859914
4628341
1363064
-4350143
1403899
-2510198
-5801427
546721
-3344575
3936079
2721621
1965354
1591996
-4347820
-1218739
-5920924
-2639135
3385820
2815185
161511
-1654451
886280
-1694741
-1026417
3471745
1614721
2282854
1893114
299980
-4424176
-5312717
-1129035
3933149
5330380
-6334280
-5349553
-309592
-2492792
-2260479
-1599322
-4828095
3645338
1879639
-5121611
-1641379
-4120174
-4929882
-322046
-153405
-2709461
694052
1488990
-255015
-5896485
-1077857
1145147
1660069
-5714411
419063
-201669
889360
-2720091
1643915
1688744
-15787
1237581
-4878871
-6239404
4892832
4489184
2205369
3463704
-239529
3887244
4902309
1042374
-1990099
2736870
-1467055
-2912017
-1333044
-5912922
3828233
-323647
2463169
-5806343
4227820
5871910
1330356
3193200
1025154
4740726
4532830
2581436
-2228178
-54533
-345263
2509647
151717
4019269
3606493
170088
447455
4160447
-3157212
804932
2352021
3102731
-2920360
-4602314
-4317588
220777
-4149866
-161695
-1759721
-5966288
-2302895
-4398213
1574559
5281895
1106325
-1013840
-1092134
1022926
4284825
-2705508
-4682185
-4840838
3351055
-192985
-1975492
-2322808
-2596010
538437
-4918224
940570
2873319
1920765
-5748705
3087
-2911774
-438493
-5810929
-6295942
5793343
1132374
4823900
4990212
-3134693
990527
1336674
4102
-4231009
-399770
2265236
1544762
-6305391
-1795058
4547729
11637
-1275937
-7309067
-3120101
-951819
-170827
-3460101
-2040045
5677694
5728166
711856
-3424374
4378911
419863
-6079246
-5707739
-3416822
2073915
-3821807
3930083
3354684
1868817
-388773
3830632
3791360
-3884518
-772322
775228
2866405
3840198
-4021482
-4022338
-5595987
-3877657
3701186
-1070831
2714896
-2334002
-2266370
1814373
-5722932
3154485
335237
53988
3123733
543797
1462509
-6878079
-4286551
1380239
781614
1085755
3183538
-223849
2719717
-1727445
2744258
-3845569
-5086043
-2705186
-6867601
-4377925
2802713
-1559743
2862326
-7060575
16183
6732570
2273548
1967829
-1020914
3855040
-1024763
1987021
-1391399
-4961731
-3070665
-1189220
2424544
337385
-1471214
5362487
5433719
-2138595
-546678
181530
-774526
-570044
-41832
61129
5561042
-882198
-2172667
1128140
-5773182
-2911311
2449974
1591743
-743523
-927892
1151481
-4191221
-2604448
-422899
2767120
-4538554
3484344
3149247
-1935871
2076395
-2702706
-2937265
7672685
418485
636539
2479619
-3712930
5082226
-6348566
-6614666
-1046780
733540
3099432
-767338
4046721
-921518
-2597194
-4749649
4026135
-6146492
-5365364
-101703
2677668
120653
1178957
-1545655
-6616791
-317734
4183652
1759124
-4004544
274870
1139937
-4197303
-1432019
1902620
-3680975
-4272826
-2942228
-650592
2315656
1893968
-377097
414866
1382707
-1819289
-3048387
1927348
-4846702
-287138
-3476321
384146
-5188336
961489
2118960
1645443
1559352
1666952
-3333108
2209249
-5228166
-277802
266651
-3820070
1753894
-4973429
-901791
-1165092
2106839
-3884705
675728
-1745428
2369479
-85958
-4278650
4042770
2532064
5389177
-3592570
4404683
-555001
-1737189
-4216359
2649
3113331
-2065925
3135072
-3034225
4274901
-4015584
-1100527
927341
-701151
100554
937274
1611836
6801577
-1183184
389201
1496013
3608352
-6777639
-4670263
-2783860
4272491
-5493135
7157144
-2467199
-3720414
4476481
6301194
-895017
479769
2558402
3748641
-2421538
1150720
1470662
8249229
3244880
397756
4180428
1081162
1133683
1968772
-3564045
-1600966
4974140
373405
1575223
738862
-1152796
-358267
-3553984
-2702572
2823859
-3672201
363396
2366824
5685905
-109930
-5762944
-5996642
1002303
-4930070
-3264265
-3602758
1392510
-4981303
-4451982
-165148
619294
-5609926
-1681990
-3148498
-3879032
3522342
-2870061
-2838183
662418
-274603
-3275345
1769681
-6010151
2009337
2404578
47925
-2815548
-5419863
2719230
1616491
2312763
3639492
-6883072
4094548
-889813
