-909860
996913
-6099983
5671241
2840750
-3876291
1429277
-3306863
-6446470
1845240
-1288083
-1962090
4631130
1099454
-3215736
-2629322
5215637
1922866
-5464006
-1588670
-5576557
1876545
-5825057
1558696
-4752000
2471976
-3722004
-2873759
-1178316
-6635241
-1757796
2771611
-367049
-852110
-56688
-4761489
1031656
-6207206
1297408
1949864
4225358
2312431
-6142689
3865189
-7015988
1031133
624924
2508258
2721935
-119014
-6195185
-678574
2978828
2304772
1507423
-856319
-1616113
-136773
-5357738
-536548
-3292336
-3048196
3969086
-5020136
-191297
-1089997
923696
-220971
609733
-1963195
1888498
485769
1420908
-6866992
3669299
2785639
3766265
1436429
5400362
-1073915
-5372874
-7355071
-3750122
4627148
4713862
-4001934
-6282734
-875175
303752
1709086
1902122
1112355
3022728
3653682
-1935042
759396
-5830935
1469400
460268
-3552697
-1396004
2204291
-808397
-4480520
-5803940
-3874862
364314
5588450
5365013
2432080
-489717
-6247501
153790
-23611
-1506044
-5405146
-1180037
-6741049
4898756
2774950
5795744
3564107
-1771083
606688
1850527
265938
-2891764
3208321
-4643942
-2078940
770880
-4068792
-1704964
-837901
-2947520
-4645866
-7143544
-1788393
-4452611
-3160850
-1404039
-3061062
-7232731
-1900630
4121990
2189455
-6598245
5066615
-1482721
1219640
2569882
235251
4695219
1870267
-5263756
-2877682
-874987
-3159625
-5365546
-4061351
4268822
-7131057
626416
-693533
3278350
-138986
-1079792
910497
-3741365
67945
-1823284
-2166593
-6098
-4377893
-1001295
-3207802
64696
-28428
5792325
-4830721
1233063
-4571759
-2559767
-5466039
1301402
3396901
3497040
141059
-2497894
510584
-558749
-5499112
-7246858
1251598
3061144
-1180935
-5877623
-1809329
-623690
1338675
-4377634
1507359
5392480
191977
-3000305
2957547
-3454438
295706
2746658
-3411049
-837247
-4419420
4924009
-1498534
4892291
-3382039
-1697958
1077498
2065177
-2521888
-470420
-1151726
-4741543
-5193406
5162571
-2514343
-376330
-6859277
-6891770
-5793259
-6654514
4719414
835189
3367734
-1994489
2241516
-3492322
-5065996
4085911
-1405953
3244852
411028
-6273683
987139
3066491
-4416321
4764808
-1715820
-3069644
-5713298
382457
-1425841
1940140
-3206256
23460
1690017
849923
-2048852
-1240922
-4674978
-4641109
-691171
1400267
2931857
-2945388
-1428234
-1452066
4138685
-2267154
-1462398
-671622
327176
-3781695
4663508
-4138502
3315883
-1406597
920758
4554841
5913938
-1084947
1545776
-3171905
-1374267
4471537
-3078283
-3979792
-2371777
-1702997
-3119254
255554
-3695473
1347492
-2990083
-96042
-400057
-2195462
5105924
-3010391
-1462703
-507419
-2327299
-4929956
-4479814
3818779
-504984
1303513
-3131281
-2696477
6587614
3738069
7148806
452625
521372
-312689
-453031
4841644
-2810557
-603240
-4652157
-12258
-1853608
4267523
-5588871
-6859579
-868332
2838721
-738227
1526463
-2512210
-6045141
-6962150
-1348402
3565298
-2619472
-136325
1027310
-481055
-5560829
4395014
-5999207
2947747
2859344
4306411
531173
-7141921
174537
2859068
-3307443
725372
4250078
-3103831
3373175
4403027
-2445071
-7139198
290352
-6072673
-3759677
-1570956
98425
-1263162
2829873
-1851819
-1378586
3614500
206045
6914287
-2989474
2222239
-4847879
-3482249
2554134
2646901
-2492381
-3371241
-3788576
-6343098
-6156787
673327
5294928
-174562
-6413945
1370594
246207
1787771
1786553
2781877
-4613473
2445244
-4871455
509399
-5426323
-2659087
946449
-7155598
-263727
-6229996
-145218
-1936477
-4207645
1289701
-370647
4026975
3873912
-1313522
3639948
-2424944
-1564462
-1254751
2885510
598342
-2175561
613209
-4235455
-5976686
2275110
-5844416
-4388153
-2498937
3672958
-675534
3004949
1033648
259069
-934865
-1649160
-228270
-8379196
-1423046
1947153
-292187
-764750
-420721
-5745368
783565
-1894657
-1036643
-3420125
-1854497
-1450912
-5510283
4439119
-1605099
-6974123
5827355
-5360107
-3692541
2173643
-2099111
-2191393
4216209
6508415
4425292
-416223
-1202473
-3232145
761066
154656
-619415
1240276
2246843
-3773025
4266664
3081131
-3072421
82682
-3917811
-5336971
893469
-1494386
-100362
2895570
-2588360
307275
-974163
-3556758
856330
5370117
5363019
2892514
7115073
1545989
616947
-1680679
-2348563
-5655779
-577982
-441653
5755693
3371722
4463419
-1663301
-1933023
1140046
-4912661
-580645
-374884
-3542390
-6118496
-7281997
-1665545
-1304410
5808392
-5351974
-2449644
890140
2171823
-759733
-5742981
-5733975
1559626
-1467297
6636812
-2634570
4677724
-1208000
5936198
320829
-2726377
-745082
-2072405
-2531320
1890707
3761984
-2125974
-474998
2702362
2789081
-1884324
-4446546
-6904333
2799912
-371224
-404397
-5917760
960313
-314996
3307424
484315
-621406
4980695
-1347908
554071
-203639
3512661
745961
1278050
2561049
4420869
6067578
-6399815
3235228
-6409730
-552060
-240161
896318
808494
2509158
-4855538
-1038867
247892
-209308
-1781533
5784496
-366988
-2465764
-6082951
-3790891
2702087
1040169
1587743
1416740
-4998224
-439434
-5094164
-2517987
-2157823
-276374
1850451
-4863789
236764
-3801574
106404
-1535670
2326223
1370106
-67105
-5955164
27282
-1126886
-333997
-2279760
-1080311
-1279809
3432990
2288339
744227
2362230
-3332054
-436370
1765177
-6546406
-1384126
-1166664
188737
-2866498
-1334150
-3416080
-2918763
-6229008
4871245
-5619289
-2383925
5141768
-18408
-404717
2987458
-442018
-1458677
-5359198
-1976941
-733087
1979451
-6966323
-3131431
-907601
4873801
-4533727
-2174190
-1278429
876354
-2194993
-1511170
4948336
-2663264
-5630020
-2106718
-4115804
-6641146
468850
-220459
-944925
-3806226
-2189936
459943
93853
-1704720
752655
-4302875
165479
-1790896
4682953
-2773153
-4731280
-711498
-2134011
-5652537
-8156247
-683688
-2314743
-6681776
2559021
-4806588
-2329245
-1535423
2098125
-7072070
-1934114
-1343066
3631860
4608327
-3959509
3023469
3480248
-1948533
-1667595
-3810915
-6921012
4554716
-2259578
1479785
-2058918
3142381
-5317796
-2557728
-1661939
2695260
5342088
-1403129
3701128
-5767393
3021803
638953
-2222648
-2192960
-6120610
-2691274
4038668
-5715825
26809
-7015533
-1098419
2855273
887051
697601
-611331
-4067937
-5507052
-2096698
-690991
4402650
3738548
6771406
195837
3459177
3318905
-3905532
-4691144
-7635822
-5547165
-3524954
-6433964
-111389
-4131534
1766128
1990278
-3105992
197744
-5687422
75850
-1888292
-232441
1655870
-839303
1167564
-618700
-2469597
-1369760
3648631
-6280054
-774073
485472
-213093
-5512927
-5515878
3674648
-7410428
-3783495
-4775693
-3021110
-1928109
-184618
-2877953
-2976875
-2531989
-726641
-933094
-6686982
-2772275
5304246
181772
5012011
-589249
-93715
-5568262
4421127
-3568105
4393638
-5377591
376854
611431
-4549994
-2188258
1303859
-346585
2922513
6097450
2173234
1259769
79498
961277
-93819
4457587
-1389089
-2363385
-5323099
353096
-2043078
830644
-5052247
4565250
-3544304
-5690103
-6070412
1295330
-525013
1533301
1123114
59237
4203251
1677149
3121532
3837591
-661582
-569730
-3812596
4966102
-5529933
-5223761
2245137
3489133
-107284
-2141438
-973373
-3038582
-2865507
-1165199
-1227698
-6263928
2310497
-2139698
-5121960
-1284922
-2006669
-906585
-3197201
6167317
-2288584
3397171
-233277
2639833
-497227
-2349919
491229
-1314101
-4246665
-5879977
891920
-1862649
2925059
-531717
-4162232
-822514
4379417
-2496033
763474
1474389
-381986
4131157
4486963
-787747
6402438
-1725091
-1535077
-1987095
-260115
-1138320
-3142609
-238195
-4528354
4809138
-390334
1993498
-958658
148252
-4058236
778576
-1482701
-1114077
-454419
-6383060
-922453
-375696
1034926
-4830928
972280
3339742
3013667
9898
3591452
4451115
-4825042
-3818820
-311331
2168215
3068818
-1971964
-334920
-2027498
-7085569
-3120652
3992112
251962
527135
132773
-75648
2573604
-3997274
361077
1921602
4859843
-791503
-998124
3114668
-1595747
1051647
-7625436
1981540
1834994
-7416636
-1035634
3346374
5722794
4090346
3911998
-5361905
-3544635
-2947449
-5219831
-1719182
2690445
840554
-397501
-5924167
-3158353
4133157
1539747
5683444
-1456394
-2575628
3046028
-2348427
-1521804
-1587634
-2066530
-5079502
5956895
438723
-4519825
-968605
-152205
-3840197
1741489
-2477308
-39014
-2295947
-614298
-679987
-6074471
2276664
1475886
-5896195
848842
-461306
-1413906
-2534857
87728
-1206630
-855543
-817671
-3931629
480442
2959786
-4761652
-780459
3664510
-2513311
-1702914
3550853
2924963
3629991
-3274620
1937492
-2071854
-3045600
-5144107
-2722844
3188425
-1229811
2633158
-921757
-6088859
-1618221
335727
4833164
954791
4540507
4306133
-2543477
-2125857
3760055
3220778
-2397960
-1151576
-3189490
2302299
2768190
-6982021
5587457
-2074340
3271375
-3346759
-454246
2329771
-846410
1296569
-4832370
3060830
-3811469
-3767023
-1153721
1964480
-502407
1302271
-783803
169487
-2620629
-242370
5159023
-3841252
2066851
2287723
-12489
-779299
-6146926
-5070087
303290
-653458
-1244621
460615
-2721816
-1434090
-6591728
50362
-2995293
-6437111
-450296
-1761317
722308
828692
-1823735
-12104
-2781166
3460426
-1037910
-902372
3926417
-6505516
379007
-6302055
3903751
3341048
2934226
-2126116
3438106
-5883617
-291931
-2647169
4738511
-2689984
271777
-3711373
761832
-4871498
-5171317
2682413
-5100455
3183874
4065620
1333239
-2709070
-1351011
4080937
3923830
-2575598
-2066120
891143
2622855
2717520
-3446189
78690
-2731150
3571502
-2698864
3217359
-2189133
-3267595
-1035361
-1288772
2420560
1366470
766333
203175
-1600249
-5624894
-273653
3347280
-59132
-4361142
1421820
184135
346679
107522
264048
-3453372
2088018
-1941719
5927105
2987986
-6614544
-4188490
-2869669
2570644
5056951
-55017
-2486307
1097686
618029
3285535
4063982
5678091
6963237
2023199
382015
3609805
-255205
-3418614
-5442332
-726091
-2875370
-751079
-2928483
3036173
-3459307
-3067952
-2656165
-1927711
1210635
-2922394
-672645
-3936522
-2007456
6716228
-2216995
-6086202
-2129252
-2921443
3403749
-290759
-71337
-926556
-6650776
-620097
-4301380
-7524776
-277430
4223885
-988906
-2144447
-1608107
4146627
2747261
80760
1228643
-7850026
2222833
266730
-5287567
1280875
398477
-5494793
2781069
-5869917
-1163974
1748772
-247049
4478129
266521
-3053498
2956633
-6253431
-348299
-6366855
-8121634
134874
-2068869
-5737873
46232
-148755
-4142902
995297
-1062774
-6981115
1336412
-78688
3072088
-10800
-2335136
-6524684
-5416569
-4044604
-3885249
-4168022
2062670
-2004272
4292000
-2259069
786984
-3921160
-5448890
-311320
3957939
2737175
-4191393
4562687
-2042248
-2753272
-476954
1389646
-6413759
990436
22681
-5546398
187488
-5908012
-46407
-5324775
-295227
-6089680
2154793
-5570329
-1716495
-361373
-4831641
981652
3155565
-2557509
-6475291
-7549245
2360266
-4874601
-1012488
118414
-3869159
4560328
-3431683
-3349188
-418942
762726
2826196
1702418
-5523904
-440616
2783676
-6143538
5214996
-8265983
-1244251
1612852
-5206693
4367273
4428827
-4019820
-1954234
4563266
5211692
-1598312
59215
2467155
4911220
-4881040
-1225277
-2566981
509044
2672536
-5261
-484671
2886156
3436303
-3224567
-3536945
5882230
-2434605
5309239
-672553
-4169587
387261
-922923
3005241
-232885
4182840
-4346482
2849317
-4544813
-946676
-6803284
-2066510
4412695
-5367458
-2670329
-2261836
-4742429
-483776
1644379
-2417273
-3998874
457092
2811858
5001806
3781140
3692670
-3932034
-4255343
-1396128
4316276
1286115
-419712
761358
4787043
492791
-556213
1395031
-2293558
-6167345
2903073
-83788
-379861
6013786
-652381
-202707
-6008343
5660400
819446
-4034633
-7409880
-3656147
-1339025
-6948673
-3296124
-1739280
-180424
3512748
-58966
-4462772
2828043
3093451
3054448
-3155750
1695164
3603503
1432211
-368224
4519900
3236182
-6034049
1419131
-3764326
-738619
-565604
-2360833
-6410924
4444852
-298269
2285718
863926
-6438017
3981831
-4759479
-6027667
-973306
-2288132
2062405
-2349580
3719667
-374159
4136634
-2401827
3795455
2857499
-4462799
934243
-1951365
2366179
3839369
-4554967
-3408174
501522
-8027092
-6296992
-1267543
-1053037
5877517
-7024701
-2649874
-215831
-1762804
-890609
-4887839
460481
-6914127
-1000156
-2066047
2624818
-1295173
-1393045
4810286
-7418071
-689962
-766364
6224335
4035958
-2115248
1893027
-1659027
-4425822
3472142
-5071364
3069523
3929096
-6454533
4896239
746810
-1368084
3963306
-2313685
-1976815
4891998
228488
-967656
4791535
-1269503
-5662221
-3184923
-5295031
-544843
-4232041
-4101470
4422549
-5792945
1877570
2597573
-5349292
-1910033
1243941
5853293
1370850
71212
-4906197
-848583
-2093524
5753945
-1080398
-3039091
-771262
-2846852
-961585
-74142
3911770
2360679
264132
841501
-4940639
230386
623308
4455257
3496851
6119474
-6312811
1242247
906
-2976061
2938622
-5954341
602064
-45114
832120
-6898873
-2743957
-5597226
-6697443
-5356860
3319920
5910388
-5935388
-180053
-4774479
538975
-2901053
-3931503
797852
-3712132
783450
4253318
-514113
-2474990
-5474358
-4573622
-1260961
-107524
782828
-4790243
-2951184
-752370
-113666
3882907
3572520
307600
457331
132417
2491064
-2323833
-7251913
-4285431
4246603
3323465
5448059
2489300
-6482672
2510419
-3323460
-7005799
302091
-5185849
-4418165
-187475
3106970
-2209729
1931236
4645818
-866309
-2678445
-3753810
-6909692
-3261417
4027366
371949
-4176900
4744519
-4956307
2404279
3230628
-4184392
-1292760
2036073
-1884640
-7515591
2709087
-3455338
-228655
-1394547
-3959094
-6734069
-5187326
964062
-2433900
-4513744
2136033
-4463010
-2763529
-378034
-5293626
1123153
2545087
-5898753
-2747879
-1391119
-4464546
-1098809
-4042593
675498
-2021929
-2357835
-4838857
123838
4721870
-740836
-404421
4003979
3741933
2175704
3849709
795046
-2166780
-6471643
711534
-224672
-7253348
-6288420
-206471
1942138
-2810018
4211056
-157324
-5199233
-6056226
-1638230
4650453
-3724981
446796
3846555
-843555
-133571
803451
-3157074
-2893089
1417150
3795237
4597363
-1189597
3685890
-2665299
3672873
644507
-5876091
288837
-1307707
2475577
-902347
-501794
-503705
1843497
-5538866
1978733
-2143347
-7943091
1863706
-381051
-344128
-290534
-4398416
2568843
-6895601
-5684700
2512453
231879
-6996925
-780409
-596201
1326939
3064106
2131756
5622582
-1080672
1852452
154372
4197020
-1415165
-1138036
-2362207
1594291
3658226
2492588
3629514
-2873880
2688895
-4928232
-1788562
246648
-5619128
-5397988
-5044248
-623736
4961793
2205712
5497647
408424
3600722
-3557917
-551582
3660685
2582930
3033363
-3010345
2655924
-1948681
-205738
-1162442
517951
-2702497
1590419
300340
-4779679
-927078
-762894
-837931
106543
2504146
1294252
6428071
-2988653
3539478
836651
-3062045
-2985524
-1436597
-5397999
4644558
-2154443
990671
1699794
2678807
388049
628570
-2409363
-3004379
977334
2414515
-4234261
-2279988
-3141592
783680
-3851347
952010
-2449188
-5795962
-3004382
5221099
5521072
-5675229
2087775
423425
-3760980
803555
-5914851
21790
-6107284
1354374
652
58094
2965386
-929704
-546248
-4985918
-5169285
-1056656
100703
-8284
2289684
512057
4154103
-5783698
323455
-450011
1533957
1879266
-5628857
-5703639
3819549
-2904058
1512423
-5273745
99971
2416983
1959356
4081445
-5021604
-4666281
1440182
-1733743
-4827385
-406688
4673026
-523305
-3288262
-714221
-6853517
2019592
-3099423
3116201
-2930075
3393537
3450548
-5590976
-3885449
9735
-504423
3399080
-2876229
3860940
4157108
-5450415
924082
-64515
-4661799
2123331
-1672691
4387647
3072307
-2014658
1341212
745612
-948123
1772027
-2037620
-6818729
3830462
-4750539
4500259
-3311238
-4348060
-4900021
-1666447
-4739372
5167566
1719984
-2488514
792887
-48892
-672697
5129968
-2386061
-6146840
-2147826
-4291540
-1900725
-1945617
-2694030
-4477911
-5922962
-2584184
-1039415
-3954603
-7312043
853074
-778325
-1729723
814217
725843
-588506
2909680
1049211
-7097376
5071895
-6434636
-6162034
5244334
1937830
-2828549
-4983061
-6242144
-2628074
-430772
3491769
1772517
1735522
315223
5256368
641288
1884946
1662563
2036103
-3639224
-797336
-1666918
-490244
-4063092
-2230984
-4351456
-558718
-4211512
2736872
-4455197
-397354
-5856078
-2844497
1326929
-2160978
535441
-760176
-2784757
4309210
-998828
818634
166128
-5184384
1084163
3076089
-5562270
-1308041
2893802
527360
5672379
-4841138
-6592113
-1447676
5724933
-2127652
5126932
-1082831
-597817
2388925
-323809
1558218
962884
35594
-3360836
-3051236
-905674
-6233997
-5021209
-264420
2206658
3251527
-557075
2221885
-688757
2913891
-2714979
1879512
-5621997
-6331234
151337
-4896599
-2806700
4589201
-3037125
-1653714
-1604860
-5288035
2732349
-4661144
-469947
-583055
1220732
-4885195
-2440079
1815691
1958551
-3399639
-180727
5162682
-3501196
-573945
-1019383
-5658936
2285214
2016839
2186569
-1994328
-1203481
-3673264
-359776
-987085
-7515075
-1293087
-3582944
632301
-470714
-1976175
-946345
4294122
-719125
-5223493
-2810914
1000764
-4539036
-7064491
2797862
-4916855
-3527335
-7042622
2427342
2413053
-4169193
713751
5879370
-2623176
-5354838
4323270
924962
3085822
-5276526
-4285544
-2719548
-7563044
4363079
-5473288
-1851285
5247046
-1733026
-497466
-1068907
-4060797
3964972
620412
5576920
-5397639
-1267956
1885165
-6103113
-291055
-633152
727156
-771592
4976048
1587843
3815822
-2299792
-989887
-7193130
1737854
5149187
-534759
-3070066
-513110
-243723
4356708
-6027018
465296
-3726248
-2852099
2400077
-1999589
2846827
2408040
-1010538
-3767633
-6034301
1696538
-2068485
-2191895
-539229
-3485842
2217310
675126
-2006096
-7551167
206318
-7374850
-1215518
-344354
3001741
-3133550
-694211
-1098614
5501792
285772
-681968
-6163022
-5391949
-6466936
273289
-2596516
-3886029
3787763
-3524108
4043462
-5043411
2380698
3611926
-3681633
3756486
257700
1316441
641006
-1147577
-419772
-3870342
-1039275
-6798494
-3741452
-2012107
807215
2111951
2393035
-113276
4490607
-350750
-4185377
-733244
-4522167
4984277
-3980246
4569178
-4306615
-1966644
987198
3692724
3453647
-2266137
-321901
-2690277
1571356
1320886
-1358118
-3102573
-2633739
-1275326
4503355
-5607406
-2284455
45249
-1493368
-3080732
556259
-2561306
-2833979
-2860720
-1681469
1627369
-3503660
-2295049
-686435
-6091864
-5458290
1564542
-1808937
4175284
2640465
-1816722
2545808
1301994
-755523
1268482
3211023
323155
-3556609
-2850307
2764397
3229790
3572451
-6637927
-286202
2640118
1022986
2998496
2519494
2706031
2874927
-4998513
-945305
-5493867
-3516303
-55577
3229025
3608780
-497830
84823
-1957395
-1682985
563787
-272129
-4158369
-373651
965701
-1756145
389309
-578388
-1800132
5053055
-2908164
-915697
-3815997
1156689
-1346456
-61115
2661370
-5512842
-467855
-2362605
5604759
-2260652
-1503771
2612674
-1837112
-61606
-5563946
-1369844
2803444
3856424
677891
-7499013
-5466505
4725705
-876433
2076177
-56664
5906586
-3323441
1352286
2565152
3221916
-5992897
-1674373
-2254952
2937702
-1838154
-5528072
-2608346
-5056773
-3227563
-2214982
4465375
-6463334
-4711641
-3955210
-5842053
-1149726
-6502361
-70907
-228995
636147
125778
-5252991
-4118077
-4020946
3880157
-1053803
-4120584
-4987806
-2393161
-3670975
-341228
1064832
303738
-4630076
-715786
-1713355
-580896
-1510293
2788141
3838934
-2371536
-511010
2205537
-1459964
4246831
-63953
-2055744
3175283
1229881
-1891300
-1473462
-1773402
-3770031
-5408027
-4906992
3706791
-1449610
-373252
-4796104
-2261576
3720051
-4372724
4569839
4119144
4974643
-4903602
5764273
-2985727
835343
542881
-5296902
-3874239
1675301
-3433381
3149732
4256453
-3594207
-380112
-171622
3291801
2103112
1547020
-5238808
-5722751
6644508
-6246592
-6907118
-306969
-2007478
-5158352
-4350458
-5611913
-1503815
4717873
-1082139
-338484
2609176
-5318676
1684084
2066077
3862569
-3517123
667581
-4677909
-5720830
3153279
3235686
-2655738
2586817
-4978811
-870818
683948
-605975
4028692
4809593
-725500
2930664
1245244
-1876910
-792646
-2702968
2775489
-4104416
-2356321
639183
-2678675
1941715
-1596324
-6266146
5428721
624378
-784846
-6697255
1867438
3879629
2911855
-2587563
2371826
3654425
-4737963
-6763112
4161833
-6466235
3328522
174273
-1267536
-1180750
1250072
-3523852
336494
-6890257
-2238418
-2643547
-6129444
-3831624
-694805
-5802177
1290141
-4164935
-7471575
662048
-2196672
-1171569
2321992
256736
4542888
-4313617
-6933249
-1433784
2472236
3169612
-1868555
-3730029
-4077354
-2336311
815970
-4777855
5347659
4099343
3033007
126858
-4575578
3487119
2538375
1756886
4485872
-1442103
-6204545
277435
215903
829036
-5379191
4615890
-4174163
-2534325
-458583
2943045
5040109
-2418739
-7127437
2480718
489377
-206317
1864722
1040623
-5404750
-4986307
5208586
-732796
6132273
4342824
2361808
-2926564
2751095
-704367
-4478540
-4648682
-2671564
1362071
3938242
2974895
-372468
4469212
-922765
-7517596
1881947
-4577044
-1069414
-1873953
4211361
-6209333
-4579057
-953332
1256999
-1522018
1849269
-1049222
1511199
-7008480
-7864261
405317
1853054
4221918
-360891
-5553742
-1049415
-6677459
4321546
2481633
-6365282
-5657936
-6745379
-7360245
3265701
-2715755
5423737
-1080616
5609228
6087244
4454468
4985191
-5263931
-4894760
-407162
-2817490
-3951473
-5317402
5573388
-7173620
2061594
-2083711
-2105185
3579278
1732482
3723591
-5217110
2676899
2523695
-4206961
94702
1246345
1197430
-169545
4209521
777637
-2253170
2895553
1013941
4186984
-6080932
-5386198
-1450444
-5061185
-6786798
-3578327
241910
-2860983
-1639959
-1281242
-5602
2687866
-5029311
-96281
-2161027
