-9918973
3808346
-1336065
-2991386
-5320522
-5454391
-6402156
258630
-4341988
-1267095
4581110
-11698673
360958
6331405
4163468
-2975644
-4442152
-1324272
-13951110
10586448
-5694322
-8113259
-3003650
-8127569
6632200
-2027996
-3963312
1800839
-5365264
-11892586
-8652413
-8388177
-3208332
-2088011
-1668196
-307920
5495554
-3564530
-6471261
1893307
-1981450
2514362
3672649
-10071372
4065231
3126351
1565853
-1029538
-14608224
8637058
-3503801
-5035659
-4212384
-3303864
-2627050
-1106564
9518485
1184524
-10730776
-146226
355807
2550750
3545924
-10113225
3575355
257446
883527
-2085289
539051
-1756744
-5635328
6277886
-1708339
-114731
5542429
1679085
3561201
-2582017
10401851
-458855
3222146
-1977223
487756
-6660248
2104177
-5603992
-1932280
4558822
-3712393
3445316
3371950
-4554157
-1296729
2420168
5841636
-4208846
-9165910
3518419
-9769302
-943792
4043509
2023598
8924546
965082
-2338609
-9580240
2348847
-3581792
4915632
-1640985
1960002
2658897
-5537895
4429752
-386136
4810623
1552506
-5157541
4244108
-2891429
2099810
-4072885
3094128
-10597334
3056620
-451565
3348345
210847
2118929
2762506
-1320695
436567
-1814186
-5807011
8459810
-5339476
1121032
-2293578
-7473704
5089517
212677
4080379
3114042
9059216
-450925
7134948
-8305155
3641498
9050903
-2473175
1515566
2383165
8477408
-3656977
-7805165
1005806
-6275082
-3878887
3885219
7262073
-4246813
5430760
7574008
3916547
1793779
181343
-2637035
5119488
-9606699
-7255705
-4020230
2881752
5172754
-3085738
-7570215
-8446
-4234014
-3819826
1053180
5407542
1396136
-7081629
-5362693
-5712124
-11556621
3199427
5218625
-4179038
-1271895
2320808
-7768222
-4107696
4903520
5354154
-985746
3812383
-478979
-578189
2059031
8886263
-5243803
2740223
1660450
-4316888
1388119
-2626951
9098785
-2593568
-1554577
1283211
618675
3403446
-1491763
-4707158
-4753059
-399581
-7010901
2251973
8412691
-4907460
-2230892
-11003417
-2999078
5186574
3467998
-438182
4924871
-4867105
-7347185
-8341691
-208045
-1043309
857266
104497
-2259058
174683
1796948
4663557
3767140
-5414776
-10205892
5384240
-1024192
-2144146
1638081
10005478
3662563
-6351875
10163613
1067976
6286435
2181733
-1713207
3106754
-6125683
3199021
-2810886
3661451
-6219138
-1724204
-13526671
4052403
6630125
10858314
6219576
2087039
5738594
-11962452
4700900
-3370011
27137
-8474313
4826495
-8632131
3769284
2201334
7951499
-6622073
-4033630
-3008650
-4077527
-5133928
92118
-3319316
-5416612
-15513084
-2567387
6779731
2351854
5131924
1856534
-11315760
-555459
-716868
-1099113
-10490638
-10771418
-7213636
-4995902
-2108908
-8587449
-8821975
-1646268
-869837
-2501808
9554009
-4959876
1690929
-6422322
10221202
5361523
-2578967
8353448
-427656
748622
648290
10032172
-5640113
-869396
1436919
7616665
9611431
3743680
-3300211
11316783
2567526
842251
810956
-6600603
2542789
-6750461
-1857520
305336
2519705
-6321611
-1766594
-3622243
2999641
-3678993
-8182716
-919387
-3586382
-5324640
3670032
-3746782
3674060
8352406
2304392
765666
-4102274
-507997
1412835
-4396543
-10541979
-4786766
-10190509
1455583
124135
-6179193
3292717
9481776
-6575243
-1572191
69774
2364378
-4950817
-4711281
-415294
570148
5704218
2695183
-2291196
-7306675
1948067
3649676
3245675
1230331
-154055
8828429
5525672
5442327
-8775842
5480113
-6133588
-889419
4190036
2987612
-1610675
-294748
-643849
796198
7901354
2206293
-976557
-2564561
-8856997
-11695285
-7354746
6563009
334915
3679155
-7341327
2785466
-4561501
-2642998
636135
-6687192
7072982
3781802
-5112437
4684461
4830612
11351173
7836211
2361860
-8518471
1189956
-2889123
-4569939
11310090
-450062
2831285
5293405
-6255306
6797856
-4116082
7152311
8801522
-144999
4498911
1908146
-1997511
9388625
8023972
-748909
-5653282
-5699311
-1692169
32990
2215395
-42645
-4980914
-3624088
-4927763
-3709376
2273399
576508
4131541
-5991002
-4326339
-3467698
-3240039
1647633
4378819
-11339718
-3569787
3794720
5250143
-5901306
-1635529
3303183
1585340
5141554
3567344
-2408885
-1246383
-6725350
-5506649
1115364
-2651369
1738886
-30295
-9462463
-6436750
2047429
-1729570
-4782820
5130881
4198241
-8805949
-2475833
-978310
-4994887
-5971857
5961773
2211109
2844125
-9142070
5936791
-5079030
5656703
-7031844
-1421992
5157031
932326
-4064273
1545646
9825614
3111789
3439622
-7409441
8110943
-590492
-4036862
-3338602
2084082
1128860
-6765909
3835374
-2758213
3603723
6220691
-5910985
-15970784
622671
-9890874
4054707
2999363
-4195001
992843
-12932501
3944712
-2188114
1157934
-7289961
1455483
4965075
9362455
-6263966
403445
-10807509
7060514
1038267
-3511129
5259707
-4079178
-5011513
1420262
-1665995
-5741798
6119684
-5928987
3512212
-2266233
1704405
-1836069
-5114306
-7633804
1380506
2328790
-3369627
477296
3140501
6929122
1559564
452431
6197475
5204615
-1844520
-7752489
4808486
83177
-7893074
3934264
-6496443
7700375
-6415154
-1717047
-6521158
-6116960
1134879
1653111
5328122
9872142
2620436
-5273882
842259
2006079
-528945
-7770123
2238537
-3203377
-8493180
7607121
4381136
-5970683
-2441116
-9664165
-1400029
6421208
4993435
4034200
3584500
-7605929
3361552
1815946
9451127
-1830898
2928676
-3389442
7596439
-8860654
-6547122
2078746
7126299
9369410
-3719075
-6687937
-8874728
-7213465
-6432274
-4982057
-1893325
2601921
-7551178
8557643
4367877
-1979529
5123420
-51606
7440734
-2402629
227735
3389161
-1020298
5652557
2664034
-9102843
4514135
-4898696
3871475
-2504751
-6053037
281212
-12173410
2459362
8111339
3529620
-3668555
-690119
-3494340
-6174475
42570
2053243
-6785637
9794576
-1377112
8532198
3332455
-5994368
9326182
-5544275
8202068
5719026
831256
-12637075
4813928
-2154405
3982588
739628
1685759
-2623322
-418096
-7042592
3856808
-1382414
-5851074
-4333842
1653648
3452402
-5243196
1039470
-5911129
2675246
4560164
6972847
1495652
-3989679
-2735976
-4163164
-4024915
-8962053
-1634135
537592
-2486714
-1380179
6900096
-947655
4645723
-2098975
22548
-2065984
778740
-3794650
-7659282
-4709686
4048233
-7824201
4583588
-7515742
4701292
-2056903
3638087
115288
-4539432
-4979043
4458867
2844151
-9059970
-4065170
8398686
-5834426
-631277
4136242
2636070
-2695023
227091
2387885
718468
5809038
-2795766
3504
-132560
2082349
-6502246
-4233907
4330781
-11435820
-4384661
-347490
5439848
5372751
2672815
1091391
1158497
479281
-896467
7088718
3765249
-550778
1465290
4610950
-3100964
2621745
-8019789
-1224625
-10459332
-5620801
4154994
-14149979
1037961
652341
5960059
5170815
-8899453
1295492
-7673515
-3901175
-3254937
-15049459
12477293
-6518000
7481394
1342317
12924307
7246640
-14859962
4086745
-4117949
-864783
2872205
1074451
-11176273
-4365218
1209554
-1085791
4454505
3980548
-2767920
-3829544
-10096609
-972172
3077228
1217435
-3112126
916243
-11724560
-3315882
3288681
8096127
-3448115
8912984
1113062
-397218
-3500231
-56455
-2384426
1194805
-6644293
-8625955
-3905810
6136856
4614359
-8550169
5289544
-4053981
8693715
1167116
-3717473
-2706826
-6027713
537329
1521153
-9640343
8946489
-3512992
-8713474
-1142399
7007968
-4046563
-1088766
-10618150
-7954528
-8154974
-3092892
1553592
-10925910
-8762139
6108091
-490284
3505971
9131557
-3282523
-9932726
1438215
-4410324
-1035517
5035470
6785756
2983580
-842985
5211255
591761
-1879133
1494616
1640373
-8005846
4024201
3961611
508849
-1736479
2187568
4435783
1309096
-4925785
-6918127
3271347
1055556
-1150977
-3127656
-3317528
1164645
-6262809
2002556
-10061650
-4488277
-287689
7481698
-3448126
1114043
-7307765
-4136545
-8807810
-2857716
1636969
325117
-1628570
992075
8274037
-3425808
4206236
3689599
108100
-8169534
457870
352399
-9273772
8516365
-5422220
-7675414
9050774
5500887
-10720149
-4666598
1087276
-4293888
-1033972
417319
-1644360
-8651289
-10022328
-6627922
3333374
639987
386360
282330
2958801
1192547
7517426
-5800216
-4268029
3045378
4870421
4082009
6359415
-844002
11954717
735660
1491830
-14063066
4729810
-694854
2516929
-9067905
-5504448
-503750
-3290460
5298718
2651616
-7900033
-12513291
-4011851
-5696910
2990272
-1514257
1498269
8582624
8286528
7261171
-8267886
7211009
885655
-600050
700583
3158090
9258218
-1425219
-4238544
-3379429
2397612
7608102
1543248
5037737
4594766
-3286404
8731237
-241558
7201259
-2085662
-3291195
-8527671
2825267
-4121376
8558279
1992641
-4090395
5078304
2488034
685176
-11341966
-5493856
-8290889
-2164346
3013438
-3911802
-8069674
6436460
-1334595
1754856
-1025951
6162003
6093013
4852175
693399
-4520882
460496
-3431864
-427519
-9365169
4218484
5266344
3495433
-6779208
1781566
-5060514
1703927
-6549618
-997037
6934850
-5888233
-2536511
-4251191
-8229439
7217899
9934856
10206227
-7788983
73648
437050
-7649867
-1608841
2042279
-5766823
4390952
-6197482
-1675987
682102
9703286
-9407209
-8722448
1888879
1566486
5042629
-4429290
-1474797
-4797004
5334744
1541808
1032759
2204377
-6254432
-768693
-9816130
13688683
-432982
-14288256
-139873
92208
535401
-9027091
-3899453
5886959
1475532
-3498687
7648381
-96279
-955395
4392499
2836868
2501770
2192037
2144025
-6573521
-7216394
6659041
-6118044
-13330449
-13979205
-5858612
5916621
1578317
-3912019
41142
2290722
4127479
-5761972
-6985431
-8991166
7448284
-5259281
-5844110
-12733992
-1592788
2727530
-4046392
-1095270
-8047013
5737036
4902558
-6007303
-3230104
-6170602
289616
2779659
1425806
7231687
2730364
-5567986
2369637
2263217
-2131302
1538427
6739647
5034371
1526736
6775697
-2969766
6560227
4901895
-6158988
-8617247
4152502
-1243056
2579771
-8116502
-283600
-2900223
-2858254
-7362654
362612
-4251403
-11936345
-8630316
-5186022
5626432
-813422
6550405
-535563
34615
8027353
-4014352
-1889257
379196
4375953
-1766477
2366857
-10069906
-5023503
-1253523
-2630297
7388213
2211990
384616
-761533
-8088532
-3734330
-14691734
-683034
3042857
80916
-4258336
-3984458
3817188
1553441
731499
-7833863
6660212
-6580963
-8381819
3275524
8311530
3248689
-410744
-7739901
7658335
110861
-2315367
-3795382
1428803
-6723731
2246160
4771420
3956328
-12441764
-6572397
-1854811
-2483425
5699027
-5614707
8728964
-6137385
-3416337
-12355086
-9981937
-9388707
1046369
-943665
2257949
-5848834
-6348528
-4686393
3483886
10299847
-1895406
9644351
-8922314
-3464181
2089942
-475446
1833280
971258
2616722
1129703
7309494
1238400
3098686
13350
-8560256
5167381
-8270
-3093493
-3080441
4320305
-1075175
-6732835
-6932739
-6065065
-1242031
-4908176
5724195
8522322
3980739
-916989
3312859
1348865
8064489
-3365533
-13229382
2349120
1842787
9158023
-949210
-3289086
-3415396
-5755233
-4096327
1117470
8303288
1385671
-9543367
7220915
-1077631
5141787
784125
-1527968
1654445
-217874
361240
-2482972
3632188
10176356
4669424
129223
3356258
-4666275
6012330
-5182153
-1693694
2803072
-2156241
4002600
-6399876
-487844
-3471125
-9358339
9053521
865880
1818841
-4337093
929173
2651819
-2937989
8206366
2837581
1673578
-3865956
-11765596
-7249669
-6941139
5844671
-7469557
2179254
-1544046
-3809453
6515093
5541353
2965104
-5394971
1506972
2906692
-9875931
24079
-1544394
-8400953
4997780
-9348567
-6238818
1875688
-15108110
2205677
5251384
-4746380
-3441931
-1043831
-2646340
1202645
-10070018
9572777
-2602786
7203935
2794255
1317073
-1257081
-4261173
-7501620
4708817
8313456
-3005003
8733532
-7665854
6238767
-9798562
-6565219
-3491649
4816857
4909372
-1524344
-10002178
2189243
7911848
7212
2531689
4775807
-14605589
-9843150
-9577095
1510390
-11526343
81303
-721499
9179854
10419177
-6570914
2613311
-3018481
4873260
-11958809
-7051217
1476629
1886383
4822192
-1871753
6606485
7119101
-8540012
1643543
6697930
-4194430
-6609883
2173950
-1645445
8835935
-6369074
-1737235
4782492
2278948
-5294528
-5814761
-4028711
-3102415
5414623
-1060924
-6480692
1577169
-5832964
4175575
8726041
-2509296
1134759
9407580
-5756071
-6075543
926590
-8197366
3778078
2057651
7734182
1698022
2041207
4822686
6050079
7431106
335892
321594
-6406144
2518708
-724412
-190331
-7308402
8412346
-5914274
-7515666
-3877606
5555356
9246976
-2685511
276670
2222046
-1054386
-78939
6193951
-8649312
3749874
-4885615
-539065
-3835821
2222647
-3920918
-1574785
-5788603
-4535636
-15670584
119561
-448338
-12362197
1277613
-4591921
2252542
-397826
-153821
-822349
3196986
-5805707
-3584159
1677037
-363453
2674298
1685257
2414532
-7536338
2351849
4077109
-12637702
2397584
4160433
-2702382
4691313
1439888
12094350
5756783
-570155
-2474615
-7983485
-1484673
-11980422
-1680973
2500462
-1682210
9122424
3495489
4398196
-13775680
10106977
-6694727
-14618
4283183
-5988009
-4782534
3902981
-6276649
-6925727
-3147587
6773124
6046496
-7940323
1198948
-5622311
-11876356
-7640147
5059932
1675190
7884077
202166
253072
3165912
3218277
-1368213
7361671
-4389846
831767
-2795301
-4554301
436772
3872076
-4356968
6469388
4850802
-6572464
-2709210
-3838610
8864160
8068816
-839431
-4807376
10172976
-4048526
-7748782
-3355616
-368298
-4956577
2397038
-298523
-8781016
-3111844
4183623
4730738
5624088
-10218332
-5254461
-4682421
2937249
-3057168
2279107
-3237424
-5296565
1526640
-12376370
3408761
6332905
-1929431
1069539
-3908568
-6622694
-690503
245246
-9065192
10641372
-12475320
791004
-3743985
-627058
1120939
551762
352598
701639
-2267530
-6114000
838906
7205993
294105
5825304
8928612
-9442872
2115640
5375550
-11738191
-10377263
1096575
3561108
305923
-5718848
2516618
-2552549
6711328
3306839
-11769732
-6432920
-1312842
1520690
-8499053
5206239
4226355
456087
5690130
-7425806
-3740470
-15255799
-7260786
-5670922
-4242423
-2677796
1693985
3183092
-4821877
6495423
-2638598
826424
-588451
3001404
-7572374
-7325120
1635222
1030002
4152218
4022541
5624118
-10106290
-3428485
-7028358
-9095909
595061
-8819682
-5426383
1908077
-1627449
1625197
-202678
-2942328
-8255800
-2162778
-162878
7372293
-2091979
-13829081
-1044174
-8648422
1397489
2344509
462158
-9241964
-14019838
-4002594
4395434
4675845
-6436969
2589295
-1384458
7225351
-4955337
1966678
6316092
-2170712
2658030
1149266
-1820336
-3464251
7945965
-1453719
-13930496
-242818
949003
-829341
-5892332
11424368
2835553
-4401519
-13714948
8737506
3887107
-7670388
-3748673
-1574897
-2573222
8397793
-5646439
-2037126
-109280
-2799640
-3186661
7323601
1637158
342825
-3171016
645921
-3194146
-2322876
-7251026
-5313107
378251
-7230196
-4354060
3838216
12254769
1022982
-1395389
195077
9101016
8509504
2721813
7106807
1632479
-1234576
4433354
-4894000
-2739841
-219838
1017068
7629050
-5229296
-2765697
-1562924
-7338907
8066402
284811
-10946426
10856391
769293
-7153011
8097237
-4986913
-4850223
416
805009
994684
-7699141
-250814
-2453869
-3335982
-7003092
-1951187
-5322426
6087528
-7138917
1917158
2790288
-26459
-3735271
7706670
-7709919
-5611249
3158774
1200697
-4991937
3684675
-9163766
-3653400
2724021
-1124433
-9465211
-3937659
1421846
1081049
1862751
4673375
-5960094
-842365
383330
-1170642
74687
-3364766
-4228032
-6817775
3372482
-6751122
-93848
7289374
7699402
991159
-3579208
-1227030
7063165
-7267684
3250154
8948087
1721757
-5632425
6990176
6377876
1399749
4426211
-4734663
-7957321
7344012
905535
1196362
2328549
3083754
8950969
6324013
-15170924
1458505
-1008801
9071729
-6583202
270331
4848647
-7494267
4039991
-5045043
3558457
2414768
270660
-4798998
1545472
-7805978
2151831
-3693742
10912841
-7889542
6033214
5560759
-4272518
9260645
-7412845
-2114599
7975167
4227059
-6968015
-2700729
7348324
5191102
5403353
-3582234
-3810975
-6704899
-5244504
3659566
917207
-8528052
4905951
2353888
-11585369
-10397385
7328936
6041486
-7257388
-3530119
-972594
1273871
-7857733
5029476
6317384
-8227619
-4301554
-10192736
-4992624
2443154
-3293241
-9201914
1068267
-121480
-2446184
2860813
-10534978
-3377027
-200894
-286961
334596
1170913
7598349
-171351
2965548
-904110
7745000
-2395342
-10902314
-6968501
1013551
890895
3460049
-5219879
-4915623
-8329954
4749760
10387924
-9149590
538379
-8322376
-5307413
4122323
-612219
1150260
3539545
1461500
6647887
611494
6914947
-3448614
-5334099
-4913738
-7910147
-2571302
-7982702
2171771
-6363497
-1369257
-5366260
1855039
-2880576
1439849
9431455
-7707379
8925490
-13006973
-3092659
2853157
811058
3365463
2987306
-1875724
-156493
-6690806
-7379916
2696162
5005224
1469281
-3664856
3885351
-6304745
-1544455
-6407595
-2869219
10091222
-15771827
-8859870
512435
-746737
-783178
-154464
-4150799
-3660019
-2782325
-4145345
-1268252
-8960405
88309
202858
4288901
-85995
2030051
1622610
-5460252
3050036
5910374
4870252
7827005
584452
-2175048
-14966584
10489417
788543
6065323
7146806
1248431
2983421
-10240374
-3708577
-6149247
-1085198
3851621
209647
-9778657
459839
-704042
-5288760
-2142829
-3004908
-5643644
-3735121
1874129
-1390547
5242020
8356120
3985148
-6809412
5233374
9405933
700832
2216053
1418747
-2048890
2949589
2280014
8263067
7321519
-7347972
-1665770
16114
-2554640
-2718262
2396914
-4551296
8978988
-8927927
4228672
-7838648
2593931
-3639065
76741
-5519312
1620651
1269271
8222155
5213349
2358396
5364207
2866395
-1823983
-1576338
-8525859
-7479487
-711296
-1641839
-11814663
-472687
1340719
7552930
7064547
6105581
-8815561
5535090
2640457
-3414906
6911626
-8000259
-7891144
-1027664
7157431
5738963
847304
-1744485
6677510
-6476446
9676900
-10334088
-7621759
810517
-4847182
-13135055
5651518
4668007
-6798196
-1250428
-11490268
-4449255
2860817
-3019742
-4853573
-17003877
195250
1516677
5540814
2721478
-9154269
10409923
5897861
-3020679
-817260
-12412565
5019445
3297215
-4261139
714790
-3694349
-1451221
6239199
360372
-1223080
3511128
-1473570
2645868
-396431
-234581
1415299
1014322
418154
3357730
486109
-3482000
10253943
8559856
3365518
833597
-1768090
8969529
-8881996
-526006
-2503198
1986189
-13131871
1070151
-5638092
297457
11298209
3140255
10713377
6215438
-3385770
824053
-3600004
-462149
-3179027
-327527
-1774747
-5459792
-675426
-4509323
-3046443
8369816
7834452
-3453450
5538877
-5232604
-2505419
-10617951
391470
1874119
3041620
1774711
2979117
-1230925
-4009111
1537557
5779515
1132299
-6776730
7454078
3204746
-3501847
-7152060
1835988
-6729056
-4898762
2815369
-12525134
1388568
1105663
-4445499
4578288
11487513
2387463
3484608
-9010843
3994850
-9620696
-8681622
5620744
1910187
4309775
-6581753
6607708
2769286
4777630
204709
-10529442
-1425306
-4886227
-2694585
2537393
76877
413579
3383829
3458643
-2764826
-4621175
-1481851
2862675
-5226736
4274274
-1577284
-159768
-9567218
2319292
-319991
3464321
-6626587
-6467907
-6382381
-2631073
-487487
2416141
1891391
-5031389
-1652568
6252412
-8524597
2264205
4135157
466648
1651302
411894
4507166
-1062213
7632782
7018887
1532836
-6800712
4298596
1922765
3767206
-408446
-869968
1590325
-1676805
3655919
-8239219
-10360112
7733637
-121855
5172812
-1443541
-1292101
5569501
-9820076
-5389478
-355427
-6288430
2756330
-4928245
-1546279
6447346
504626
-6363883
4122343
-5185356
-7144748
-3665213
-1152367
-10093124
1212662
2438186
2833497
9202291
6455642
3245011
-2105667
4104936
-3692165
563779
-3205873
604224
-5507397
-7296992
2450349
9863658
-2950488
-2313465
-14261106
4649429
-7507647
-4943019
-2554505
7615691
-7934155
-6712428
7238625
3000044
-10570280
-6323063
3340756
-8552239
-1238874
-9552631
8010998
221003
1119858
9520747
-1096436
6864380
-11121827
3518978
-564988
4541420
-6750668
-3730151
-3285565
-6890114
-598247
-4660971
-1363920
-9947967
1260428
-6936866
-8365958
1512830
56488
285014
3558757
2083297
-317400
8090731
-9893190
-4109079
1438572
-3434448
4686526
-3944696
-4705894
9190708
-2802155
-3171969
-5053079
-11878607
-8011956
-2783927
-772131
-12952136
-5470237
-1212289
-390813
-10402448
-1256125
-5429900
3797918
3233852
-4931688
-1916598
11318503
-3741191
-7351436
-4864109
-5043324
-3847603
-6740733
3281776
566111
2196686
-4377943
1436512
-566746
-11606425
-10004793
6299980
7952627
9708062
-327080
-8055756
-2120730
2717032
-12516733
-92457
-4522964
-2736015
-5834199
3058536
-5235170
5684414
-7221664
-4830543
-4296554
1469376
-4228406
10348822
11558863
6153413
-9408623
-7485958
-7005145
-2859763
-7085615
-3170624
7333273
1871526
3304010
-8642917
4165321
-3279525
1009339
-2282421
9112312
-11377324
-266022
-4171852
-7542242
-784430
-5984036
-1444190
6793577
-13387665
-3502854
2281307
1014540
751828
2934169
-6670813
-4953396
3206317
-2602219
-4568036
-5628039
6678606
2058603
-4883575
-700651
3408891
7216283
1453161
4368466
125747
8636002
2221603
3527025
655247
5820420
7558936
7069724
-7352877
1564502
-3229327
-4325878
3925073
-4362995
1325788
174173
5734894
-4871618
-2048083
-4995690
1091799
7896235
-5150809
-2076344
-9966178
216857
-623974
6135996
-23866
-2020027
-1580173
1969490
2212219
-3296560
-2689914
-7523482
-4395903
-7362776
633054
8028361
2966471
-6152132
1727441
-4991480
1513440
-5651983
2020502
-784331
3514431
2758362
-11447716
7406655
-9193929
-650921
-888142
-4499305
11565904
-1462704
5146644
-2438922
6366485
-6113773
3023564
2177901
2853945
-3579627
2084694
-6338271
8126006
1814580
544290
5609402
7201877
3539363
-5251009
1283484
2513704
100609
4691551
2354700
5639413
4642921
7396838
-2375804
-13250542
-1032218
-7024232
3522815
1576451
234437
1616908
1631887
710543
-4554666
-3936144
-6628621
-323215
-3583905
-6670124
-1290538
9611043
796381
-2881604
270122
5081415
-3186346
-6018948
-2000164
8721682
1561352
-1276708
5006965
8862061
4321583
666376
-1523424
-5012453
-306441
2634859
4601863
-926699
-8180547
-6242418
-3528270
7623034
-7718045
-1385605
-3496884
-3315527
-5636130
-8720137
-8524709
9487345
-3023355
-4963427
9730765
11055643
1043461
4153330
2940386
417889
-177328
-2549418
-7230245
1610435
-6163801
-2080586
9241446
3063152
-10050360
-1111471
-14397678
-3376879
-2589667
-7485276
-6567609
-11133514
-4249339
-4785746
-511831
-3661271
-1362346
-545754
-7956340
3740697
1362362
-128429
222667
2701925
5139579
-289552
1847531
-6171429
-9243860
619347
-1044939
5155155
-8591603
-4928610
-7397058
-11203233
752575
2146050
8485612
1180521
-3464693
-2014731
3483958
-2223397
-2932790
-5084591
-9594644
11484368
1132841
-8741321
5553881
11187732
9355230
-5741807
4892272
7323645
4396604
4066428
-6406207
-5348427
38507
2085732
-11230673
-8247297
-8024557
-4700797
4289437
-3564397
-251909
-4369362
1155350
3477439
6384136
-868086
-5336353
-2066338
-10680434
8610720
-12112010
2747835
-9841067
941729
-4750313
-2668339
1894991
1398356
-5287684
-5275941
-11549224
-6396314
3150087
-6214775
-3178657
8625781
-9288403
-3459399
-45020
762871
-6294538
1332200
4459020
-5854155
-387377
-5354310
-8734972
-4319172
-3860400
-4657054
12187899
1900498
-4233906
-14687238
648403
4282494
-2454156
2732446
2289323
-6149158
12768037
7361698
1563372
1318905
1613745
-6368942
-298013
-2314228
57000
6020637
1049093
-2072375
-2538824
-10352552
1247348
-5847445
-197692
-5217744
241016
3142368
1389757
-10294819
-3201490
-7645468
9210554
4709206
-6801778
1569935
-12569928
-6701880
-3357429
1421053
-7872038
7571405
-10717448
-978635
-9374925
2454631
428217
5337551
-7464979
-9164790
1177688
4442745
-1042100
3019880
-5105898
3284331
-151798
-2178828
1103170
1728517
-953805
8379070
200976
-10186705
3920458
4406128
89424
-7056674
-7024860
-6281575
-6713236
7517418
2387871
7650207
-6145447
-2740871
-758004
3436826
-1315378
-14820324
2707747
-5326805
-11166861
-10042682
884219
337764
-8910997
1598487
7479382
2294248
380561
-6997503
-781466
-16833026
-640257
2126191
1268188
7060029
1484292
2189180
2351022
1037018
8390900
8852595
-8269507
-1354440
3246653
-2709413
10423270
-6409844
-732969
9490494
613428
991775
8328502
1617099
-6863641
2489432
7944551
-1909005
-6994292
8108395
-6345615
4157798
2712069
-1284745
-2596951
6818867
3890056
4452209
-2100275
-4467647
4368981
-1035109
5032015
9876118
436600
131081
5110928
-7883831
2068645
7383199
2149919
5733834
-4561594
1429049
-7827219
5176405
7218005
-4176980
-10550903
-14924109
-10408835
3208483
-2330304
8697195
3009126
1985044
-5624245
-2129491
-2724359
4407128
-10302955
-5798207
4790537
-10903239
11050854
-4211348
-7096894
-1559327
-7257463
5505718
-2748561
-10343796
10828825
-2198843
865526
-7140150
4015778
2144716
-5667172
-2525753
-9352139
-6795658
1731958
903413
-8798327
-1369032
665414
-6092768
-9576703
3421570
-1190133
-590381
-11460312
-3814379
-2172679
806680
-1342867
-12936147
-171567
3693001
-8208806
-980395
6072820
3337182
2645221
-1787934
2177083
10172622
-3826052
-4832297
4863439
3712464
8296103
9196395
3907873
-1356469
-4633850
-7097281
-1239734
-1514441
-599853
-9662233
1678273
-10415018
-2611427
-9693751
-4470973
3549170
-3401415
-1262528
-4720891
-2199373
1032755
-6016370
-2371893
1121365
-7905317
1021013
2556335
-4636047
7602605
-12185567
-6500752
-11676823
-2465991
114046
-698428
3143083
10183050
5914165
-1282846
-5791155
-12583298
-9165445
3715748
5469740
-4702729
-5150361
5678270
-4392632
5027723
-5833721
-3648098
6414662
5632917
-1850342
3238284
-186400
-7629189
2314623
1353526
10291578
5782357
7604011
-8716389
337443
-1686371
1969931
1757032
-2067330
-1574491
-5783543
-5518651
7570173
2009679
167091
8944651
-13769092
-7965544
3726742
4634953
5609079
-13776431
2115788
6752714
4337370
-2408527
958051
-5299173
-460966
-638848
1299398
-2435182
-4432556
5437782
1212797
-7036164
3643382
-4695635
4492352
-1795401
-1504612
-4391879
-9207600
4426607
-16468
952437
6324351
7592354
-7708291
-5304593
1416753
8248884
-1016554
4386898
5496666
4985085
-129325
-6403030
-481066
1329652
623448
4648873
-7132802
7605708
9194057
-8819109
-130137
1838706
-5226460
1569899
336156
3361480
1753228
-1258681
-6980095
-3502878
-2960679
-7267266
487015
1588119
5723256
-1020545
-12317303
-6911809
-10752896
-6024227
3629073
-4207710
-865316
4530336
-3161991
6080929
-7438867
-7068831
7155357
5545571
2164995
7849703
-7797655
1264200
-414611
8619804
3464536
8816093
2689192
3548696
-6688525
-4060996
3040735
-3421505
-10154406
893500
-6995586
-819086
-5283558
-6279688
-4047960
-4271256
-1615960
-6362257
-9452759
-9381431
4938638
-5448709
-5232573
1418444
-1758512
1534177
6073418
7986927
-5411205
-1023495
2352479
637948
1207104
-826329
-45529
2529344
2520014
-2882999
-1094955
-6106724
-7366530
-4618346
2277188
11680834
1446854
-3857666
807819
1236165
-4043680
3430427
2896302
2822045
7299026
5337804
1965810
-1750664
2756534
-5050011
-3165607
371097
5572893
-6767167
-7305909
380008
-3030052
-270525
-1288931
-6720139
-6738523
5008048
-14630908
-6505955
3246750
-13385838
6716706
-10002824
-8510879
-7916199
-8394198
-4350149
6782384
-5036909
-10512
-4378073
-4935159
11987673
-2893482
-1424749
-3845024
-3832196
4793472
3525239
4754547
912860
-3063838
3081551
2662220
-7678928
-14649519
-686207
-10459431
-792660
482400
-566301
-2027566
-4064112
-623933
6340556
-619709
678874
-2345690
7637686
-1829666
4934778
2331128
3485339
2635356
3237565
-6194476
3453248
6740100
6751834
2409274
-525756
6012044
-2216889
-9026119
-6197165
-2638219
-2259493
-3432086
7882773
-1066551
1503401
-7487540
1385842
7904999
4771769
207039
-946128
9154419
-6879255
6594507
2119607
2782344
-12234395
-7623879
3568130
2823210
1382599
-1614784
-11584853
-3931417
-14902088
-5768661
-453782
-4745124
4604006
6688915
-3508912
4220667
2194245
748708
1534860
-5049952
5034388
-4214935
1016350
-7632755
-4303165
2089810
3299241
10602536
-4518951
1647145
-4219546
-2455951
6400732
476939
3213477
-12368316
-1829489
-3802045
-264930
-4339052
-8629670
-11314609
4172832
-2392012
2972662
-629161
1965542
-1990767
3046994
-12567619
4573582
-7210974
-4151048
-509389
-10411933
-4665547
1729623
10169132
9697280
-833487
8840768
-4238125
-2637460
436965
-6322307
-4018129
-3048446
4517164
2153813
-7303667
3023795
-4961049
-4956337
8555842
1196449
655989
-10062396
-4998415
-4964297
493291
-2922040
-7345522
-1945229
-13938231
8740077
-752804
-8340610
1517201
1374620
-907359
4123502
-443009
1005518
-11557471
-5129396
-9928331
-2321677
-5988537
-11873953
4529782
185025
-4185574
522636
-2757933
-5069289
-5717873
-2270012
8685874
-3519425
-4354859
-591891
8463418
7846904
1258042
-4665685
1829375
-2977176
2909234
-4425089
12819122
-372912
-7759293
8634344
-167364
9471738
1551290
11954407
8161180
3822143
-462605
-8764820
1142096
-1443542
-591371
-7951867
8565098
1667007
-4474264
-12857539
-9426796
10343337
1517155
-1103211
-13896
-1404115
3553419
5135440
1668873
7072015
5896601
916092
-4589973
10379105
-1220141
2000645
-1146928
-2396558
-6359130
-2441919
-1771152
2902981
4554854
-1496347
374982
-1027858
-5381271
4810933
-9228439
-643509
-4964885
-12207760
4555888
-5670528
-2155907
-1680433
7631936
9073891
-88880
3069225
6177428
1899550
-1328569
2331673
3468570
1747770
-2603350
7512013
-2897848
551077
-7605959
2220880
-6252038
2133473
-1083680
4202040
647273
-7573433
-1476454
-4018957
820555
367193
2031461
-6437756
864143
-2872145
1216331
-12155018
-16056811
409864
-4749012
-4239267
-6323920
-3796405
1916171
-3645481
-3050166
-5719682
-2953570
-9113048
3805350
10024185
5144828
8234952
2674904
-720108
-3825633
-9714652
8513117
-8395237
-1557591
5370968
-7000362
10089214
-2197460
-429981
-14987085
-1795775
2429423
1378065
4387512
8357298
2405805
5284389
4603690
-1334785
4487250
-3960972
-1626271
-6929859
423840
-4821211
3886682
-2888257
881093
3472953
306417
-599295
7354237
2472439
1234678
-7691305
2646829
-6255901
-11849911
-7569575
-10380002
-14846393
9579836
3713813
5539523
-832269
-5399341
504479
-305476
-7576200
-4599923
-4964205
46533
3854657
-8926440
2798348
8882868
-2526478
10409323
-4476453
5665213
2175781
10427404
8838016
6455908
1651985
4215788
-5922440
-5891886
-7501324
-8527099
-157679
-1528348
-440901
-7010939
3569703
2124516
6813736
-7383799
3857752
6135351
3281307
316055
2827109
-7135494
2640369
2078392
8951177
-208909
-391229
-2759915
4746939
-9903188
-8459835
-3621909
-5151713
-3436863
-285016
5900336
-7729065
1540139
7612126
-5995060
2174618
-2004158
-2504270
1054569
-6728649
3653201
-3938628
5174120
7842550
-2086131
-2391064
4453434
-2656968
-7652328
-184715
-922784
3933591
1997689
1077670
4525378
2959460
502464
-2189810
-3218546
-10147254
-5492370
1529489
1279566
10955736
-1040671
1650595
1412322
-6417838
-3452639
-934553
6200881
-5250498
-1421442
-4021196
-5155282
5449075
-47597
8947875
3015535
-7564544
6133080
-5333384
-8947410
4190691
9537739
5673628
-5745482
-6708043
-2333661
-1968760
7427616
1973843
-7490255
-7843981
-4177894
11552291
-10346127
10874262
9936883
306948
-2838516
2476684
-2338982
-4149545
109273
3362678
-4226968
-1892545
3344880
3299621
3597923
-9895720
-674577
4830880
1850804
2510825
1917519
2471563
-11485251
10222282
-2179043
523077
-6321312
6241931
-151054
-2036041
-4416598
-7500624
4432761
3026736
8124796
-3148075
-604372
-1035429
-2553731
4325092
2012646
-4351184
3183560
2877952
-876384
2839756
-1974865
-7754444
-6250515
-8055423
-780157
-5096813
-8036363
912220
343829
-8558525
-785194
-6352965
6012660
1032169
-10354332
-5236861
3566750
-631326
-9519009
-8278954
1173203
-4432698
-7225615
-525753
4785606
-1682841
8476790
-6366743
-3694651
1794353
3419321
-4667928
-920975
9096477
2984814
-3812096
-12216260
-1437709
8680793
71966
-4385381
1948643
-5950792
4372894
495854
6941502
9267636
4270227
-6573496
959378
2540319
-14840406
-13015644
-4319466
5449934
7280992
5996140
352998
2369050
-2315219
4662487
-4357501
110636
3400540
-6716444
7172580
-6981470
3706392
2428013
-4703964
-2069777
6560938
-3757139
-5757825
-4960826
-4456031
2847033
-447818
-9604787
8783772
-4093340
-5534892
2020955
-1287988
6224985
-8271629
-3627566
-7143183
-9854519
5641292
773125
4971356
-8080621
-5584944
-6744207
796705
1968600
7030531
-1740307
-2376490
-9537648
-14759370
-1495833
-10958339
3354721
2186023
5912933
-4435121
-4480426
-2419276
-1419943
-5369826
-2098719
2224534
2080312
-9603907
-5485375
-2028609
2678895
3667313
4443748
-3761114
-5845727
11689357
-628082
-4133114
-2872315
6761416
3019554
-10542673
2128239
-15082754
2302989
-281844
3286177
-2154581
-7561700
11212550
6902785
-80570
3472132
2842264
1476290
-2979413
2654329
1708097
6087073
-6067345
2793260
-12514118
-7929510
162515
-8483520
8722432
6484928
1102967
-1047775
1724244
9237924
-4487509
412673
4326580
-7394357
3109800
-6003947
2169565
-5637221
-3687393
-6204117
-5201653
-32819
4799636
-3168142
-6421503
-4712732
2605212
-2225366
4378416
10304339
-8440056
11193674
-2808409
-6223541
-6268271
1294644
-2484124
-3539386
-6477372
-2764727
-6509334
-5856580
-3679340
582692
3800100
2092007
4279323
-1023035
-6592270
148706
3663108
509857
6485388
701231
-7760228
9159977
-5539061
2208806
-3541321
-319584
-5378402
-7772193
441127
3660375
-6945891
-8344997
534076
894391
10878508
-4686641
1470557
-6557160
6388768
-3341833
7968343
4095068
-9581652
-5967101
3070867
-324754
6616956
-9803959
1035426
-5136791
-4505490
6187100
-3537877
-7678938
-690734
-3072446
2322011
8067792
2453227
254417
8987595
339110
-1917361
-1168079
2631775
11558384
-10537865
4151401
-352282
2437073
2200483
-3393951
-1137852
-123800
1325282
6160155
-2034580
4373563
555674
-2814863
-5263307
-7843014
9265066
-43900
-3167997
-9139886
-3160168
-2124910
2963843
755754
-932909
-5145716
4865399
5525195
1317909
-4666962
-11404503
2817580
1270920
-11660822
-9467132
-7032009
1453710
9666912
-8036357
-8699347
2496005
5740986
-4470515
-3256112
-1872086
-3454352
-4810354
-6458440
2286839
5804298
-2520647
-2267464
3505836
270927
4409921
-214303
5878062
4892053
-989890
165798
2493627
1408009
3163374
1139108
6571514
-10451029
1118701
-4716723
-5969812
-5573381
3982330
-4412057
-416652
-3127716
-491532
-5275
2446351
69165
1257532
-4727763
-285885
1369230
2502531
1249504
-1483736
3354901
4340820
8922537
3579266
-5105233
-3018424
2331796
11519312
-1257599
-9894877
3305100
-8210145
-2069751
3452350
1027892
676572
899515
-4080256
-7384791
-108852
-1249472
937346
9706900
3356112
8094949
-5474048
513472
-634121
6671759
-4355345
2475978
-7184690
-3356053
-10342589
-7879998
3065760
3151494
383327
1112838
2069531
-4106108
575135
93436
-2201675
1656878
3686577
-8547515
1387134
-8831633
389578
-2279239
5908632
12166559
10423451
-7345254
-3438385
-6268296
-6669949
2737962
7696940
872351
7733507
3942221
2805650
-2956440
5473905
-1332743
-3309198
-516001
-3995889
-5602100
8476049
5077905
2064731
7659039
2215464
8791143
1530679
2762614
263422
-8107728
3905492
8924369
-13364859
7466787
3632767
5569595
886323
-680836
-8243303
-10699404
-7015292
1276783
3332237
-86627
4241606
4057528
1078383
764158
3612456
-6552780
2451913
4417203
1375766
-4092143
-254649
-1196405
11252296
-4821653
-8743644
-3908850
-5146785
-4773316
1460648
-1805302
8332086
-100006
5895379
-7397280
3503850
-1022004
-6131654
-6165125
3562369
-3077107
8572668
-2979464
2641794
-1728560
-10156480
-1010
-9080346
859147
-6134716
4244814
-8402423
5516260
-625777
-6869158
-5859011
-12301852
-4948873
5741807
-258446
-2197473
-2577731
3660507
559180
6365094
-7283540
5775886
-4606161
2357535
-2424790
7135374
9957358
9546697
-6533099
2052141
-2798352
-1484027
-294677
4257353
-4505850
-9515870
-9464017
-2016034
-4848925
3526937
-1048728
3483718
-1275456
5107177
-4999688
-5147766
-6251498
-3250594
1513244
-412403
-6378562
-5053681
9467987
3544098
-14269079
150073
1413781
58715
-9179629
-5569364
4225759
-1298503
-1484868
-14059216
2386938
442617
1265063
-13219317
6930395
7936594
-4334626
8342170
1666609
66224
-2958037
-7322288
3787575
-7369254
3742917
-4637585
-1993501
-2262943
2581206
2584939
-13073831
1499047
2443589
3999005
8845126
3475888
6484210
1479951
4646764
-8786028
4289593
6778571
12275549
-6561947
-2668319
5758738
5788625
-8547257
-4155243
-3842497
3868729
-6470323
-1988257
357740
3056138
-5838396
1750763
-6220474
58027
-3337833
5934861
1301929
-3601707
589254
-5864398
-10045475
-9362441
-5512975
1333379
-3651476
8257354
-6307496
9062662
-3907475
-1654325
9281310
4806464
9720243
-6505644
-2219360
8788903
820033
1477675
799676
-318934
-8196912
-8556328
3851299
-7174946
-486342
923709
4315842
6646722
7263733
894062
-10178977
9119487
6085058
-3829735
4325700
-2425549
-6025727
-3660377
3570013
4092013
-1510135
6419563
1905341
2789337
4168220
202642
-6418709
-3612095
-7695820
-8812741
282901
-6538673
5479224
3123901
297870
5020354
-3744346
-8256331
-4561201
-2603722
-1340492
1951296
-8731116
1615846
9107510
3552106
5245776
-5472400
4426493
-4541664
-6450928
-3963790
-1676485
428951
-6969367
3212581
-280057
1277243
4356443
1981792
-5547452
-2325543
-5992001
-7567228
2409127
5825774
7862016
-7467295
-5169995
-5121061
697425
414515
-2503860
-924671
2999623
-1102802
4613712
-189596
4218558
-5266293
2534713
-7988256
606493
-3142275
849449
3492346
1264948
-154464
1059884
1529957
7726280
1806340
-300862
-4754166
3399052
-1535692
-6197403
12466959
9915891
-5024020
1686301
-7953744
-6234035
7042082
-5100689
5733448
-1381415
-9254713
-3123188
-567420
-4146554
912152
-3011948
7338694
-5048223
-2525701
5271013
7092330
12951326
-1510426
-7371131
-5204271
-949786
534894
-399672
1243418
1387775
-5201218
-5222324
-6077591
-9585333
-533043
3145740
8015861
9793632
6394681
4566949
-3382622
5951989
-2040957
4765864
-2646091
-13711411
10393873
5465287
1081272
1980782
3325134
-10979190
4901349
9616054
1190992
4036814
-6261806
1316329
3960048
231238
602802
9056387
2917162
-1702769
-4802898
-1536532
10634810
1318547
8689371
928346
4057006
3933055
2619659
-8305435
-3413029
6802203
7850500
3433193
-3185534
-1524431
-9599357
4506236
-3291554
-13620687
-7079616
-8854471
1409755
-7174900
5025104
4250592
-1080041
-4450856
-369477
-7526235
-7408991
6017321
3916494
3262956
-2548729
1521848
-7112492
4477053
8291415
3604918
-12207707
-9055645
-10238538
-6350988
-10619634
6164394
-3100351
-5455374
4171997
2176967
6103900
-5756671
10378461
227934
-9187756
-2020254
-6759511
5643561
-92939
7148909
-11792698
1844759
-7719979
-9128773
7696018
5626287
-7543971
-6277937
507648
-5892323
3205581
6940791
-415545
-944666
9327539
-1315200
-6360069
4288075
3906427
1412257
8809801
-10337833
2743228
-656496
7158627
-303147
-9023494
-887743
9610614
-3443821
8599952
-818943
-2511790
-673136
-14264528
448198
-4652264
-6751999
1920687
-6419120
4734748
7043029
-682090
-10824153
2478305
-6248701
-13251474
-2860799
443414
1295650
-5365845
8571579
131206
4460184
943684
-2780724
-10657650
-2444618
3079077
-3798151
500351
434196
-10583178
-5445674
4818163
1537858
4942779
-3480313
-8516115
1109807
-6618079
-4296768
-4210338
-292569
-2279032
-6627685
1929284
-16152469
-8231546
1897962
1991023
3643660
-7875661
-4264128
1482770
-2877697
6604300
-734495
-4553089
-3216451
-4665317
4447734
-7809100
9002124
3148580
-1119900
-711016
-7685084
1234445
153819
8020651
-12560347
-709236
9189614
-2767308
-13165948
-734255
4021116
-5672858
-732417
-147797
-2846681
-3595577
-7603423
-16134709
1737816
10133897
7238275
-6451005
-7367218
4244389
4282497
1789046
-3368555
832819
8849385
-6653932
-5022242
5002900
2185894
-7303972
5548594
-9330901
-6077449
-6055585
-6915602
4536317
-5205873
9687048
-15382082
-3622197
147943
1829209
2834357
-8115281
-3196053
8140634
7670771
-615119
3189728
-7654077
3796921
2426821
236482
-1349415
-12617632
1024002
-12057475
-5392643
1031671
-7205034
-1463028
-3909235
3308663
-5417540
1561207
2987652
-4134252
264930
-6776326
-6955871
-6638571
4809961
-2059915
-8298509
2710840
-7906481
-5602105
-823700
4964336
4864568
-885206
5429910
3331294
-478683
-10199325
-8620840
7667226
12396750
-13803589
-3550169
1172258
-9320543
7254662
6387162
-91589
145262
-2528368
280727
-2626414
4659510
9000736
-7198913
-193646
930850
-5484605
2691805
3115785
-8286232
-8354572
-7692612
-8627054
-4915820
-3536962
-4402304
-487205
10138341
-5716730
-4443703
1605842
-6397234
-2378784
9118764
-2869799
11658078
1670302
-7474744
2344098
-7388973
-2265059
3286388
4455812
5970686
-3922345
-10695159
-11786175
1836360
108296
2712611
2133815
4419579
-4708550
337796
-1523081
8405386
3044171
4546498
-7230459
-3659141
-777434
2122883
565322
6453590
4791010
3169784
-5760956
-1776769
1884646
-3695393
-8328278
-1824095
6342867
526773
-2936265
-6804398
7948513
-7544596
-548473
-4344309
2960883
-8202556
-3317140
1775439
-2030726
412591
-6644765
615714
3794482
2052854
9730976
2412299
12609
502054
-3618619
-1482550
5808116
-5030437
608026
1882782
-4592788
2314854
-2448088
3287763
6125834
-8256351
853987
-3298755
-11053613
-635314
5657243
1714750
7412093
-2539327
-6810632
-5371838
277949
202702
3787059
-6503846
-6427036
7267527
6151845
-7723483
-3115755
2661573
-1394291
-10537610
3408381
-12030740
-3267536
-6372712
398641
432558
-10043431
-45347
-6916269
2704900
4003219
-536400
-6059638
7467784
-91100
-4285060
3769553
4308383
1694134
-7626524
-9506055
60269
-14351806
2892540
-7685080
-8165735
8969013
1785852
-6869161
-3735534
2395544
1039490
-57540
-6520767
-10322586
-4127241
6520899
1331836
-5344793
1756739
4215512
-5163428
-6820737
5858924
3843638
2531118
4289729
266679
-4944918
773018
975256
-13578577
-2290236
-3881496
-5227649
-1411542
-1737674
-3992713
-1982946
-6335715
6725627
1490410
-3979964
4251813
-5759768
1873721
-501857
4628128
-14397657
395513
3293309
6990443
4022549
-6896241
-319885
601962
461398
-8146331
-9858677
-1918802
3076718
184790
2994941
-3026029
-10989349
7479530
4432357
7931791
-4792667
7235283
-3824686
1444378
-3968097
-297049
-5434115
-2304704
3008783
5983971
5224140
-2162110
-3177212
-7152802
-4332851
-2769538
-2419255
-3665688
7010422
-6523490
-7908050
10469121
5193103
2520613
327879
2721849
-9059627
-6449414
-3269728
7043084
-5211654
-507054
5480838
-5004619
-5074692
73763
11446053
1339514
421173
-5884599
6704525
-5782434
4661533
-7823545
6486203
3813031
-7853304
-8037469
10150832
4251827
-3152114
2034588
-9532401
-1121386
3814663
4316828
-3138165
-14716298
419224
7165159
-1067385
3667804
10301711
-4757679
-2277416
-3872330
-3321809
300051
8642809
1705419
1793679
-6876331
-8433317
-5693347
9777556
-3454568
3228680
1173006
-941363
-8130069
-5176942
-9896781
-2599841
-2719120
4825423
-96546
5213881
-4398661
-15416882
6333247
1299845
-5017684
-8765488
-3445515
2489959
2030080
-1795962
768633
-7931635
7144044
4933429
-2302439
-674725
-5781027
3231991
2523821
8779007
4618986
-10461832
-4573928
4099117
-7285309
6471307
567230
-7770896
-8904849
-860453
-7407996
-5717570
-12814450
3254144
-2264406
-360835
3016915
4441778
4270404
9802712
-7227715
-2886721
-3625872
371802
-1480378
3566818
-552195
-15307
-4183208
-1941417
-7454553
4972001
-1221019
-9970157
155268
-3977908
4124843
-8030881
-7430387
-3847236
3226622
6677131
9646312
2238648
-2307616
-7248048
-5941146
1739869
-4779853
-543396
7495683
10467483
-5943734
1617941
1175556
1031232
-4893402
-5410244
-3031361
-1680347
3210680
-16477306
-2873043
6732260
-1821242
-6553453
2197437
3211658
11053361
-13841715
-3809920
-3347426
-9930203
-1828155
2583825
4447224
-8221023
818543
-5181173
1271183
-962978
871291
600974
856380
2516916
-4529173
-12037356
1579562
1231664
3028657
3232347
3728843
-2116261
-6930952
238721
331988
-5223549
2581862
-5857109
4155309
4501896
339616
4892744
-6154062
-4924752
-9363883
-738806
4785073
2376308
3948392
-7312491
1110934
482953
1298237
-585566
-1979610
1437813
8886581
-11484532
11316556
-4542074
-1027190
-910045
-2186715
-2763356
-10328107
4065719
2714408
-6828564
-5804209
-2578765
3405567
-3637660
1690778
3450386
8024634
2677549
-6860485
4232853
-755301
-3295070
3179207
-11235797
6343133
-3838857
-8012978
-7098830
-5498388
-3611706
4824756
-5588135
-10163563
8506718
-3881006
5414473
-3460589
2698971
4821603
-2138493
924863
3269807
-5640762
1009749
-2532413
3399956
208576
8678174
-9026951
-6557536
-1154466
-3273091
-50145
9856455
-4141284
-1524539
7646428
-792472
3894157
1704524
-3549277
-3675188
520022
7101597
-1964785
1766702
3221928
1399698
-1216361
394250
-11961035
-6593488
1920229
322891
2865436
7413872
-8938003
1719399
-9830361
4637559
-6493370
-3515719
-2562808
-2271237
-512306
5948544
-5591940
10842803
-8384117
4382128
-3998330
8468104
-5810204
-8127023
-5688505
-6223861
-1236161
8758523
-14444565
-4591784
-7726948
4477317
2088117
-883888
9262222
-9460848
-1432498
5138318
258481
6253426
-6865978
-3771855
-10027465
-4913897
-5848892
7548829
2851155
-1091504
-796592
-7584728
3439549
-4490351
-2205348
-1732587
-2336813
2277765
2927836
-3948561
7833970
3573702
2013074
-5136838
-6124347
-11695499
-7160400
-5216934
-6842499
7205321
2242502
-4746671
5971528
-1729598
2220633
11979050
2056702
5700748
3848007
-5866317
-5206348
3850394
-5654735
10312471
2390274
-3267477
1962487
-86950
-6982744
4232630
7684798
2775240
-438605
10434066
-3913317
-6687681
-9671674
3535546
11413928
2211019
2624489
-4820660
9159390
-7241187
7172198
-7152630
1516274
-9055008
-4311076
-5235605
6264955
-5090426
2101844
-7654176
337644
-96737
1614431
1875036
-5747594
6005460
-10721183
-4556137
-8508575
-1060608
394437
-2812736
9353982
-3071419
3536990
4143542
-716229
4916676
588482
1874568
-3088951
9107319
4906703
-3953105
8702146
2228072
3135802
-3599750
57558
-6513814
-2655531
-5962084
72208
10019302
-1635431
2827986
3897111
-2217724
8250493
-7094180
-1504089
-6384970
-5082076
-241630
735222
1757060
-5849261
3910923
474785
-2051331
-4551906
4825858
1284664
753300
-4597470
977623
841447
-6016693
-2705938
-2614797
6740337
-367965
-13135911
-7367901
7853604
-8997395
5750595
-2310672
720122
7585305
2542479
-9969911
-655646
5355015
878762
1191605
-8525446
5528292
1472339
-588561
-1007520
999541
2099988
9390648
2372338
3417627
-9769872
-5563607
-2905619
-7026634
6391603
-5528891
10229847
5148653
-7279643
1193513
10074152
4787586
-2419376
2829381
-4142117
4902396
3038767
11002775
4762684
-4975723
-2756601
6284336
7504213
-7070152
8130046
371343
-2173957
-7695422
1525224
9801466
-3135355
3625098
-4802545
4025080
1106657
-12756182
2171157
2532485
218298
-2632751
4135410
-1542810
1150390
-8385495
-3654437
2094360
11585261
-4526240
1762398
-2452972
3034369
-4651181
4642479
3519500
2352640
5786019
2089639
1325049
-5198294
-8379425
1715889
-2422165
7164441
1579424
-9570173
623402
-11570857
1729481
4416918
5403677
-9502677
1300577
-15177582
10238478
-8598094
-2904999
7178309
724662
-1883129
-3893890
4112646
9753174
-4749391
8711217
3569896
-1160353
-455649
-5020600
-7178987
2044224
6779772
-440921
3251528
-5047419
-7721161
1896426
659554
-8254206
560558
10856103
-3453392
280615
-4852870
-14309751
-128483
10727834
7370137
312193
3195086
-7080406
1984812
-1904063
-6214093
3835040
-2594989
448955
-4644498
4547722
70243
11990562
-5385556
6576311
8143160
1407908
-11679779
1624855
-5743096
-4170145
2842802
-8863912
-9230554
-8728822
-6903001
5372124
1129040
-1573034
-5867042
-6905727
-308325
-2883242
969928
6820751
1646780
3045730
-214777
-15160544
1954190
-9014101
-1571470
-3808029
2528870
-193580
7086381
-8437071
-5538349
-947110
7214791
-6984344
26244
-7346610
5510700
-10664938
126737
-5407871
-10805603
-733561
-2395648
-6411387
-723158
-13319395
-3415390
507952
-6848910
-2374838
-3109712
-4598199
695622
-8470474
-689137
-7861289
3021333
-1354099
5540105
-371509
1340974
1996559
-2329961
-1542743
-689479
3369588
1564325
-7683303
10490144
-3864962
5849995
-807238
1867274
-6060423
-1224379
2401466
1697479
-6560208
-1694787
2164006
-1920101
-9351119
3753174
-3662356
-2965914
-1595431
-3020861
714206
-7913831
5049493
451117
1064506
-4926727
-9528155
10723658
3700027
-1886643
-4640093
3235960
7696524
9518768
1264867
-5159863
3478956
5836069
2331794
-2172583
-242044
4632861
5810407
-1347562
1774010
-2342635
3131901
1609646
-6042139
4257443
-4839315
-4136502
-9354965
6234314
-1045882
2152941
-624824
-87026
3180580
-1804552
-5054446
262872
-6167389
-7250985
-13694971
3362564
-8330137
1959200
2126662
-2484818
1808822
-6551869
5039449
-8988969
3677162
3947205
-10733722
-4964977
-6003687
-1600101
403130
1155633
1133870
-186577
-5578365
6694598
3093119
-2130767
1594303
8254598
1634017
-5403716
-1677579
892349
3011307
-3524934
3647631
-4739837
9383483
-1350228
5065549
-5023373
-4172833
6398413
-8011714
-4998250
-634639
-6880658
-4477476
-5298843
-791210
5759886
3197624
-3374285
-1656079
7063221
-1805531
2395077
1123470
-5992630
2531389
3507570
-720323
1419100
820599
-3501971
8598127
-7144360
-1495826
-3730711
-6797141
-458812
-1690578
-239567
261739
4001446
-2215192
1875088
-3313995
-6605249
-3022403
-5500648
-3111044
-4954907
-4215844
-1791417
-3995651
555897
1126564
703527
-5324504
2889732
1172270
1829777
-341528
-12070462
1048078
-2605325
6495433
-1443622
6526828
11151762
-9060822
7601209
2431046
3375454
-3585833
-5069610
4965561
-3737761
-2539913
-8823862
204732
-1533733
-126978
-9269621
2415860
6792596
3584897
-6533642
-7612419
-4846066
-7300969
10923682
363712
-623030
462795
7033163
3306334
-3831302
-5657211
-4014671
7368255
-5456766
1944431
669414
3151130
1394081
6911017
-15858335
-234531
8971240
2342722
-6543554
-8262845
1712674
-6042203
1778170
5966663
-301158
2678430
-10399253
-373823
-10309799
-3542486
909466
5496388
-6967921
7369267
-3634489
-7281075
4189280
54661
-7754569
-148492
-1389167
2911242
8435442
2723768
11293030
1916568
-2880704
-3961220
-6293866
-8779189
-12349765
-4874301
1695315
2229938
-3652829
-8778236
3566385
10559273
3267225
69826
-6561264
-399163
-708617
3105709
-6614179
8785127
3541840
144497
6913934
-439748
-2403215
-3120863
-11365512
-7609817
-12617072
7769253
822468
-8131801
-4952424
-7253877
-1849642
-2224333
1144522
8648415
-250883
-5882782
9997853
1268604
1020673
-2050584
1619053
1820073
2772259
2174356
1657168
-4156791
4090820
748698
5949726
-16114753
-4973696
-830598
2603602
-2986562
1828901
-6090286
3987846
5515639
-3861841
-2051894
6226036
7953562
-126108
-6592596
3345389
-2163751
-8007330
-8272662
3633222
3659783
1609790
5477414
3574638
-4715172
-981257
8986338
-2145297
3490225
1945970
-7372306
-7541255
1855041
-10669139
519653
-77309
-4335898
-2349101
2044370
-5858797
-7147142
13612907
7767464
-387335
-5605718
-7778501
-13397728
-698160
-6579661
-1483862
9348558
2194682
-4689323
-1600343
-8611713
4986448
950914
280930
4794712
-3090909
2817453
-589227
-5074899
-1251130
-1844360
540544
-2718265
3118354
-1289764
3663116
4827820
4340317
-4348020
-1540432
-6202331
-1695922
-13128302
-375939
-948515
324625
2091797
-5602135
7804558
-13994135
704429
3234676
1027643
3482447
10008651
-5316852
-4536410
2081479
-9345302
650808
-437166
-848050
-9778247
2057740
7169348
225505
11880263
1472589
2888451
-9245901
-211739
4629301
-7341027
5168788
461253
6243392
-6717494
5068423
-5680753
-9140811
698078
-11109575
7947911
-3380158
-3935734
1421863
-5574282
7435285
5344586
416231
-2198191
-1466259
-3650261
-2468215
2645324
2088908
6531171
-5174061
2152449
12440765
-3945699
1837317
5068176
5264360
11012978
2231258
-6195181
-5324684
129565
-11043264
-3445098
-1512793
-6203630
944904
-3284116
-6591254
6967112
-6274549
-5285568
4917310
-16626
-7435577
6042137
-4630276
-627209
8839043
4163305
5514116
426824
-2656641
-8485609
2716712
3378785
1443368
-6833335
-4667210
510474
7721328
1723054
-1418797
4312909
-9448429
-219578
1120580
2717811
-2007001
-7169109
2069941
-5789471
464842
534147
-1477190
-7266326
3644062
791420
1601537
-99049
1587458
-7446191
-7618681
-298662
-906494
-3767396
1254475
13067493
8471587
-3004414
1174303
-4853283
-4875183
1954370
9689821
101347
10606626
-2991285
-5982651
3298165
971967
2038103
-2290259
4843532
-1025895
4308073
-959389
-5830920
-6711577
1532931
4300190
-456702
-6139540
-5918081
-482939
-8606644
-931085
-9605701
-14247973
8395782
881431
-2821160
5453882
-5592294
1128747
-3521717
725173
7433320
-6658912
1659712
-5228652
8366255
2785971
2472965
3851719
-298357
-6873930
-6295429
9301360
-11778994
-11433620
-480145
2941862
6273690
693354
-945861
-1678179
5088735
2242758
7434735
-577329
1066184
3347168
1597888
3052708
3216772
-4301883
3350228
-7098090
-5842797
4058334
-5197813
8061702
-2470954
2852669
-4987617
1736042
3080176
-14096747
-5295732
2592539
1983794
-1686238
1008048
1504068
-6820499
4373016
-4457690
8132908
-661082
497952
-5541233
-2328734
-7127234
2224339
-1396441
4371807
-14325118
8342034
1164041
6629189
7823331
-2716859
1958066
-41794
7606371
-8312271
9131995
-5156949
3570901
8856361
7164024
3501350
-5853119
4067716
10147718
-179349
-3418378
7416496
11755703
6484218
-395320
397072
2392578
4712977
8424272
-6462461
3898918
-3991572
1882349
2331885
10340587
6600142
-776617
6888235
2894428
-7456102
-4290648
-665718
-10860558
10759749
-6602600
8276399
3392025
-1310351
4551331
4077536
4772312
1101265
7906214
326918
6288705
3605250
293047
2754103
2415389
5960864
2944820
2169517
1970813
5346175
-4535487
4378776
-2455854
-1155218
-7359905
-4000939
919487
-5046706
-1192993
3636846
-8329137
7016076
3012762
-159683
-5141677
-2608677
-2962838
-1066690
3654362
2224529
1206335
-8000829
-8753234
-6070249
-14259220
-8664137
-4951505
1960959
-6847300
-137096
3106180
4580352
-8128842
5899213
-4270309
7332439
9514790
5850349
2295843
5149657
-8332737
-1412844
-660617
-8046831
7242887
-2001832
6381211
-2493761
-755080
-4257666
3161574
-6143161
-1739021
-5261586
-2159573
5084190
-10221659
670391
-2793124
-2231055
-213170
6756562
9772551
6972585
-3271047
-12102999
1969487
3301378
4185767
-5961353
997177
-6086973
963632
-8773979
1763060
8093860
9450627
-2302711
4143427
3582595
1089247
4680511
8320634
640001
-1248015
2127485
-9286812
-7901623
-7027553
1228397
-3459283
-1068509
6425737
-5019089
1096606
-10341577
8026219
2989850
-2753348
-236052
2351382
-10703174
2221364
2297117
-896396
-2033977
-7406042
-4187855
-350045
-6149030
11202859
-15182897
10093931
-2385281
6553140
1733984
-7206700
7766069
-522906
5345688
5138647
-7973251
2193025
3982268
-5853126
-3635550
-3014329
1650460
5762460
4516401
-9505084
11743962
9282803
2559821
6038906
6362327
888255
5900747
59859
2520840
1848729
7107492
5167838
-5757884
-1492324
700797
-5952923
9665166
-5652008
3006960
-2097579
-6038575
603085
-1770921
-1406964
4531232
1048180
767115
1689728
-3778749
3288959
-2142398
-4220365
1240937
-3878693
-6850473
-10184292
6312181
10516140
-4273573
1329114
224270
-5216600
-5338548
2900502
-10391374
-7978292
-561028
-10429826
9170260
-7193040
4144360
-411684
-3161906
-2307808
-5120271
6064481
-5603607
-1386633
-5265949
-15635484
-2345675
7316715
-326536
895451
2904101
-6352233
-7355307
-5535907
6194917
-8301467
-2535463
-9513004
2786700
8545993
-3786619
-9116964
4524965
3320962
-8232144
-4221739
-4991155
4065126
-2129131
-13901460
-1933532
20982
1392996
-4425521
-5746084
8619553
7573692
-3629402
-1615226
-4123782
-7717466
-4439724
1956983
7119100
-3468305
8585704
-2010928
1017061
-7517849
-3110335
-1732014
-8048444
10284290
-1385205
-6755678
596658
-7101541
-10485934
-8388519
-2871206
-6325972
6642832
2771577
-11303759
-1067798
2742779
1994034
986277
-2590665
-6613691
-6659180
8083641
8100112
