308656
531275
553506
-378493
1035981
834905
961231
701012
181045
765178
70686
268107
-229982
-395103
391361
185960
188290
386616
744739
574344
362331
143103
927914
386259
985153
694860
-54255
624911
-61857
-755613
-26612
223737
568861
858415
-465686
-410115
-64137
34389
862376
690764
635130
971527
-127740
-528449
13046
-256541
472214
-29095
762845
436632
86154
263257
294883
-287943
139183
598243
332980
-122184
610468
-218718
-108729
-437183
-110455
508300
457182
826081
453008
786581
509742
753070
594537
751178
239331
-345552
562197
483683
-74042
-638808
102700
256983
-22823
501590
74580
340167
301836
780070
-47345
537622
956535
373526
432126
872829
1180454
-209274
198019
1136768
36946
-374924
-608526
268780
1100064
-199024
-89910
850109
-329844
-166601
189989
91387
616085
-81272
592156
205002
21424
-98978
338583
-36925
593343
512642
909981
529665
-98484
411718
-80627
-67956
295913
-356302
622997
1201112
766567
1143297
894160
602858
118096
-172419
509284
167724
-119063
399564
730981
52786
200975
869106
-182531
789719
-246916
35322
230442
253303
-190670
-363089
78029
322680
-4478
1196956
494658
582986
51025
855024
615824
831676
434435
30556
55016
-319558
346130
498191
-42483
449124
-195129
547641
489518
191467
406328
577529
-13751
1530353
56098
399550
1268309
916737
-207174
596927
544430
-178218
717835
104951
-391374
1187143
816058
23038
-40701
-49745
-243255
645309
1217180
636887
-199590
1407409
338811
1046065
390064
511369
-316677
512931
865640
-416427
613774
-167833
-454376
17599
62355
600115
-4553
847062
846733
601583
337701
401958
-340387
-162252
836208
-353207
-139674
482892
101749
411002
275737
228495
553452
698652
1075790
932164
853502
-270323
-90489
372823
-223208
812846
495247
-358668
842843
579575
689819
421054
-68134
382494
-561138
687653
1037748
590304
640929
7959
1275695
-270691
580233
858725
678220
509284
675959
508300
323248
289365
211863
-509333
-22211
686288
74625
147214
941487
688618
3626
500599
-8721
375642
-81934
295228
-4602
526199
297667
314200
697027
359159
136423
488537
837332
1031464
-105098
654304
490861
816482
197534
-401467
95350
234222
752409
657942
-136422
1186921
394744
260259
646513
-464181
1038259
31386
-205013
14619
765734
504836
-26147
-634967
-206023
283727
716252
604378
232912
-117589
451175
691117
548393
1002366
-242977
-199705
-24516
-9873
846876
10792
666558
-110030
1423012
-92247
156102
333323
-64954
-343077
677368
345321
1082055
163069
28800
-5801
361567
-96436
773389
338000
1018125
100585
588903
138468
308653
334628
351778
105737
89884
384887
639689
662959
-439570
-209166
-152902
917122
78574
777045
638481
-42162
-90136
511217
1101971
-313370
583118
-396476
311581
601292
-340436
190001
504156
-365929
505357
754028
290193
-35582
-369690
30282
440620
972890
579494
435175
743972
-76133
-30086
222254
-218718
968349
1146699
-21883
28044
295195
377063
-345921
-358486
687360
534226
69841
-311402
642217
42259
386206
-132992
580034
932681
-2901
149332
-3935
581436
513823
772007
-145736
168824
342956
68665
-678311
243788
-385819
792100
644569
953213
189691
23377
-182531
931107
-136653
471608
1263885
779727
-654173
-338775
343592
-667135
54771
754670
887237
-62463
-146819
129260
154275
252540
-54107
675459
29562
-85883
77388
172224
-485479
-323488
651658
321487
498804
603100
350066
-49077
603013
779503
-4613
9472
-200908
-46059
600632
188205
491383
-187728
783893
-321858
-67148
-414571
833138
738543
763137
940596
-59213
479785
-256432
193911
-24138
-199882
146316
362704
-272122
389616
-233833
-287150
677242
612816
791640
211837
336871
32934
200973
243127
209759
-132554
571017
483484
685481
477704
