80400
1635920
1554843
1893294
-5352381
3100350
-3425460
-303379
-2154254
-671946
-136727
1148371
-2522542
853765
433326
-889959
-3622261
4954205
-1036203
-531047
1430107
-1762291
1198659
-877923
2103285
1064556
4826880
-1608873
-4534379
3815669
1780557
1950972
-900484
-165468
-459740
3026278
-495938
4966764
1763337
-1549383
533839
237362
-2719807
519099
1780
-216244
369030
677264
146239
1943601
-246957
-1246398
872941
-503233
2381657
1023983
-186775
291412
-133429
1165560
3425470
-863306
3685728
1973039
2755867
756562
-241081
308328
662664
1566086
2652495
-75777
5408799
1773001
2220825
684283
5463064
1252530
719481
2688291
5959237
-3264266
1588135
3369553
-2668691
-2720778
2175101
904154
-2314808
-98782
-476105
3808163
-362919
-371880
-498808
4865141
-1017303
-1352706
2302849
-2262952
4664323
1925627
-59772
4389102
1352662
2819494
-776237
-2799126
3239859
415107
-964221
323922
2591862
2964023
4593427
788435
-3614461
3195211
1081457
-49114
226786
1826917
-2127062
180946
-4429289
-1337604
-323252
1153766
3144828
2314115
947248
481914
-1158208
2434923
3800187
3401251
2420781
-2097950
852672
189085
2339252
-299069
3862525
3255628
375305
2514029
3410600
3226178
-1941122
-1950503
-193673
-1087198
3746332
3490337
496184
3674081
1346633
-1546961
3993298
152695
930528
-1037942
-1106348
-2709973
-74434
-43609
2162186
-2206511
1799491
4092522
2560257
-354439
4117946
1382077
-803862
2852149
-835775
1732901
3282676
-464668
1108348
3107362
1590344
-3284348
2651602
288474
2727423
-2836140
2174914
2819107
-2752885
2862865
699540
-1093916
644384
1434465
5110521
953333
-1976858
-662388
1270266
136192
-1063237
105182
-701955
4314426
2127208
248210
3993798
1858432
3287567
5149015
6611449
2460731
720219
-1923122
2025952
3617093
-2323576
3162375
-2634093
-2092747
-1807042
-1451932
-2494595
421341
2656874
1609718
855469
-156773
1385001
-797676
2536180
-2024720
1465174
1913220
582360
354194
7534
-813391
4216983
1566563
-220549
-3283099
969258
5757985
-1476720
2598778
-3241191
3202027
-592300
-1408201
2525623
-2424124
2755352
2770187
-306053
2350076
1182824
5396823
2364573
1776876
3674690
-1868805
564938
1058368
-302842
316826
2318993
4720379
3165084
-2212588
-2758778
-1041342
1045405
3332392
3710278
2464740
1530836
433068
1271270
-3179374
596416
1037488
-1015632
1713871
2619785
532516
-632562
1409457
-2277466
1315263
2380880
1341519
327303
-98982
-3523122
4946674
-4035544
2043895
2284660
384566
-1297317
-2362204
943626
-904349
2996756
3342434
1547817
5383819
1093767
1600268
1186129
1166016
-345099
738807
-1492641
1085872
2252433
-3196921
-1790509
-1231825
-224085
-305621
-968745
942535
-629148
-2690393
210858
2029339
-1190933
74430
3918054
3231093
1397233
-2283883
-319725
3145880
-2692777
-1813420
1782293
955842
1047034
1619262
-1917260
21935
-242615
-450611
-6047841
-425326
-3415023
612838
-2413302
984071
687507
-4334630
-2053984
2192803
5404787
2094337
2869232
-165911
