-2138098
5631052
-1893326
-5396279
7303932
-820575
898164
3862617
2009178
7975370
-86885
2329945
1206597
3991125
1308858
13644024
-1700440
-988019
657138
9973704
2338880
387618
2369292
3152581
3838785
11882268
8510287
-5215691
-2740929
3788732
5284246
2225005
7011092
-5257939
3905717
8282451
523647
9841688
8724239
-2031488
11607772
-2119568
1812096
-114042
-2115583
9914200
10290591
858278
-1440602
5959489
3004689
8440423
8301345
2882778
6204548
2444925
-291914
-1009828
2861459
5658889
-6020204
1383904
-4634506
5827245
4564580
-7067092
4183762
5735182
3485652
-1601132
791910
4351237
6446542
-3734620
202803
5125343
1539165
-1818518
3816152
2741775
1950098
4244819
2747808
831745
5810496
8320978
791392
11184216
8949435
5101695
2468991
-181015
1713724
55439
2895581
3527246
-1305166
9126446
4172246
4306955
5754668
-3136444
-916540
-515975
1418304
7784748
5760851
5215149
748295
-265553
4799704
648456
6145973
2998347
349239
6180430
-831996
255453
1468627
-1135784
3916545
883054
10148508
143697
7425658
1072268
2223569
-420474
9086730
456554
4340389
3769533
-6625094
1546685
9633704
2217369
7206877
-537632
6005623
11255447
11491463
-1349405
-1157058
1461117
-3222285
4419559
5946162
5325930
6260842
4262226
-768003
7486356
4028227
3291186
10685613
-2257548
-4859995
1109653
-775452
7484877
4106209
4245524
971409
-1982352
-2734781
5091095
882321
1844373
1026562
-7184742
673980
6848143
449036
1760099
-3842544
3484455
4233122
-43699
3992984
9114719
7322576
6825059
-3705166
-1159209
1511085
1643020
766694
10927670
5081982
6192930
3427922
3486553
5350501
475267
9304707
12154084
-793471
448533
1536009
2048821
9836256
5090981
-1158571
318178
920206
7768921
3622814
-2505154
581367
-1566396
-736940
11337966
805068
3956181
10002809
-86661
6352034
9655066
7309298
4704535
6262485
9005
7226085
10314060
2567356
8864601
-132754
-2826653
10254286
5845752
5139407
1144789
7034329
10895645
6170745
-1864343
-1655629
3590631
-110429
1666488
-397571
9451251
998234
9658849
5853795
4084943
-1559552
980109
4914374
-873028
8530866
9923076
-2753529
165246
-767832
1256648
4958166
4015648
-1157534
-1185601
6918647
4385416
5713517
-8837
370429
7124809
-450975
9693538
-214919
6144099
4321980
2212782
-816426
-4150521
-3265657
8264096
12409583
11135779
5398725
7950592
3000943
-401892
11048858
4317610
562711
11609757
11034163
7231927
12098188
2068368
187595
9265783
9196768
2620175
1599198
5362868
3769077
421527
-863950
2818656
3785540
-1194272
5881095
5048921
3516905
2971199
-2399237
4228365
5428794
14348869
-2321075
1801932
-890168
-356870
9751823
9370661
-844917
4158815
-1732125
1669345
593404
5498075
7075510
-131801
-260494
3215680
891692
576851
1594685
205961
9812501
6039174
12039678
-2760675
2200648
2669691
7937209
10982901
-920246
642698
6832782
7873716
3825121
9596620
-2009239
8638251
-1570114
-2979655
2696753
8985622
4233431
6192739
2905951
-648125
-4213449
3302367
5925673
8484439
-133146
-486452
4858077
-1659534
-352177
4602216
1154992
197881
-1923713
578274
107061
-899277
6328281
6161786
4032239
1846640
7625525
-754799
9281458
1943509
6270955
929865
-2556999
9639674
6691666
4771706
5187159
7273162
8689675
-3290098
7820854
685173
703200
5002760
4688493
1475092
1370466
7610258
1900391
-87960
-2414504
2933369
748450
-1758156
4401138
900325
-2511311
6198574
2830325
2660698
10237076
-2052963
-4876253
722577
1704819
8938059
4540642
2160729
6033539
1072427
9239393
5271683
1268120
5189292
3699881
6891551
-4265614
4540064
2662424
5312419
4511075
5208461
6010483
6163703
2004361
1776553
10194444
5447254
11307570
2806809
2006812
7781263
-465814
6224924
8079649
596606
1714978
-3950723
2242425
732181
10883963
512970
1474765
2703071
-2550695
5984345
5908970
1060105
-2139049
6412109
7285548
-1969726
4696778
7073157
-892769
3597897
5148865
-347331
6083014
392100
5159367
7712183
2432379
78664
-3231678
197814
-734971
1473800
-822079
8095284
187668
363559
-1747221
2162963
-504263
11212488
-7093517
-3310603
7019307
4199958
5862764
12821608
1592729
-862769
4058627
10681266
713164
4554094
1487156
9920732
-4448192
1307841
-58037
4728295
1524040
4385836
6303651
-1697116
8286526
-1081344
5875732
7118152
-611897
3534602
4140604
-4096092
8257361
6220370
446496
1845055
1805368
1899601
12025007
17957
9876797
6075689
-5371458
3633123
5675666
1406219
789766
766177
1337515
-649698
12297992
6795498
2728881
4922371
1390335
-23399
6795348
1135672
-1341418
5533498
7912541
-5832045
7400133
-213926
856888
-5479306
7318374
-4599493
4649957
8137237
3306182
2804464
-1704357
5274154
10380372
7539621
3337931
2775012
-4053012
4547054
-664014
8632357
1489862
-377521
3598411
2391625
4179048
1959758
1829521
7558944
3038101
6164421
-527619
1681341
638120
1818943
-5939804
2106722
1973635
10806965
3819235
-950957
5993953
756341
-5485893
450428
-1508439
2881720
5665089
-3039663
-1500461
5679526
107749
-335697
868794
3715314
1293044
-1305998
11408365
-177970
2380727
6887942
-546458
-2073041
11564001
10283707
5312765
184211
9217860
-329061
269728
1969361
-1221683
761473
7745151
1412497
914782
2772739
3139061
-1406968
108112
271041
911955
7352246
-854238
4255140
736667
232893
294383
8428734
-2047324
1253476
1953384
6456284
1253937
5222703
850547
1274180
-949203
-408517
-1034317
-3312471
6868656
1753739
9578538
-228591
10130618
-619381
-2750479
667412
362766
3156050
7698544
6584002
5623605
7493250
8961123
10295628
4778046
3295585
-1062077
1982829
9425841
2443872
-335333
-1815596
-788543
4500684
3881553
6130496
3004744
4510408
-354411
2876536
3796581
4553859
12027832
4733354
727223
6239139
11898462
7465583
-787792
-1697512
8659089
6753873
2206795
2698906
5328890
4451009
5917009
-5108638
4052147
8007979
5452633
1286758
1374858
4380887
-6011684
1543436
-1050219
5471273
5919506
7090150
1583372
3366875
11223652
6652532
2848904
-3995996
7914114
675457
7070780
-1306545
-3082330
1763840
6155533
-55896
1200722
1878805
6431566
4164475
-1478977
-1348805
5093009
-2066842
4693088
1123931
7098317
4598949
2604953
2815252
10783075
-2730535
2918170
2762487
916591
1811874
11264339
1850095
4752778
1213062
4464456
1157329
-5608141
11284843
-2464646
6098947
1804024
4521743
3121173
-1072947
8112112
3326154
7352848
-5135500
3775231
901899
3495846
2539519
3603984
-1841713
6022237
6642581
9441636
1826483
7793849
-579720
2107887
6615068
-89117
6982948
10316432
-879314
8194917
5747806
4964668
170714
3571764
-1793376
1752201
3486024
1052900
-3131971
5669885
5831941
2160038
96645
1523201
6012798
4780103
25787
4112346
2176575
-124223
-1657839
3965290
4712767
9312825
4790501
4722502
10241176
9676463
1014129
4846685
1425210
5571003
-1740018
-3048972
-1317218
-990184
5075393
1203239
3631124
8275446
-351887
5072406
2858921
782167
-2088215
8300957
8585311
4107213
-455777
1962744
7491602
1776857
3153625
1575139
2932662
-1650126
7066260
7032500
6776334
9170965
8436083
2507379
-2145198
1887472
-938659
4956692
8283651
6877534
-2244171
3803019
3593679
4670604
4885022
2223676
7974932
4888261
8031016
-3192809
-4319280
4769843
3100661
2364945
-1701073
-80069
5926224
836000
11472084
3734846
5887671
4616640
11279417
-3631290
4025858
2488956
-2405970
5967752
839930
2784274
5456545
1269016
922655
7081599
3234089
3477665
13141399
-309971
7395201
1299280
9667862
1442134
3528946
3956756
2532503
289552
6329819
1821480
4497914
-65941
-5666638
9659499
4875039
-1013949
6523126
5599021
6522460
2550616
9615858
4719761
7177440
5682799
6421464
4139675
765511
7983321
5235509
8547514
3617665
1116510
4464912
6628582
-6654676
47939
-37688
2009148
498398
11169806
4904199
-784609
7406893
3320814
1068077
3637473
841095
3665305
-249384
2037259
-581912
5447360
8155293
965824
7895075
2597790
1607066
6612788
12364062
4647652
5281095
117525
5517136
618145
738564
2582577
6781759
5236485
-1549249
7472479
3358196
1565172
379781
10886405
8360862
419005
4347954
2508244
10494293
11016483
940272
-1716484
4994451
5949662
6012402
-919893
8773443
1147234
-827059
-2151762
1762844
4767756
841324
5138114
-434781
1287932
-349607
6029474
-1308274
7353435
10039020
427317
425694
5335147
4467712
518835
-25510
1057726
3247594
2052195
12313464
4029458
4003486
7242308
-330657
3179470
-4394571
538241
3714622
7786013
-832415
1202892
195711
-1700752
9311945
-2833569
3000404
-1616609
666703
8055749
-1824944
-5885137
6199884
5627623
254032
-823114
-2490690
4214042
4146274
7939071
5900894
2078417
11067468
8252318
8938174
-2516332
6183809
532625
4363148
7703964
-2168842
4103332
8441488
264262
4339192
1955074
7406689
2381374
-1180083
5189931
52487
3636244
-234343
-3849628
-376340
1286338
1560463
609558
2619180
-555995
6995805
5152576
2278228
6975143
1223241
10320701
3482082
3953215
9570953
6418972
-1738548
-134646
1836147
-1780950
3850609
787001
2614913
-3427872
1416775
7381635
2942801
2802452
2475730
-1267783
1980658
-4425221
11961689
196329
-632244
-993421
40456
6762929
-1277380
631342
2083874
-99174
5360650
3523181
9895151
6549249
2824169
494688
4630320
7452817
6230165
-2897004
-3183230
3121124
-1087786
4079148
-27296
861250
661826
11485324
-349736
1591244
5046799
7092442
4297352
7586436
3662975
-4774984
11962907
3622175
4628204
-3991545
-4758792
3796330
649056
3932686
-572662
-5542344
8222666
-2695274
3971706
-6993590
3269537
3583254
2625752
1140273
919599
5566003
9731014
3684065
-334540
1436984
10784743
3083842
5787376
6582324
-868473
-2671253
-469362
8144505
537505
4541645
349783
3343480
5189761
8236354
8960902
7488977
9352609
-2929296
2252918
2687343
5256703
9097280
1590170
6422464
6383101
7001425
4059089
1848722
-822231
9807969
4118085
1482749
1650407
2115973
1737287
1145763
-890827
2251559
4653976
4054595
426883
2771941
5509142
6299180
136125
1974393
6046403
8604375
8850508
2666826
3508493
105918
11530529
4602695
-867844
2974351
-5249260
6698600
3139105
4395986
6038104
-1182197
247321
3944771
5766719
10363458
4765979
-6652
-3950283
-1114612
375351
-5667624
3623462
4330646
-507971
661641
3006189
-2391108
7191867
2440024
7424839
354119
5183612
614068
-1496847
-3638660
3159165
6675520
6399850
1585668
3511393
10443379
4737903
10045200
1368972
6585844
1420280
9048977
5748456
894882
8148284
5653391
5113105
1931733
3376074
8212306
2224372
-1137326
7627
735227
6792
2114170
4055173
-4374860
2116681
4146394
1006766
6526259
5158332
3355188
-441598
2185496
5475427
10280077
4897497
7830610
6172332
1733545
-2311697
6124371
4913924
1709850
6294390
2217728
5491878
5702450
5998679
-3700312
-308116
9175869
5915062
-446756
-20159
-64790
1752599
923921
7653216
6894834
2149007
702179
-1837512
5410137
3338245
9733762
7828874
-6273761
6676300
11106809
4469637
8801174
4590123
2348455
2240246
-969470
2361228
442597
388856
-653622
9660956
6139982
7073081
2244953
4839738
4248178
3669595
2601899
8120484
-2025454
172846
-4083683
1326774
9652081
2997891
-932652
4796059
-506534
2110867
4466191
9412685
434853
1760321
3933243
-4218462
-3088281
1344956
6565635
-2862518
3597443
8187918
7712426
12018596
5429844
4625086
3515041
180561
6492337
1237239
-5223921
1481688
-1684670
6731452
4184472
6974286
-1513012
3192902
4521479
371831
4584248
1318120
10093595
4416562
-6350165
-1444675
2568751
213601
2378642
7574697
883516
4198945
-1795751
8413254
2471796
9712418
1006824
7374149
-4285172
-959317
4549365
4188843
1117619
8253039
-392064
5034059
5267776
6583969
1959503
8438489
3544090
2919870
5289277
3831010
-6462924
5627324
7936190
3749377
8608406
-1836700
3996422
5587754
1209486
7380205
4963241
11901307
-1143885
-4797793
602785
4492958
9438732
373113
3941941
9291967
2677606
6318121
-2958954
4185644
5312954
4374584
4886860
2377881
2839451
6177923
-451449
3971452
-1261022
-1702941
5107334
-4077849
3698510
5206449
9566637
825676
5287556
4423963
-816865
2442192
388986
4460380
9966618
1118345
2986504
3257157
4163915
6742016
5340653
268067
9544570
208327
3032722
1151024
-742714
6027194
785540
3211595
2063483
1142434
-4147439
4866527
212084
1610779
8337354
1266261
-2571748
-22144
7605399
5894638
-4919547
4705062
4249396
6498997
6174149
10575176
-962778
12991804
12109485
1497635
3685133
-42941
-596278
587296
-2574230
5288636
-3440367
3898478
-3660133
3474406
1963635
499912
1159092
-727912
1759540
1183956
1921233
4439689
5691206
3577023
4055160
5214411
8503675
912245
6721114
-969764
4806932
4363890
-3778389
4358418
-189708
8660194
6217569
6274963
450981
9040788
2764469
-3428494
9668872
162784
1012385
7147307
9083859
3025998
288756
319582
9722234
-3196247
-1344238
-764602
4594497
9848933
595918
7115760
557941
632575
3569796
5557867
-246509
4081816
3239298
10364033
6203742
5414905
65631
2513663
7002488
12166449
9879286
2055642
2616097
4793481
2699590
8961492
4723018
-589913
5272278
-2148101
9800253
1669330
5854679
10056749
5190410
6590598
7832809
38760
5918873
10771070
-918050
6229026
1323135
3400563
-310547
8998607
6004063
-3813445
4999424
749555
-367284
1238808
8211150
11986981
1329858
6193369
2863353
-410691
3712254
3117830
9020331
-1331335
971252
688698
9925208
8441497
1548814
-952890
-2587405
-974014
2860797
318943
5811739
-2747163
5031070
4287792
4957762
-134637
-1185670
5852312
-1457721
349410
292562
1308330
5351218
248681
822616
5884090
953518
259735
-407414
2779852
2748400
2517534
-3590983
3263401
3713916
-1851145
5488218
9975558
10006129
5454078
2458798
9451195
1323383
3211720
4391910
387482
4710867
4185284
3035578
-217510
9996763
-2606009
5341595
493211
11881601
5298677
9053010
-3724907
898765
-2417553
9548940
2058749
6285817
8038332
11873352
8575320
2252553
5057547
11151979
706451
4271206
-2068118
659954
4661437
1999241
7798159
12183925
6539815
4114910
-767689
7793655
12921441
2793161
7856034
-342985
4232753
2173004
6636862
-819467
4806890
1100988
-340865
8333451
1793289
9898943
3388182
1790418
1985674
-2367318
-4918162
-1936
6140494
567592
3584500
-1170649
11712791
3459766
-1276409
8567872
2883651
11235454
11462088
189103
-2542920
4646514
1785026
3428179
3666704
5889158
1009110
195395
10321117
-1905693
13248269
7311225
2185842
6721205
11679653
970604
-3044980
4978885
9311720
9075944
2143627
-459472
10314087
-2552563
-1574711
2122627
5042330
4789304
4565789
-831926
5140186
2493154
-4319927
7419168
1027175
6284180
-733349
9777111
6323006
698308
-717767
-1716310
-755379
-3502675
-3252392
10697033
6198344
1321307
400737
-59847
-559593
5596050
5778883
3584968
3172059
-884877
4234127
14076272
-1468646
479859
5039016
-1536410
3383747
2836219
1962954
-3346359
1934599
229409
-1702024
462449
8485575
3521191
-4825438
694336
6133050
-113827
2584202
-1059446
851418
2902095
-832826
672768
7646912
9830834
1190543
-2891539
-1293767
9822063
4464942
8064038
4394121
-325552
330508
-1342342
4552003
1606779
10133789
3429587
1588719
4301172
7092058
11018299
7875531
6573825
956763
2298955
788428
-349612
9549301
4209595
10394597
3726206
6601733
5995488
-5253208
42214
721988
-513252
1257936
1729716
109471
1404728
9992275
5651751
6780171
3701430
5487420
3853356
985769
26039
10078537
-1032162
8834946
10746602
9466730
3975296
-49119
-722030
3736818
565731
8985695
5028171
11572431
2228264
-2050303
2952983
3605550
1301250
3282935
9671461
-791825
6955399
10170633
2001164
1539594
11886413
5420191
1409071
-1511671
5469195
2134763
3241754
-3222925
113756
62073
-2357328
-2786986
1969108
1562494
2593511
5824601
3315674
3693024
4709697
6409592
5978019
2781680
4836311
5579947
-1151175
-975865
-1030835
10633154
-1406389
-2056272
745408
6494088
6002100
9489377
2110586
9492244
4475332
3887409
647725
5413519
5531186
9722157
5164181
6055
2032775
4659956
890740
-885304
1181440
-192388
5385923
-1291907
8685296
-1027293
-424002
-2188899
-625605
4484
76494
-3059637
5364024
10080901
801453
5275654
8505684
6652345
-824423
-1295698
6077189
10268691
-743163
7242982
-494154
7508158
980823
4512429
1911085
6836178
6269039
-3008754
1959824
6275295
8462839
-1901509
2612408
8849627
5313836
-2393440
8756246
5691882
4553816
-5694493
3189936
29867
-1071400
7649240
7062225
1046918
5575844
378514
170126
-1301365
4563088
7458168
3792644
6479883
7388183
1833196
66289
876185
6850840
-3056656
3562399
2930669
8291661
-1233252
4070925
-892826
4351498
2623638
-1999591
-1040357
1044559
-1434263
6727571
8077714
5230903
-643798
4281806
4797963
9037
5382589
7909748
-1377185
-1406871
7480263
755395
5438604
-1956272
5233118
3705608
-381319
-1234371
7238089
9684485
-2524665
-2322144
-408027
7435841
-291621
5592564
4297494
2408618
301699
7189555
2304462
2802354
4576899
-534912
5817351
6436127
5108121
-2380305
2530128
1825124
-281062
-1011824
-1732276
6314859
4035223
1074656
4553328
4898936
1498807
6918339
5040051
-1479465
-2812720
451427
3441868
3843033
3167101
5204775
5702403
4637550
3023608
1343579
3502260
-1398919
12652547
1123288
915196
289781
1177
-1108607
-259354
2008091
2200230
-2418970
102558
5521063
-1877301
11708269
4027505
8347312
13689929
1691395
491928
5016072
9947755
7080613
-606396
4577299
1891473
2117754
5814656
-1764715
677703
505842
1787754
8636150
-613382
5415692
-2406103
2896348
3618825
3239681
4066459
6801688
4316454
11042256
14265517
5490601
13355596
2729236
7328226
6763517
3359557
7712630
6696855
940803
4705404
11556295
2043009
4991567
12112323
13589304
-328629
10317067
-883902
2205041
8381430
3297217
4594850
5594477
9728537
2126661
-1815622
6113667
517526
1650441
1674526
10192512
-977882
6635769
3527413
1307684
1509348
5809535
-2604276
-2706159
10880142
3806694
1218241
6941070
4226824
1363653
6749197
9863239
-4893557
6304758
8299565
-3759440
3749740
578013
511329
-3900576
-238545
1616283
7111196
9332434
9671454
1841103
-5315079
-1257587
11976643
3419313
4716040
4697829
1104066
-173902
6086292
-749397
6810403
-491228
4996673
4030399
6137736
9561807
5561929
988691
5092764
4368847
-419510
3504557
7862341
10482564
5819364
4124777
-90992
3042722
-1362754
7377517
2467849
11631757
5493596
6787424
392938
-2224918
-1953403
6315788
2798927
8484527
3223942
-2205562
759100
10600430
3846283
5153297
197314
1802483
5830991
-1682538
-2373817
684169
2742552
7101226
-4186191
4539381
-3932639
4162244
3914936
782124
8193914
10451790
1043990
-903526
-1456792
332786
8632722
-1010733
-37195
-2301304
8026672
-1421991
-1110772
11657482
8747860
5518691
-5454240
6590475
3395542
1787645
4491529
5601405
8919434
-6314117
-825875
-2552
9787453
1246379
984504
6104442
-2952450
-1266972
11267107
2186797
1404489
5819176
4921617
4493015
-24412
-119069
5369587
4133678
6000278
4787046
7089679
3563350
9615755
4405462
-1646102
912636
1559808
5358065
-1229116
10069458
751470
8865476
-623958
723305
2574109
2177739
9324851
783976
2999548
10667874
-1148161
-2581358
2680405
2641248
697748
6571547
7035059
5903234
5488428
1842016
10242873
2037185
12046065
-473880
2398861
3628202
2813276
10284249
-5566296
3467723
1474621
-1305960
-8809
2737118
2087788
2446230
4329220
4216648
1302135
-1364744
7746690
-152450
1916583
1434447
9311574
-440727
768969
708838
1023055
4931084
4831080
2184157
-1548113
4395151
7232429
-4362288
-189747
8236096
6020964
5719012
8424819
5287993
6546155
6560209
-398535
7846086
2371019
12668318
-2911946
-123603
7743720
3289555
5873586
5434838
-3094189
1887833
4431643
5856177
-715881
1639041
9503222
3494983
4761599
1593359
3633253
632344
3735914
1483855
374257
-1342171
3237582
-5201544
4696186
8820712
-5126223
8536873
6977703
13314298
6111283
141378
-4065580
-3589632
3203307
-321766
1925711
3055430
-5451603
-2231050
2357037
-819309
2820902
3173189
7779593
1196683
12363966
7860813
9378612
2313545
3918377
-1494754
249382
-2321547
-1185541
9376862
5079674
9293826
-165443
-4231697
12745973
34952
-142106
-647610
6035903
7748561
317038
8612416
-1844111
5556668
6958151
4407930
-4505666
2880090
-3016108
644151
825199
7232936
111306
2602766
456755
10044203
1751489
1888706
-2671313
-5015979
3370077
-3823179
4064194
1302541
6475617
593827
1213658
9271561
793569
982718
12386395
11385371
3412772
7957472
-605966
8387614
1068573
7398073
-1264578
2676695
-276211
-386539
7930498
-3341610
5194313
10121369
-2655936
-5379911
5201347
-1215846
5485429
12275211
5428071
2254999
5485569
5018125
5372041
-268268
405756
-2583616
6294845
132043
-1184877
11158979
-859754
5340565
2122838
2010634
-1138973
-2841580
6005193
4946371
1553199
5776151
2579463
3342105
8056521
109492
4829174
9364890
2087357
661088
6152657
6532345
1914875
1515203
7574256
-641687
4627391
-547064
-2846825
13270662
2263424
3701336
-4842536
5073228
3407032
9129309
568508
11936812
3554132
4055469
7419218
6727014
6141281
4819200
5538804
-1755678
-201322
3951432
2606264
11200203
-2155134
8842484
8013507
-3364405
3694017
510576
4601662
11289563
5681397
-695600
9263016
6736990
1277066
6658099
9492174
3750874
-606015
12028238
-137320
6325414
-2451819
3360083
109306
-4112302
8331456
-4837591
3863880
8264161
11470798
160046
2341748
-5474826
8575414
-2608261
-4908920
-3205938
912441
-6086
1561811
8550691
3069473
-874811
4870535
-2466579
-5801007
3700373
6549582
-2445277
-1151348
5297195
1361289
9454890
669032
167926
5039600
734439
-1607497
6144973
2201088
8428124
7264882
4004895
8490090
8357925
7259206
83346
2051689
2455336
1144457
912944
6917500
3874544
2608135
11938068
8476209
-994713
7051925
499152
1606473
-846422
880147
5825646
10004013
-1130678
8103501
843164
5498903
7651960
8507479
684918
7471875
1724381
352935
4786530
8236898
4357527
-2642915
4729783
-2548836
6946211
-1385057
-34086
2122334
3379489
5933311
4789955
309914
-697397
-2205669
9872760
7156006
5722667
5556450
-359691
12653616
5647488
180452
9079153
1605815
5111810
8697101
4266269
3051029
8064565
-5595852
-265163
3543430
9283413
10992585
3919107
2321194
7961046
-430419
-1139410
499716
1088190
375270
-472956
-2111064
2764340
3333234
10111037
-737683
-548027
2393558
962939
202410
9026872
-1032867
6175206
2035905
2374003
6868241
-5439580
-4470703
-830651
447194
4740666
5523727
-340834
-1893663
7126663
2205603
-655981
6044918
5324259
8059548
-132111
5892037
11036353
-171441
-1117207
-148700
-1130814
122154
4789366
3251368
-133334
286368
757108
6226862
9625
769280
10449325
2383783
1468914
5233016
-1670742
-2416166
6888849
9535523
10883739
5921485
384960
919826
7017707
6974285
4083060
9345770
1201830
5715551
3117936
-4391496
3862529
-1306127
4863121
4938540
11059683
-13018
-89040
9843141
-327084
-349238
4787173
9850758
9263351
541110
6089129
3750621
182593
12286057
-2541975
-198165
5068872
2426368
4974578
2501182
4297061
8038315
677146
1749694
2949289
7261885
3035938
855907
6304727
3453185
4985128
-1103541
4612433
1419898
1258426
-1192397
13435103
-165425
-376231
-1055201
7081888
9987253
742810
11545808
188962
714974
762880
11632547
2334630
-285666
1185986
7058213
5125988
3206363
-1362898
1567387
5621109
1594945
4706117
11219436
825212
4625300
5960901
7552104
6612926
6074738
3099075
-2671238
7720778
8438681
644443
-15050
559211
8197854
8327356
3968026
6537008
11929449
-498869
986249
-2347723
-1360296
-751411
4756279
4205877
1736343
-5592277
210150
-368067
-1095212
8207482
3718562
8322650
4429255
10576943
-3857455
8792448
3322055
-1062830
664639
6987023
10663038
5649228
11957679
3172837
-692548
-947519
3756314
11069562
3518325
9626875
4440580
7456492
8363327
7240957
-708439
2784238
2166074
7172233
8950477
12045270
631036
7855775
5644529
1336669
6064185
6693298
3419065
-289913
9117362
10412623
9460076
6644242
1612755
-880068
-197315
4265044
12037686
5804502
4003731
4054342
8633562
5135935
186828
7100263
12891746
878563
4463113
4120004
4670445
5791058
-985562
3794426
7006980
1851632
-4434341
4778396
1322228
4974676
7710607
154906
1760528
1006364
11847995
-97815
9326798
3690629
1274958
6446918
3196848
-2617488
-1197224
-4455717
5663941
2473467
442395
-3308542
-6371498
10086377
2888324
-1094061
-3085086
-902473
7249167
-1714262
5968685
4610194
8810328
3858998
-728577
4079507
-2203567
103835
7063045
836763
6292281
-6538937
6103248
833172
3001579
1541964
9787140
664561
8383523
10685714
-1526463
617424
-3521465
4348460
7813331
3987379
5270712
9740888
1762183
6912135
8311694
5666815
6092596
-1066354
1885226
371617
-2980501
915258
5036152
3839426
2748929
296884
1724387
-304577
7053176
5583612
955788
219757
-681659
4788736
3846633
1883277
919567
5651975
4866511
-274765
875267
4290838
5752415
10260233
-2615227
248948
2382548
-641785
3822020
8663381
804219
2218755
1069829
6064690
-134828
7286390
8785110
1936458
5695053
2948445
2775324
392765
-1283886
2170617
2861251
8312528
808043
-298109
-176955
-1249166
-462216
10869044
-83420
-1165928
4546788
-49080
1692867
831067
-319133
5363267
-494431
1668777
-636506
1972636
-3202799
-682996
-1861112
6527007
11327610
5240032
-2501706
-1139119
6299446
8868156
-1174337
6915602
1652193
1187543
4084182
-111772
-393069
293872
985926
4240418
9923543
9564100
-2045208
1529600
-4547185
7583650
1126474
-1521609
-5502366
-768950
2031897
-1226259
439872
6833026
5553311
2503591
9414876
-576877
-1274663
6431697
10800158
5170057
-648062
-711915
230241
6136111
277555
1532959
6451341
1278915
1598617
1814080
3539870
-7337445
2016772
5079126
12579108
6000891
9696866
8016439
8019376
4642262
3541139
143626
5460547
5731754
1435651
4270704
772783
10797168
445299
9712485
11894877
3978596
2699628
5266112
4541309
19120
8265304
5406400
9396139
460603
6453830
-3516205
282900
702733
11342512
1962819
2136959
10024630
-524766
-1570489
2376402
2570378
5296975
2619849
4223202
1059594
9793060
-2808763
4295506
-612071
7246428
3976801
3013914
-4529799
-652738
9844818
9505060
954661
3683000
8376978
10238718
84920
4764968
66140
-1499882
1921838
8818839
-316152
-6403311
-1755699
5878203
9491503
9697763
6902140
7728340
1698680
-3327047
7606305
5546533
1440209
4359683
-6811695
-1220351
10537423
1920558
-463342
7950274
-4021601
-2010113
-696484
2362295
-479307
9431847
3874595
6301288
2868221
2626137
2660610
-63926
5437156
3033633
4745027
459598
6626593
1272476
-313894
5182897
4851776
1259377
5933607
5418231
-1719195
9951162
4403849
2322982
1047422
-4913355
-3843348
4447168
481089
2513688
2730386
-1572340
2591711
-1740152
-632633
-8994
8274591
-1652853
-4708446
5621620
4693502
1725910
-2276430
9917155
8016805
6100093
-4806150
4644513
6867925
6900847
-1307416
2047277
5765857
4224008
4841789
9659890
1018240
1778679
-2147099
4980215
-156779
-5386087
2669462
2493413
3725198
8575183
729026
7901697
2360644
4917883
5510747
10541841
1436961
4729290
8413272
9452176
2095375
636236
4634936
-1386765
2045612
-1070502
-1321391
6555370
8983042
1395203
7145251
-3167259
6307195
-1968871
4583482
10163241
665604
127869
6685198
-442330
-855522
4395311
1137242
3492643
254532
756979
8643407
1766640
4163986
9606783
4708734
-1571005
3165185
-1596811
4137912
7493781
5844398
9399211
1051074
6189556
6505856
3384915
2822604
1736003
1372503
849853
-1559692
142289
10987013
4471105
1383613
-4174096
-4697047
-430964
1957001
-878568
920323
6399540
-1318050
6250097
2933794
5104402
6096869
905692
1627716
9822095
-124798
4530022
4270950
3951295
-292514
8135483
3308258
7235342
9580870
-3057044
-1103168
6333702
-1773667
11419946
-411854
10839139
4748436
1246720
7139914
3787179
-220840
59425
-5707605
13368862
-1937674
5392258
934315
9458884
-4256566
1262996
-1696858
11477362
3443462
7736743
7166579
-1566165
3894209
-1380766
6082563
3308398
1641635
631792
572980
7880210
324863
2487980
723447
11007143
7495984
-543318
755525
6308940
1242318
6717593
6175143
1200197
-1367215
6920655
4525980
9684461
4828283
10347128
-3645354
1156810
727390
-1064124
283852
1787415
582906
-653217
16995
3319261
1032318
9685839
938387
-274248
5691049
448483
5505542
4730865
2130831
1115416
377381
6590966
8011320
7870947
-460532
-1607247
5758146
-43337
43197
2055925
4827441
3309834
6633202
4864666
6579192
-2447688
2280487
-312552
5300015
9016627
1615829
5453815
6210164
-2169734
4726982
-282822
6753949
5209559
2340089
-3109968
3669224
4729561
10030999
5800456
11959516
5248988
6821936
1129290
9996526
7217034
691698
5389307
6069958
8675016
-1608202
7864399
308441
11303180
1595230
7307426
7702265
4864318
-1472192
9192218
3316504
7703103
-1575561
8218826
6842021
6639103
-256014
4710142
2981198
-26583
-1675296
6878817
799056
9541131
-1757316
7821939
-205856
1393567
-2384004
356187
9849463
4941191
-2800569
-3706535
11955970
-1679697
5965686
4816934
4601859
5081710
1207295
3840385
2804161
11137163
444432
1676767
2922980
7480878
2126262
-2937670
2632906
8439551
-3583199
1080398
6103695
721934
8481548
4389959
2479015
5944209
-1457066
3486736
-1938513
5845717
2368029
12036985
4888598
10729154
5502027
-2407470
6167716
9503458
7077871
1091885
9102906
3731346
1664703
-1704628
-2959499
587112
-2258166
5611498
6210002
491476
9669189
671497
-793290
8023280
7613672
5349566
850968
4978384
4855386
2733878
1461350
7107251
6344375
8360577
-4157695
4032125
-4960411
-1755296
-3696479
-3501939
5005961
8275922
6018897
-5689580
-1211825
12570606
4020293
6546495
9507305
-1788036
-1235264
4925954
747628
-992154
348159
3465518
8351995
1309107
883970
931575
9671246
6730553
3783496
409841
2064695
1114020
-1506206
7251393
-373155
5476203
5917124
-7120394
-1835797
6251349
1708740
2437743
-2909556
5480052
7110453
10433504
2152010
-2779306
8291413
3389165
314962
9333047
3760993
5093575
5512700
-2086549
619983
-4199108
-2037030
6252738
1983864
-1631807
-486298
578775
3306000
5194475
2347574
5099656
3967543
-4508799
5199277
8487189
7219297
3877601
2728525
1444441
2873485
3023014
-507229
6380516
-3843877
481560
8666640
6831783
13259817
-227094
8344328
7227903
4598892
6203936
7785595
-2955848
864124
1636506
10553279
-1109419
354849
-610415
5485036
-205742
6766978
10385871
217525
9011359
3887856
-148438
6676929
5185424
878857
2512910
5627085
7344773
4933695
7053669
7463968
3158267
-1756298
13006285
3938055
10252160
414632
-4231516
7821705
5375240
9310095
2013918
6837931
9036422
10114007
-5530383
1281657
-844027
7070527
3457482
366204
6204181
2492045
-382645
-2777685
466541
4422643
7443754
7933291
6002942
11323902
3032041
5477614
3006038
5316202
8135651
-4254572
2135933
3703716
427870
3490895
3567189
416649
6482021
8704660
85420
4115989
195962
1482080
3347389
-369336
12528446
4459529
4475107
1773987
7124247
-588026
2011831
1005527
11651808
350523
-3247570
-3592148
-4009553
3912624
548702
58469
167440
1889622
7773088
2109231
4871066
11103642
6139860
6395529
-289514
2376780
7231832
1236733
6411991
4704936
3480141
6791372
1617221
407570
1331101
-3400866
6251548
532782
6217754
746686
6624905
767088
960784
9739160
820633
-2040819
8613277
8082285
5830272
3821335
97158
6199040
10428346
8948917
1242904
7591752
9005214
4622981
1540100
328619
5939616
5045727
3102247
5339437
208956
3796784
-1040849
-3350387
4926256
5825350
6855929
-1689529
9761528
3025491
161296
6689668
5404358
-2660558
785034
1274623
-1852648
-926323
4667408
7692614
125090
1468875
449837
3903703
-1115649
4514241
4791415
6258917
3124645
-1835907
4675962
7513084
7098215
-1401704
5522445
678447
-690176
8433133
-2209791
7169428
7750875
2962530
2529242
1923846
4486969
3263310
5383971
297072
3476360
4853526
484248
-941216
6865219
3596568
-3134414
1215347
4509535
10735934
512682
7784935
-1500580
-2596484
6785744
6248986
1136663
-273085
4876125
9956215
-1700278
-2531470
1571901
6780828
1456981
1405413
5090936
-520589
9780880
255517
4835631
10058976
9581332
7701259
5892283
432045
-1650877
-2872445
5748988
4217650
9158920
-200506
1992629
-1305975
-1155706
365144
5972850
7942887
-4803778
3111500
3952564
8035694
5650555
122884
1942798
-5120148
4740905
4224095
-475282
4525693
121997
3403386
1003652
6201640
16366
-2222640
6480676
-2702713
-352971
-907780
835020
-657624
-656579
-1130180
-1468266
2487322
8019697
7655099
6638718
-3941402
1123698
857855
3710641
6602465
369821
1451280
4746686
1510573
7252658
6807650
4724220
511537
4982814
5971048
12268591
11725712
-4075856
4087649
1397473
3435696
1591143
4540506
2814365
890978
3187174
695251
5917078
3656797
-2727866
8344081
8075862
5697640
-1390877
7192639
3592096
878978
9734381
9363786
-2063166
2584351
4370438
9876402
