-1923155
-3091278
426759
-2690339
1364452
-9417677
-2921447
-2136267
-3622399
-2245542
-3430696
-1921746
-6253703
-3566053
-7284520
-3320731
-11446065
-10769550
783671
-1886570
1729546
-2051788
3590612
-1299641
-3929996
-3406752
-622762
-1827045
-6545091
2786825
-2289135
-54954
-3534769
1479259
-866319
-10056104
-3259392
-688934
-1383544
-7002024
-419479
-7727326
-830727
-8366300
-6808839
-825017
906655
-4097864
-7110975
-5882079
-10756130
-63426
5254766
-735849
-6776618
-8760354
-2667992
2703611
-6175416
1875631
-3529221
-3623975
-10902221
-4308299
-3462127
-6638032
-4897754
1470552
26834
-8773021
4067557
-6148519
3135230
-8990437
-10467200
-3324672
-1970250
-10226984
-2347305
-6044129
-3878259
-600727
678497
-10227842
-2854512
1225850
-7148832
-5264777
-989532
-8749500
-6761791
-5831304
3178329
-3662369
-7224971
-11280585
-3627092
-7437571
-1228751
-5086047
-1290843
500401
-3798584
-10578381
-8114566
-6544725
-4089663
-383538
1633174
-2068430
-2296399
2685658
-7915984
-7346655
-2735935
-2326559
-10253194
-3871245
-6461265
-5070339
-4359362
-3659608
-1433508
-13255568
-683352
-3880565
-6697087
-1943998
-7489188
-3099782
-10370597
-1441151
-3397593
-194931
-3781626
-5315190
-671205
-1088005
1004099
-5619892
-9338707
-4527995
94578
-18260511
-4272650
-3951540
-920607
2701547
-3034011
2138564
-1909983
-1529173
355738
-4242298
-3307729
-10542917
-14025179
-12588916
-6905611
-19738
-6923850
194723
1995573
-2599693
-5617880
-1014766
-3088875
-10091217
-4516735
-8488343
-3501696
-3649786
-4125748
-6822018
-5629054
-7413247
1155767
2626335
-2609222
-2897027
-11175639
-2266221
-4445684
1987407
-14126105
1021826
-1861748
-5454787
-9721929
5275730
-5221381
-2055689
-1677404
-4213520
-3314513
-2455820
-975258
-1665594
-5416046
-6578095
-7003320
-7603683
-7121098
-195914
-3354152
-2360329
-4644323
-5335942
-9869214
-5712236
-1668126
-2770298
-2179377
-4895227
-4748475
-704015
-2275104
-204617
725200
-5160394
3109262
-2094383
-9233479
-4925304
-2703532
-3674242
-4563421
-7143902
1948482
-2302839
-3469800
-2964310
2739310
-6268755
-11645126
-6724740
1097221
-5107044
-4151849
603896
-3620712
-2766462
2841808
-3014042
-8930214
703690
-628489
-4181171
-1294774
630683
-1347833
-3167387
622676
4991322
-758371
2683766
427194
-3424271
-4456663
-5693883
-382841
-7109914
-7533353
-8158506
-71882
-11574525
-4248987
-6973827
-9480037
-3036873
-7142469
2409384
-3316990
-6475834
3099341
1760972
-4378406
-3297186
-3112982
-2452029
-1438828
-2852529
-1618968
-3359488
-5051243
-3156452
-8304488
-7514894
-2187231
-7887372
-1890426
887526
-5864956
-4602624
-559379
872322
-1051331
-1448711
-17236980
-4882292
-5709972
-1819669
-1651659
-3176868
-874772
-5295636
-3492796
-11071305
-4101757
-2422705
-4146225
564443
-3816421
-3411924
2235517
-7786704
-4873063
-3419014
-4887999
-6430326
34598
671679
-6651087
-1964181
3808768
923089
1146292
-4010563
-2602286
3355585
-7952897
-10060329
-474937
-10441085
3512867
-3254372
-9566866
-1599754
-4140841
1760940
-5666580
-4190471
-2240199
-3777126
-3338614
3701704
-1951609
-2424807
-8330238
-939103
996519
-7030582
-2651226
3118097
-6229164
-2403494
-8742466
-13134539
-2152911
-2897530
-580843
-3250828
473005
2432030
-2746199
-3565130
6444370
-694823
-4712235
2343819
-3276939
171569
-2032113
-1679400
-4332241
-2050845
-5144375
-3523800
-3534045
5094499
-11078957
-3392977
-8521018
3347191
2303288
-125299
124991
-11868749
-6667877
-369739
-8686656
-255129
-926072
-4775439
-5508003
-1433249
-5462105
2025927
-1190543
-407185
-5421999
3211291
273749
-5766647
-9078722
-3547725
-3707261
-2184531
-5773506
-1570417
-6529994
4920826
-7794511
-7152627
-386108
-95489
-4846081
-6599191
-4608455
-4806205
-4610975
1434132
1879580
-674586
-8703629
-8355790
-4112639
-4236210
182247
-7694069
2754757
-1349973
809282
-2521209
-1910233
-725830
-960683
-5585942
1325419
-4908281
-10654175
-13899259
-763207
-2685660
-5323677
922872
-4817860
-1761361
-7388078
-11035782
-670135
-1870971
-4955464
4376283
-483385
-4522948
-3417634
-1599315
1805890
-9439875
-10194000
-9986517
-6752760
-5658
-3835495
-8143611
-6588712
-1968870
-2112811
-6730182
-8930876
1467976
-9078805
-737329
1232701
-3021010
-3214203
-1658404
6809564
2698830
-4564853
-1938709
-5464857
-9715027
1011872
-12416572
2432741
1658821
-3296924
-2058451
-5276318
-1381150
-370083
-1801627
-1525939
-3528698
422595
-6288199
-4140094
-2286571
-9234097
-771800
1539255
-5106102
-345641
-4623234
-5698512
-9244681
-6524881
-4978722
-1293772
-3106780
-3796775
-4060483
1949142
-3302491
-8307423
-13058455
-1934300
2099092
-2108590
-8975980
-5667696
-5015132
-3596515
-4338119
-140143
-9790358
-3997485
-1292103
1629338
-2308777
-10268402
-6397319
6834615
4473675
-6495427
-228459
-1161929
-11004374
-6929880
-1287580
-2078560
-4251736
-5075661
5504927
2360908
-1890851
-4188009
-6267705
-5086357
1970951
-8368188
-4112390
-6956778
-6334053
-2368026
-2877773
1312407
4002630
-59175
-1381560
-3103703
1817973
-5620268
-10215511
-2227174
-8456169
-7507883
-1892948
-3158517
-9180101
54185
-7580150
-9899692
1830806
-5193422
-557007
-2013892
-13650460
-2407314
-1723015
430156
-1361262
-6320549
-4460207
-6607554
-2984061
-7815741
-5918362
-3960812
-5824610
-1055967
-5344185
-10262922
-3611231
-6894735
-68801
1024146
-4578315
-6934157
-6133156
-12895514
3343867
-11183120
2381541
-2390718
-2718056
4982885
-2055452
-5462294
-4338829
395764
-1617045
1706154
-3400633
-1262327
-5700435
2610227
-4703673
-293316
-2776743
-7195123
1457898
-214709
-1157495
1288239
-8452078
-997353
-1515541
535169
-1265952
-5243708
1113174
-3163449
-5290082
3575825
-5981669
-7530138
-869219
-151839
2919623
-2765148
-4681357
-2361085
-3050407
-702934
-6573976
-524823
-5771397
-5345371
-10454286
-11234163
-10311678
-2417138
-2626931
-104994
-377600
-5321606
-215341
-15385267
-3366892
2423361
98940
-5839779
-3367387
-3921099
-664310
-2779958
-1404217
-8631289
-3623892
-4624465
-2072553
1920683
539152
-721830
-4348902
-1610961
1249008
-7379386
-5225018
-15135261
-2947480
-8046913
-5992524
738845
1175378
-5954491
-2026565
-2815618
-879072
-402000
-168760
-5064052
-3078733
-12980220
140722
-2771473
3881478
-533199
-3330313
-3999964
-6272490
-1643237
283090
-5339315
-6211593
-3728680
-5514415
2898984
-5912973
2100846
-3099434
-5294181
-2790280
-1944771
-1978800
-7118923
1384882
-6826176
-6165560
-3334080
-977625
-11988333
38403
-5395017
-4741036
-5510411
807021
-6642099
-4414989
-6704443
-3403415
-9376441
-2650811
-4299725
-8233818
1028278
-14548993
569810
-7704852
-2582868
2781410
-8003796
2570338
328720
-3951301
-2882114
-2370272
2113875
-4837827
-2235693
-1186446
-572934
-3308293
-1980002
-4318114
-9728597
1652521
203699
-290405
-2785545
2095200
-2518247
346248
2525653
-3836070
-4740903
-3434338
-2498386
-8648411
-4211818
-631232
-1485345
-3981656
-2905628
5766188
-4262157
-8112075
-2408411
-1320098
-2633596
-11182280
-5035578
-9468856
-5758139
-1200518
-11998019
-3737504
4017119
-9075442
1232431
2201807
-2795478
-2784302
-2502799
-4012127
5751882
-6991441
-5088485
2931550
-11441322
-1339332
450836
-7013170
-1254126
-2192522
-3815536
1198567
-2364719
454743
-5744068
-11045374
1739639
-6095323
-3026518
-2504700
-9646208
-2247561
-3856688
-5507915
3528814
-4516480
-1215875
-9792787
-502773
-2304429
-2331697
-15709339
-3106052
-4062575
5357576
-287124
-2165111
-9856646
-3358140
-9783978
-54979
-13667877
-8669098
1105682
-844294
-1918561
455114
-8208084
-2334489
-1844561
-6139792
-10376938
-467922
-126976
-5446734
-3383794
1348976
-4756846
-3615646
-7464621
-5966444
1444826
-2978115
-1869375
-4924512
-755589
-4164285
-11134139
-2643887
-289282
-3746912
-8930484
-829722
256924
-7088307
412470
-2861806
-4964864
-816231
2458793
-7548827
-6927686
5392707
-5168164
728069
-3347522
-10463667
-9501244
3270915
-9526152
-7850493
-4680848
-1496103
-1811999
-3737231
-1500673
-1066496
-9364349
4668057
-5922227
-12588340
-4854978
-1280883
-3808714
-2163888
-8068923
-9234782
-8927838
-5926971
-8008508
-4845839
1521882
-2143576
-3603639
31058
-3042097
-4924988
-6055030
-1161369
-4519559
-683546
-726302
-5206915
-1746430
2819137
281434
1369313
-3399457
-6452652
-5311914
-9090169
1753666
-6077486
5986522
-4715727
-1872211
-4318721
-2505890
1115311
2723232
-2793485
-277571
-3759703
-5394673
-1606424
-6344734
-6436220
693713
-3496704
2738102
-4775034
-5349914
2785728
-2877474
-240559
-405674
-720953
-6859502
-15639862
1542033
-9307259
-3598543
-8407022
-2460633
-6053102
-6616606
62531
3959993
244397
-9638527
-388929
3854418
3528557
-14138397
1136271
-6199406
-1421944
-775759
-8625116
900894
-2452570
-3312584
-1028470
-10808855
-1112061
-8459745
-4031596
-7647430
-13166262
-614813
-6422312
-5954358
-9386742
-6165740
-3593192
-3161002
-14543686
-559127
-2032737
-8292879
-772953
-1335109
4140244
-58936
-5150560
-3705638
-1582817
-854692
-287554
3457742
-6482750
4737512
-2846377
-3250912
-7407324
-261448
162128
-4059134
-7963858
-1950153
2210043
-1127026
4181535
376523
-5795676
-7921626
-849140
-1447291
-3894641
-4484639
-3967609
-1471947
-6977757
-83183
-3443217
74400
-214489
-4201599
-4816078
-1548604
-1231890
-3986373
-4454365
-2192779
-7173905
-3656699
3302980
-507527
4360295
-1405997
-7836742
-857710
2383039
-1273172
-4534371
19196
-7893713
-1495426
-5533681
-3533107
26565
-5304602
-1786786
-2452425
-2812879
2625023
-6726076
-6096322
2235358
-5283941
1645058
-955909
-6758207
-7163163
-8277783
-6003068
-2914694
-3228632
-2086828
-1949317
829000
-7529770
915942
-2376234
19532
-9321544
-5948983
-12444886
-1835654
4520905
-4162873
-1695086
1849028
-1654773
-7092900
-1384260
1226836
-646116
-14507033
3138704
-4141958
-2668694
-2926013
-7850221
-1390982
-7176692
-5111071
-5578851
572373
2100752
-2587246
-7708599
-8284715
-2594201
-6724722
-5238258
-5530739
942538
4992474
-2869722
-7684921
-1879529
-2005182
-1918591
-202318
-2008611
-3059751
-394677
-3162393
-339261
1708171
-9599485
-11746185
846979
-6042235
-7833486
-5537408
-1596394
-5128085
2238321
-1401047
1167333
-9803321
-3670743
-4853392
159614
-2811725
-9717395
-3675744
-4758826
-1774816
-7449747
-1349916
324889
4957970
-6024259
-5433664
-428824
-3242311
-4975776
-1579378
-9540416
-2387052
-4906480
-7035003
490620
-5360019
-3021429
-1658681
-1127202
-2212645
-3044948
374698
-6390310
-4400642
2340296
-11466952
-1292903
-7427376
-4122952
-6187383
-3064742
-3340758
669641
1754860
2164683
-3548384
675379
-3688288
-3153460
-2842813
-1656765
-472871
-1741110
-10027464
-2295455
309673
3554087
-3728815
-3510904
-6129619
-11763878
-2919260
-1609053
-3546124
6282465
-1003191
-10793051
-4541128
-6128573
-2036007
-1306207
-2228004
-7057457
-5229361
-2014978
-381119
2568620
-5296866
-1872570
-5827541
-5411147
-1501866
-1689881
1344985
-4213396
2139951
2510374
-3005235
4110251
3536896
2930238
-4671697
4355311
-6937524
3119662
-2101060
-667858
-1214356
-9879749
-1407977
-3029230
-4060085
-2014413
-1730562
-6800534
-4369304
-224416
263237
-1085952
-10711127
-2569590
4822232
-2597019
-6555280
-2702881
-4687494
2669782
-3476712
461848
-6202120
-5016756
-2381140
-4280676
-3424267
-6946436
-1843816
-15878886
-2364544
-3368337
632833
-10953348
1175233
-337790
-6079751
-3562377
-2320301
-10383798
-7982022
-1574081
3937750
-5003296
-8311733
-2093870
-2206528
2332662
2360520
1966846
-15684285
-290930
311562
-8933851
759495
-786868
-6072117
-449270
-1503225
-5520301
-2205033
-8009809
-9923108
-8005542
-4637437
-5192262
-1963030
-1836493
1911831
1293530
-598866
872538
-103131
-12255757
-1990110
-140318
-6458965
-2448221
-4861981
-10715900
4110956
-9374100
-9175815
3026575
-8413525
-1805720
-3230930
-9475045
-3113340
-4511750
-4468714
-6761938
-5107213
31266
2952402
-3050558
-136619
-415175
-1881702
-6877838
595435
-4058490
-4524116
-6000510
-1055308
-5146730
-4629079
1573592
-1273945
4257749
-4481207
1825521
-6743786
-3695562
-2005812
-3124761
5957114
-1310233
1644048
-3973930
-2856861
-2196464
-1776246
-11089938
3296284
-5578007
-914874
-3336591
-3359107
-12514356
2305538
4465505
-11295767
236710
-2478266
-7211169
-2357337
-4502252
-783324
-2144583
-3889865
1203450
-180328
-5614835
-7640389
-7047459
-3081887
4284463
-6412630
-1430095
3927120
1936890
-1510225
2520008
-2307540
-910634
-7080216
-3662623
-2057899
-3765207
-3325653
-8919929
-4391475
-1095331
-7056009
-5844604
2472150
-3314567
-5870383
-194287
-10996033
-13801905
26163
-12069470
-830691
-3347605
-2160167
2266794
-1174954
-2225697
-5257565
-3017802
-1149840
-5398303
-4306343
122471
1161320
-5703642
-9412234
-3923675
-2746715
-3852050
-7423185
-7354303
-8660439
-6206482
-12653831
-3535917
1877261
-5758442
-6316530
3364214
4872650
-6687084
-3529973
-1525873
-4866121
8816
-7531589
1596559
3031323
-5757099
779864
-7920457
-2707584
-993207
-4044202
-2631679
-15843711
3616521
-11902511
-10148993
-10852372
-7226066
3345257
-4739957
-2037780
-8638322
-2783633
-15762321
-4147416
-671837
-4216168
-9259780
-2875744
-3840696
-6681338
870712
-5219824
-6861653
2757452
-1067410
292904
-6901070
-430372
880541
5137263
-2555650
2810853
-3764736
-13034004
-3056700
1981002
626493
-3891827
-11209933
-8278791
2253525
-6428930
-919685
-5916411
-8600144
-1012032
-11150131
-4304640
-3030926
-6837568
1565755
-9662430
1832673
-6047492
650811
-1105695
-6179444
-5900400
-2131169
-1202061
-7155666
-1728496
1194163
-5954540
-5481157
2073748
-9493357
-2728686
-2529727
-9096030
-14064398
-8695052
-4057180
-4460060
-1051736
-3286898
-2804384
-9461602
643141
-3982374
-9395099
-3249929
-4479108
-4508153
-11679544
-5790706
-8288201
-2728585
1426584
-76655
768106
-3552935
-7356446
-1425033
-761381
-5219380
4590155
1834921
-1271869
-5051319
-6242174
-2387784
-12072355
-1789372
-3539125
-1539529
-8311132
-5120804
-3387756
5063473
-2297561
-2381779
-4584389
-7264911
-1812998
-2019147
-2124733
-12066519
-8288890
-460947
-7659308
-4912833
3401952
-486959
2399207
-5800408
-9846650
-4794954
-6488223
-5426692
3732380
2234774
-9102293
-952656
132514
-8630647
-1064037
-784387
-4660938
-3459498
-2336277
-2166330
-10866938
-5734601
2040969
-2621527
-955235
1293395
370032
-216972
-531489
-1064625
-2022422
-2670170
-4557164
2285391
-1347431
1394779
-557957
452184
-7169836
-2538071
-1268691
-4046905
-5598001
55668
-222581
-5775826
1198422
2116847
-2586637
-6907986
759881
-6548891
-2477090
-4032730
2403793
-2393312
-6152020
319424
-7159360
-7212643
-2967244
-7315143
-8577616
-8397682
-3809175
-8105993
-377601
-2448954
-8498668
-6337723
-5817157
-1522838
-3040078
549881
-1652259
-8217226
-413010
-4887855
-4903733
-912153
4359399
-8311654
66620
-8810128
-2397015
1330663
-6003656
-5390133
4568420
-831820
2395741
-75933
-5247295
859768
2015175
-3289142
-1697863
-6314670
1325771
-3165569
-1907352
1749074
-7005936
-139328
-5919597
-1584003
-11132368
65106
-9387671
-2956483
-6599081
-5002358
-3013180
-3456956
-1226996
-3593719
-7534536
2817985
171152
2147066
3801250
4591052
183159
6228772
5311506
-457095
1325000
-13082900
-2473734
-7929767
-2576981
2644172
-6715133
-6169508
-1537800
-1026153
-584223
-1092904
-2510236
-7661947
-5467787
2536147
376684
3540
-5566915
-3032368
-5810720
1118104
-5305117
-2400329
-3548563
-3924464
-7435393
-6266376
173551
-11166504
-5771848
-4386821
370169
-2523006
-2257801
-3348750
2459728
-7177230
-2673415
5928
-3018568
-3654505
-6177843
1420074
366661
-6755830
-2044693
-9106689
-7356610
-4393206
-3687987
-8847808
-13866525
-2754820
-1760348
-175643
-3648858
-7319189
-2450163
-3425347
1488953
-1423078
-8229983
-606850
-3813891
-1328177
-6234183
-3420192
-364334
1436078
-606424
-7334935
-887480
-695940
-5191567
-9236090
3952217
3368524
-3085341
2915497
-946248
-3034466
-8352205
2184221
1418472
-8082323
-4488462
1533935
-8161107
-287485
-2195696
-5159620
-7530242
-5245343
-2429932
-5058627
-2200745
-5728440
-461170
-4618567
-611735
-6531427
317946
3863465
-2812703
-8074963
1621226
-238171
-1815885
-2762049
-9137980
-6786347
1790589
-10357713
-1249990
-6038156
-4828744
-5677343
-3861943
-13382888
-4675278
6265026
-5217201
3746194
1305944
-1986252
-1547994
-2961275
-10173665
-9808215
-10200822
-2657145
-11101290
-154299
-1834559
-6852278
-610742
489327
-4842052
-5379194
-5301021
-2773488
-6731264
-1160331
-4528257
1342704
2496695
5206221
-5178411
-2053933
-5665113
-422215
-6553937
-11840437
-6337509
-1903191
3795240
2205333
-9340552
423994
3844391
-2592789
-5257929
-4875484
-527057
-5997773
-8190481
-582451
-3531908
-1402231
-6776685
-7536825
-15135427
-2014542
-2256740
-6366335
5661958
-11824977
-759995
-9390078
326074
-2440132
5311036
220321
-10927120
2020244
249639
-7881856
-5507102
-2607956
-4734676
-9855538
-2175592
2279160
-2817251
-1341575
-5661790
3233081
-284444
-2431740
-4387508
-9523006
1363975
757418
2819012
-1096572
177528
-7711691
-2964911
-8104482
-4206055
1410987
-3407444
-985902
4411914
-10099508
-8246197
798755
-5225426
-6363969
-2883278
-8687875
-5627004
-8334928
4333942
-1970601
-4549638
2153625
-6875768
-388923
-9624175
-186423
1527109
1942899
-8112145
-9181085
121863
2334371
-5649370
-3480046
-5478337
-10400832
-6603730
-5895677
-4124352
-1798404
-6164286
343961
-5427304
-1114590
-435125
2713646
-1295523
-6901478
-8168655
3693601
164721
-1261945
-3488523
-5406562
4588049
-5799399
2522949
-6196291
1637559
-4350979
-3047966
504367
-10163895
-2020290
681109
-7502708
-9747261
1140277
-9815595
-239661
-1213399
3468351
-153096
2169741
-472267
-5387556
-1876063
-232585
-3222286
278295
1392141
3432552
-1536710
-5397135
-4589145
1101811
-5346585
-182040
-3839453
106445
-5445019
-6123238
-5198440
-189126
-2477771
815813
672191
1001202
-947418
-1531341
1930156
-3775128
-4983292
-4758505
-4961103
2116462
-3120953
-4223924
-2564764
-6347515
2520918
-4336998
-4040533
-570232
-7536383
-7273935
410243
-1321603
4299915
-4817688
-7319439
-1441764
-4347752
-5538008
-4034055
-3623384
-746499
-5359710
-7042869
-2918273
-274920
-4305671
-2514841
-60703
-6187124
92376
3715237
-1094337
-12222803
-2434120
2709056
1856681
-5122010
-1568756
2164056
2879042
-6401497
745042
-786591
-5882023
-6477852
2509069
-10017665
1269318
2627811
-2483870
-914768
-2134085
197118
1097136
-13345807
-4533493
-6608035
-5527537
1638464
-488639
-4602804
-11125211
-5564959
-576783
-2865957
-355055
-923035
-6592627
-435710
182632
-2216394
-1768767
374036
-4350190
-1375017
-14067960
1015394
-2620309
-832667
-4070966
-2568567
-6399766
-8502979
-10211598
-412665
-2774762
-14611852
3363462
-1260248
-4821987
-4298546
-2345759
3826328
1460967
-2127086
5047744
-1883801
-4689233
-5169076
-4786199
1427372
-410452
-6739992
-1730823
-3955426
4566673
849811
-919854
-8231182
1977491
-12269128
-724245
4603333
-6430298
-7041811
-2071816
-5069637
-6947208
-5904850
-2360208
979518
-3278712
-4337930
-2665413
-8064917
-3315014
-3512744
-4030134
-3224767
-162022
-5196321
-6866400
712543
-8505916
-7499558
-1717479
-8176396
-477233
-4386224
-5632735
-262440
-1891555
-273112
-1415659
-995198
-14339535
-6864972
-3492652
-7552819
2358140
-2413696
-8973056
-5974063
-2174206
-3740450
1613997
-4188358
1180667
-1134930
-3173533
990714
-316194
211451
90335
593471
-3082558
-3138244
-3433024
-2419591
-3917709
-12787149
-1994218
1549753
-9817462
-227540
294669
2900789
-7431875
-120862
2442557
-1028147
-635158
1051791
-5556404
-3016829
-1157322
-2125462
-1504143
-6695232
-4343107
-2372584
-874930
-9457756
-2987899
3559095
-6572006
862037
42302
-5680492
-3593048
-6916531
682396
-5108494
-4194167
-1496773
-2400989
-810462
-7751582
-2352575
-1979812
-9411519
2041686
-7073417
-6459568
-1487285
-6771662
310346
-2007031
-90036
-3619716
-2775022
-1577440
-250079
-7716826
735434
-3526666
-1843350
-4200643
-435409
-965070
-1263665
-12199178
-6401154
-4641558
1199828
-8962968
-10034444
-3616594
409043
-1650706
-6815429
-5175763
-4295315
-3220905
1308830
-4204746
-1720431
-1064852
251124
-3701881
-4654973
-1057617
-4475458
-10970340
-1538352
-3876482
-2716332
1093673
-2528003
2104617
-8088733
-918442
-10740626
-4218523
-8011766
-5281822
-4095108
4364076
443635
-5452141
-6113307
-5847834
-2370132
-14134441
-5326528
-8495456
-3133417
-104344
-2286861
1622163
-11625965
35602
-12829912
-2842800
-793939
4361162
45742
-7277720
-1510870
-9460773
-13920620
-1352603
-3718960
-5284256
-3538687
-6409413
-3354057
-2244293
-3128777
-17444691
5461636
-3076782
-3276837
-8130791
-948682
-10519146
-5910631
-7928522
-4850641
-7681097
2764463
-4146077
1446611
-9900801
674769
3309952
-16382824
-9627827
-6690796
-6199805
-3286884
-2796753
-5345890
-3487631
-2459361
-3989044
4582425
29046
-7174383
-5968157
-2243230
-1254423
-12019901
-6678036
-5812931
-10077280
-5564642
-1755883
-5859081
-2731663
-2724418
-4375281
-3228862
348346
-1227406
-984780
-9260626
-4447782
15482
3024543
140274
1962209
-5278972
-2703536
-871033
672428
803864
-3809856
-3196733
-3632042
-2129446
-7609155
-4601145
-8833763
-2287530
-8390367
2971008
-1295769
-5595201
1034595
-3610605
-2278621
1700161
-4659223
-6179633
-227595
-1251237
596731
-2230473
-1619778
-4189537
-2221635
4580049
-4860779
-1734842
-6642513
-2383515
-3984029
-7900132
895684
-5189308
-1314116
-910312
-4697810
-1416064
-3219007
-5057000
-3303587
587320
-640613
-5260758
-2002986
-3558044
-6217979
-26616
-2192716
-40139
-2087291
-601247
-3692042
-5395913
-7946613
1874939
-9092651
-341887
-5045735
-9107459
-7245834
3474937
-9299970
1737452
-4534746
-620882
1812433
-1374982
-3704171
-6001116
-7132366
-3803308
-4796703
401760
6174279
-7158130
-3873214
-8104323
-6151781
-7731543
-7221337
303046
-1453057
-1316397
-2588807
3243952
26031
3957872
343521
-4311509
-6523550
-1812364
-1403854
1081359
-343515
-1198707
-5005991
-1470841
-16615363
1931548
-4064325
-1129116
-3516713
-4590130
963455
-2418708
-7153293
-7047095
-1001991
-7016209
-3206576
-8064180
-12730918
-2950490
-5742158
-3756304
-5562019
-2602827
-3619455
-3677148
1906664
-5899267
-2931577
-3872522
-3578813
-4682556
1172159
-5846835
-361949
-2023580
1972973
1439074
-951369
-3540955
-5534751
3325846
68943
-5514314
-12320374
4314879
2503574
-551501
-5563806
1932656
-2438736
1208756
-359173
-1139675
-4415904
-365270
-549744
-4931486
-734169
-3733587
105406
-6980563
592371
-7315620
1665789
-1620242
-3874188
-174492
-2466194
3777788
-2769932
-977343
5053613
4560266
303054
-1393263
-1529310
-3650665
2023057
-8801531
-5341205
787082
43881
1098644
351414
-1735600
-10822273
-7097085
293252
3042519
-6765217
-14646194
4118327
3050218
-2536989
562091
-1783140
-11174471
-4726596
3321038
-7426075
-1862205
-13180304
-6854638
-2649142
94680
-6943549
-2866983
768963
3969284
-4956285
-4026653
-1610206
-6030399
-8205686
-2317847
3049010
671991
-1870722
-2170447
-12719138
200467
-7119972
-3237291
-5694446
-2158730
5019278
-1962948
-4262184
2961531
3199819
152233
-13069982
-9509633
793875
136890
-2357771
193576
-4938129
391274
-13940046
-2859315
530363
-4966591
-1385274
3841700
277887
-1470186
-1866345
544334
-6551871
-11521741
-9516281
177706
-1056916
-396494
-3385219
-9650142
-4971016
-1402738
-2881502
-4856427
-220440
-5897
-1914686
-6100307
-8990167
533124
-5854666
-3491139
-4024358
-3061486
-1043260
-2084268
653860
-2291651
-2262619
-5118234
1854238
-3114086
-4026544
-5433921
-4935696
-5431035
-598035
-7653057
-2528391
-6753225
-3048294
-4351062
1672613
-4950872
-4351818
970729
-5281571
3340257
-2151211
-10409050
-5793417
-12612757
-711985
-4156041
2323317
-1668750
-2350977
353790
1139786
-7151999
-5896174
-10612964
-5328171
-10019859
-747579
-3613939
-5731969
-5411174
-2859614
-3059820
-2833996
-822056
-2861997
-3994266
2181101
-1707682
2194068
-8042953
-4698960
132713
4988097
-5951044
-3242953
-12571941
199289
-2408346
578998
-989435
-9867302
-3766826
288297
-1946736
-4110824
629091
940037
-3285481
-6613537
-7504147
-2461652
5402677
-6934307
-1335119
-2387920
216655
-6697264
-9970110
-6802856
-6489390
-3831094
-8082595
203876
-6305768
-6472612
-6090901
-178569
-5619992
-3642410
-1360231
2438923
-1588230
-2338458
-360321
-4587633
-1301553
-5796745
-526534
306173
-2893009
1691702
-2848403
-1951835
-4892120
-5002591
-6100969
2616695
-2344813
-1877271
-9275314
2010181
250584
-2466465
793216
-1280877
-334125
1662955
-7801073
-972235
-8236851
-5135696
-6995067
-10664724
4635231
1082533
-4136165
-4748168
-6240864
-2850892
-8011350
-6924831
-5821286
-12177264
1121017
867259
1439075
3249288
-2848470
-1059743
-3620176
2840001
6136271
-5651032
-4331827
-5159837
2362261
-3128759
-929209
-5065374
-1279240
-3827883
-2833691
2555673
-2468943
-2272071
-1522502
-6589294
-720104
1123636
1635869
-1644786
-5761062
-1030462
-5129382
-2384180
-5215987
803726
-5010440
1721872
-3989340
53416
-1266052
1241984
1186226
-3965663
-10577976
3848989
1331981
-6551491
-333766
1155079
-235960
-2747172
210907
921600
2369768
-4106101
-10342488
1636443
1526471
1400363
-6076809
494741
-10508274
4624164
4378557
-14653322
-2983336
-3329351
-6157129
-3639536
-4075501
-1836869
-3259574
-4740543
1234432
-864553
-6185638
-11576893
4200986
-3964663
-5066492
-304399
-858778
-10550552
-5434425
4140035
103968
-4184180
-2409310
-3358190
-9901531
-3673218
-3402807
-4547555
-5778647
-3356044
-5408671
131908
-3316557
-3085231
3044116
-12629637
4883455
-1268753
-3678723
-9364793
-3981498
5144974
-1803378
-2202723
-4594944
-8198806
-6992331
4380832
1307089
-6332043
-8876257
2745435
-3254434
-7185669
-8250772
-3065405
-9082943
-5994486
-7087155
-4827638
-4888863
-10845601
-1793731
-8406318
-2457363
-2176764
-3318332
-3728797
-3077244
-3282343
-6503034
664165
-790049
-1275985
-5113129
-10595326
-5315690
-1085279
-16587100
-13584563
-2669933
-693446
2538699
-4280433
-3644026
-8542339
-4242397
-1772946
-7212557
-5637988
-6390078
-1778658
-1752377
-5333096
-1108466
-149151
-1514929
-4521901
-97949
1039849
1705907
-193819
322040
-1863636
-6049090
-11343810
-3691311
-10111019
-13402348
-8368150
-3702071
-5555604
-6645715
-2841970
-6455827
-2444065
1397914
-4053952
-9300797
2686564
-3020925
-557573
-6317937
-5963557
-3519226
882311
-4642634
3496944
-4136018
-5551270
-2120873
-1029681
-1005758
-3669500
-3238534
-5971615
-3994022
167396
-4663569
-1248165
3017529
-6744319
-5390752
-253779
-9502526
-3027491
-7111807
4351986
-6537300
-7982775
-4980847
-7264508
-1674561
-7714194
403840
-5615397
-1077654
-2666838
-1426407
-1559557
-445851
-799164
-1331142
1774388
477838
-10222694
-4654209
-2655720
-4554941
-3357843
1970021
-1525609
-5925872
-7539127
-8218895
-5101861
-2888789
-5487863
-13419626
-5259010
-9718306
-9768402
-914721
-4802041
-3569880
768399
1745852
-4733976
-4792602
-4964133
3440025
-3841421
-3401789
-10376369
-3273425
-3914074
-2842182
-10501696
1233704
-4388988
-8464983
-427654
-607194
-5513278
-1310696
-905395
-3915347
-143156
-2617077
-12844832
-10587818
-6049631
-4375398
-8427439
553888
-1541550
-208123
-2015199
4336871
-7054189
-139931
-3395668
1703410
-2862687
-3778148
1494480
-3930862
-6733724
-1427854
-2775274
-1437328
-3131138
2363325
-3930560
-1964951
-12396368
-4277452
-2759273
-2630813
-2431503
-2205810
-10160476
-2887701
2308453
-2183217
-3713193
-3567772
-5627915
-8334355
-6538236
-5419027
4337301
-1092641
-14621829
-9510505
1890769
-4377818
-2600404
-2426770
-4692846
-5233385
-7291292
-11372935
-8509247
-3227639
-5489669
-7331912
-3740773
-3406682
-5282789
2684430
-3837148
-27482
-6935575
-3121607
-5824528
-8016230
-6355832
-2304140
-6015730
-3780550
-172852
387991
127494
-7945855
-6515380
-623090
-7983889
-35920
2018164
-9324349
1298885
-1731010
-2727550
7287593
-13320365
-5983471
-937024
-14903882
989670
-145834
-2264266
-1626378
-154571
294526
-7893986
-141633
-964955
-2518319
45645
-6399916
-2214305
2105917
4708640
-2478442
-2871187
-5751374
-3676238
-4182479
-8273147
-5689421
-8109674
-5211133
-1444329
-4289029
-3532588
4968508
-1833156
-10304617
-6537156
429904
-2286507
-6165512
-7144075
-5470443
-5247177
-40062
1508897
-2284687
-3210460
-1926279
-10259918
-6317037
-2375355
-2480132
-8188637
-855574
-5199380
-4862120
-5113715
-7997774
-178752
-6423290
-2219536
-4059829
-11812439
-3281608
-3300767
-4312999
-5053036
-345638
-4604024
-2285352
6031538
-4306217
-8353637
-5265578
-6367756
-2573983
-783076
-5677420
-1730149
-4952046
1075536
-2920264
-782758
-5293351
-7922907
-4954278
-3481438
-4176082
-5833074
-7885072
-3652993
-759185
-12584973
-5033934
-8506856
-2554927
-14631455
-41036
1466135
3071445
144979
-4205861
213676
-2974463
3541996
-1151716
-2589715
4409404
-2262772
1294300
1204740
-4750151
-1712637
-2977945
-5714738
686055
3491816
-7436152
-236142
-1795205
-3021425
-12384068
-8012191
-343672
-6993185
-5774229
351244
2975891
-845215
-4631096
-1651303
-1648802
-2382992
-3867054
2762213
-13104679
2488253
-883368
-1467304
-3804599
-3136584
-459180
-1426722
-9147078
-4723967
826178
-5692326
2429987
-6268610
-714954
3997985
-2964282
-106030
-12269076
-5381682
1785059
-4079748
-6614004
-6661333
-1039890
-6823884
-990540
1114586
-8343986
-3879427
-7689048
787619
-338347
-3582745
4198358
-629146
-1187924
-624221
-9963823
1000700
-12388463
3417747
-10154793
-4536845
-4587031
-1410439
-7114169
-3254020
-3680358
-6323426
-5817703
-753049
-8770462
1616568
-1998968
-2264974
762422
-698828
-1529134
-11064783
-7111064
130278
-3894956
-282174
3822771
-5943420
-6193108
-438783
-3172817
965755
-1777717
-2329884
4631172
1460749
-14679791
-4249259
-1650832
-6448202
-3509509
-7172513
1253077
-4140132
-7089069
-5832449
-1847691
-590515
684735
-4382857
-10109135
1656221
-1882820
-6114115
1610325
-5104076
-6273147
-2115579
-10609781
-7726792
-6577041
-10044671
448299
-1291112
-6651874
-4149970
-3817952
-6732864
-3886251
86658
-2869432
-9337189
-1648577
-1476494
-1673712
-1962802
-3922455
158978
2392373
-1744408
-287032
-655629
-1996530
1885114
-1880257
-8571585
-5646393
2951538
-1008742
2509555
820424
-12859432
1152719
-12178873
-7187165
-6452750
-4746409
-1105053
-2728317
-5867532
-7809677
-6673
-989707
205211
-7042022
-3213812
-4063089
-6599913
-5313463
228534
4226015
430724
2717789
-3241964
-12563750
3384340
-5117605
-6844606
-4814582
-1348850
-6418363
-403853
-2227709
-9088234
-7463461
-7664493
-6248002
-4827049
4699520
-4734862
2248396
-945636
-9282804
-1859333
-6437581
-2153426
-1129108
-1196629
173792
-9882237
-667035
-1305921
-4600033
1016505
3926022
94647
-5317766
-1994637
-1690295
-66709
-2322613
2338936
2618690
2785328
-7791813
1888893
3248197
-5220035
3361039
-3430151
-236077
2717356
-2674115
-5678692
2159986
-1844202
1653299
-411950
-3849530
-4934906
-5647353
-5395199
-342133
-8477751
-4760779
-7770474
-7373746
-12339635
-1500454
-7116137
-728212
-5797981
1620862
-4029783
-1697761
-2926391
1773918
1504756
-8046839
-5046293
-839928
-4597246
-6786897
-485188
-2524117
-12065258
-7997545
-9365450
1504499
-603780
-7691404
-1073809
-8502291
-2332944
-4424775
-7466575
-3329304
-207994
3168727
-2485495
-1435711
-10348398
1080880
-2651739
-6375935
-4160696
-404728
1591215
4293514
-2143368
-7373732
-9339235
-1681225
-5397567
-4237136
-2135492
-1587453
-3207589
2639901
-3032017
-4755415
-2035060
1220868
-16027832
-6187126
-5822988
2567548
-6543847
-7996566
-15878821
-8964930
-2857972
-2281661
-6445045
-1511948
-608274
-280388
-7741612
-3005563
434099
-5232745
-7809895
-3160978
-10493538
-4843561
-4121482
-3754262
-4068312
-2200590
-1695833
-3211118
-5656068
-4712682
-3236677
-1972590
-6740129
-775460
-7962627
1602792
-4983392
4756815
-4729651
2414984
-2169183
-3760546
-2510359
-6642325
-5275097
-5810178
-1099323
1766887
-1817353
107508
3411106
2121485
-1402186
-2348442
687250
-4652404
-4123805
-1106747
-11088330
-4598385
-566271
-1132677
-6098779
-1182904
-10547874
-7389376
-564485
-13844982
-5450157
2851183
-6588313
-5109330
-4534536
2029217
-2394493
-8393571
-10005344
436583
-2861474
1735413
-2797534
-7549827
-4249155
-1926215
-544607
-4279201
-1437741
-2040718
-1598250
-8380741
-5497163
-14735065
-9714285
-6848319
-3291512
-4466594
-8113027
-6386345
7270101
-6095604
-10025544
-3004641
-15419077
562215
-299684
-714525
-525326
-2432938
491002
2233362
166961
1017157
1174824
-8384062
-532424
-4272516
-1457049
-4300298
-8329985
-8997071
2874123
-1954388
-3563191
295775
-661070
1790133
-2549107
1249296
-10257690
-7828195
-5380379
-7816255
-3387506
1003136
-3413115
-3486895
-6790583
-8466794
-3759503
4070763
-3806945
-5421072
824532
-4864333
-3324488
-1281073
-6090693
-851054
-8465726
-1398471
-1509376
-3744592
-1654689
-1941025
-1843759
741557
-1461424
175283
-2239370
6058801
3240578
-435169
-1262444
-1007062
-3416881
-5454091
-975001
-7207127
-4747824
-8134295
-15700528
-1976285
-2283108
-2889192
5162476
-2236723
637613
-1703714
-327478
-3302955
-1436905
-3404685
-1288583
-12117166
-5118694
-2027418
1616173
-5912540
-6659774
2315325
537441
-4404037
-1661503
1574240
-5473256
-10332242
-5570471
-1100398
-2298397
-6673185
-708836
-5068203
-2753892
-5529849
-325075
-7800653
1397987
-10588039
-6766737
304811
569187
3833595
468211
-2302976
-982617
-8879184
-6917021
-4972176
-5560509
-550668
-2820518
-6794009
-74795
-7315360
-302230
1346918
-5660176
-2318422
-9448720
-6499722
-3281167
4463404
-1275972
-4684663
343239
-1844115
-2748473
-7647141
4589832
-6187309
4144492
733110
-4418049
-8611236
-2225721
-4239778
-10197019
2206580
-8428264
136925
-2614557
-6867635
-5591064
-2608487
-3211336
-2135338
-1734045
-2488283
-4771830
2537601
-2495120
-5333476
-8307893
-5896668
-2537767
-1794043
-5750619
175730
938145
-1502871
791970
-5499743
1632844
-5311105
-648310
-3284411
-841513
-6762660
-4069308
-3551647
3332859
27399
-178780
-1166072
-3784532
-5580186
45626
-11535166
-2114378
1700780
-9799267
5093050
-597412
-2879878
940924
-4001727
-8390730
-1616696
-751213
-4650720
-4654652
-2699813
-8600124
-2808999
-8434148
-14412560
-9308998
3582397
3127680
-6526241
-687819
-4049191
-2392912
-2413055
-3192096
-10507924
-3515675
-1957325
-3839280
-2472518
-460453
-2587734
-747564
-1706940
-4124634
1560079
-4126191
-3860423
-1481059
-3542325
4426479
252612
-2421996
3038459
-7961730
-4882210
-1007553
-6535796
-6246275
-10377198
-386052
-2510298
-311529
-8276266
-47216
-14973296
-1010686
3585429
-7825666
-4915334
-475973
-5594052
-3995180
-9744376
-12676376
4893412
3538206
-10820149
4610434
-4670771
4993492
-5902244
-9659726
-1649017
-6640619
-2312810
-2026769
-7342142
-7692815
-1636653
-1243480
-5508789
-1234015
-9269048
-1369573
-1124194
-8364188
-4927714
2623261
-5367047
-5006894
-3990264
-5681628
-1096633
3300153
-2753288
-1210157
611038
-2024404
-1394844
-4356820
-2934576
-3354578
46883
-6948162
-8801948
-7475369
-11231959
-2071177
-7950082
-16344316
-5172457
-2310454
-5928850
-4379732
-1387637
-8720564
-221952
-2234669
-1226192
-8223711
-3541319
-209832
-2863946
-3442908
-666074
-7725487
-2317668
1654592
2103372
-4074541
-370604
716734
-205445
-6787526
-4218764
-10693515
-5490080
-5791172
-5716317
-1365728
-7270268
-2175781
-2507330
1289431
120378
58862
-6966238
2109970
-9178657
-7240165
-7829227
-2725794
-3850085
-5117876
-4026348
-2442401
-3691554
-4381252
4919516
3238993
-4547909
-4815288
-501283
159814
1063254
-9887246
-6982017
-8123455
-10366317
-6087441
-8019220
-11584760
1945610
-4197009
-5760829
4695335
-3285885
-1101207
-2880211
-8596238
-437880
-598987
3287567
3796276
-11690284
295367
-1996955
-8186035
-4472304
-1368066
-1737179
599630
-1745187
366241
-7789650
-5412341
-1587834
-1596993
-5286966
4035759
-13002072
-439510
-5680561
74695
2959993
3170537
-4608072
2947470
-12069436
-4866589
-6267104
-2547374
-6925712
-3642527
-7569891
-2650492
-3247395
-5519822
-2106707
-3612399
-5276375
-2742804
4771
-2846443
-6146188
-7578839
1894362
-5414925
-2104754
-9371199
-1996477
-2756968
-9191535
-4243866
-3420472
-6842304
-16572501
1290612
-10803724
-7365849
-4693916
-854645
-845265
-1975980
-6801359
-3715636
-1737485
-1991304
-3859277
-328868
903402
-583262
-2342221
-2496165
2215057
-7585246
2587672
1160014
-1582251
-1039703
-3602532
-230973
-5430858
-8625200
-2336530
-130257
-845046
-554448
-775455
-2939946
-6319357
457664
2388904
-3486015
-2514082
-3541444
-4930286
-8642909
601759
-1829015
-4196097
-5961115
-6474927
1140604
2499089
313195
-3148261
-2873787
-3073377
-3182948
-7581616
-4394388
-5144689
-3775799
270540
-1431841
4757365
-3835571
4206153
-8056787
623367
1092329
-9602806
-338194
-3972518
-4663187
-419087
704027
1959391
-1641026
2444989
-11445823
-6861734
-12810955
-574280
-549840
-3586281
-3432979
-1715168
-1119653
-1393473
-1728037
96893
-5194915
3455396
2179019
-1056551
-4509100
-4894767
-535183
-3037045
-7254782
-6117492
-2173190
-5253809
-3318006
-3961143
-9691436
2439574
-7640093
-10330542
-31985
-20474
-2664725
-5466679
2307518
-2034122
-8583215
-7856898
-11056928
424345
-6371350
-5638416
3884425
-3122005
-752498
-5234216
-4922544
-4669246
-11297831
2008122
-1239254
-5418016
-3012801
1610551
-2686059
-2774257
-3089949
-948720
-7808727
-1773524
-3468443
-6585106
-1582659
-1701617
-5672776
-9707867
-4246515
-1359988
-4062463
-2495962
-406680
-9527577
2472705
-4514031
2055687
-2524301
1110139
-3811150
-4186878
-901022
-143770
-708382
1893350
-262925
-1519832
-7515319
-9118796
-2910286
-7781538
4243986
-1205031
-1427025
846765
-2283088
-2715718
-781779
-592155
-1780014
-242298
-8919126
-3544368
-9124425
1781596
-110685
-6911221
-4422340
-2742002
-11087103
-4016072
-2060634
-1171150
-782143
-1792425
-2359873
907789
-9612302
-9472565
-1631427
-3909868
-4135054
-5054831
1250020
62543
1246830
-6974810
-5049356
384783
-7703493
-455515
-1871214
-7114275
-3444684
492751
738122
-7062513
265796
-486052
-5585583
-1432688
-3337755
-663500
2408879
-3406658
2095338
-6114160
-387326
-2301578
-1863031
-963202
-1721767
-6053938
-8441229
-6323391
-4314186
-7725316
-9122189
-3044345
-2959285
-3703184
4849654
-906862
-5453351
1695396
-10113979
-371974
-234539
-13867083
-4048580
-6997246
-4063806
-12530825
1507101
461128
206397
855191
-1981049
356364
1759842
-5908750
-4006657
-1618515
-4419914
-5748899
-2027207
-6987919
-5854098
2353188
-6493760
3179859
-5587964
-3402089
3716496
-5248270
-9375052
-6046805
-1553324
-4672
-2771013
-3233940
-3614443
-2531720
-14105678
-6130829
-1805192
286425
117062
-5244173
-4722870
-4935284
-10091604
3772572
-5593512
-3274591
-2031021
-1735627
-5141076
1470093
546530
-138467
-5698788
640892
2261437
1661283
-4118857
-2194514
-4175198
-3195520
-3364556
-3654184
-1377079
-4333334
-3558039
4760540
-6116581
-9627393
-3184835
-1211824
3898170
-6093378
1087711
-4218232
-9855349
-6406598
-2105269
-5829509
-7353386
903645
-13809062
-4658648
-11378626
-1352347
-353406
4864532
2215171
-9114153
-284427
4157869
-2475413
4134728
-1811409
-2956588
-7984996
-633279
-3933255
-5021767
-10532515
-2549741
3932341
-8023924
-1987387
-681883
-4362486
-8834360
-7105839
745543
-1705893
-5349981
-6070660
-5091103
-1927780
1632422
-1226135
-873754
-662264
571722
-2038944
1425241
-8520783
-2322403
-5764553
-5938317
-5564490
1606336
4747198
4262011
-12533221
-1191403
-6836635
-2896801
-1012863
-5202706
-4077730
518562
-2413671
-2983874
-6732290
-243067
-6246961
-2451841
-589508
776934
-1371469
5024097
-8797137
-5148827
-697790
-2149352
-11493005
-5950162
-3650993
-5784228
-1578192
-4306626
-6154090
442080
2349182
-4825889
-2022238
-3325536
2532119
-4885218
311426
-729962
-5434263
-2707807
-8568255
-10213439
589630
723575
2081840
1297532
-6495411
-7060720
904765
-2350013
-1322875
-2708527
-1657664
-595152
-2656387
-11377024
-861603
-2106319
393650
-3085784
-2158044
-9138398
-1543050
-3092752
-1154578
-639903
-2159610
-4184827
-2948662
-4156442
2944067
-2530392
3230865
3976807
3810859
-9031285
-2857753
-8384821
-12241209
4529620
-1497315
4951533
-6927267
-7944016
-11075729
-208561
-7417839
-199871
59097
-1312013
-2746507
-8455138
-11780765
1259855
-481232
-6886294
51197
-4550709
-4619341
1502110
-671296
-3537776
6631352
-2919602
-2907817
-6900040
-275931
-6388643
-344963
-7416066
-3568134
1925979
180356
-1139003
741561
-1135189
-3164474
-2751554
-4976649
-8701507
-1747013
4314886
-3567084
-6009850
759039
-3129562
-6471621
-11684000
-3914566
700335
-3723236
5214573
6827460
-15239700
2324750
-2065994
-3918886
-2975512
-5621199
2612363
-5809984
-2136736
-5037299
-3463039
-4717909
-3626983
-11218762
-6843974
-12335189
-80155
3305470
-6029095
-933793
-3314988
2837425
-11362992
-2370117
-830070
-3629335
-5563054
-6456113
-10000494
-2738303
-1780256
-4237558
-1778546
-1034858
-2261489
-4289923
-5220817
-3306217
-1894832
-3969369
-78874
-1133956
1777572
-2940177
-7043520
-2817481
-2249028
-2724532
-10110660
-93248
-5405909
-5030802
1641391
-2949748
-6940842
-4181614
1854790
-582371
-1797502
-1632927
1117767
-1425217
4119820
1322402
-9051105
-6648377
-6308053
-6230900
1310458
-5959139
-2646129
-3464646
-7300052
-5241583
540022
-823218
-1973471
-3361979
-6122253
-1690107
-6101110
-7584369
-11872654
-4896995
-3396734
-2776024
-5607394
-2172637
-5992938
-1456261
-126445
-2827483
3061250
-3019078
-2860237
991741
-2708281
400662
-689638
-2005073
-3055968
-10738275
-1460338
-4930394
715870
-9984265
2785587
1859524
-216450
-4588506
-4479382
-947405
-3702206
-13247612
-7463221
306378
-3579241
-6532977
-3639088
-4148387
-2893556
-4249555
558524
663575
-3984957
-3047121
-6337317
-215360
290801
-5270132
-7978903
-3684132
-5260922
337060
4581301
-6844556
-8442245
-7430035
-855133
-6012333
915628
-6177652
-2634700
-6091085
-6098473
-5333747
3725062
-13023119
614298
-4286090
4951231
-4274916
-3046901
-1541665
-1625695
-5466724
-592977
-2315874
-4548407
566047
2839052
3532641
-4181086
-6848104
910671
-6499649
-2895895
-2242112
-8339041
-1579249
-11963343
2734141
4897335
-5348345
-6083315
-945155
-5797519
5054270
-8513580
-3815332
3402811
-2180171
-6502358
-889601
-2129297
-2946329
1234186
4935836
2111116
874821
1068468
-4306240
-4305422
-1217917
-8696228
-1735170
-2283290
-3434342
-7176814
-4984286
-3965299
-10670245
-1249752
-7568777
-2148606
1086786
-179980
4084710
1480128
6863127
-677253
1617758
582813
-7343577
-6613932
-6549218
2202227
1643362
-5149139
-1069376
-3627745
-1995312
-7812511
1993758
-9684663
-6924766
-2681913
3129101
-4462081
-2721398
-1691701
-2826766
-6400941
-4856605
-1520127
-4052737
-8490512
-6685318
2920049
-5442552
72101
-9417731
-1854842
-5675510
2807661
-7502698
-8142897
-4530072
-2512379
222983
-4593748
-5820082
-4944035
3007681
4718299
229633
-806877
-3025021
-6290973
-5662439
-707697
-7265659
-304231
3126315
-13884720
-1126356
-3004535
-5244860
1297855
-2833289
-4347104
-4231633
-5087776
-3234176
-2397309
-1661873
-912199
-9856719
-3950364
4590628
-9373056
-934733
-5320353
788610
-3844156
-6399157
-6062902
-3280282
-6824589
-4155904
3955498
-3277209
-4720584
-2389500
-2354521
-2081674
-6777368
-4829730
-1222437
-2026941
-3720093
-7592440
-2777571
-12459663
-4381415
-2099094
-8012636
-6404862
-8402095
-5263288
-6838435
-5427572
-4282718
-3424281
-12313698
-10292307
2690646
-3173007
-1375612
-5411290
-8219899
-659579
-10929747
-5228858
1226424
2700586
-11209514
-3088320
-6188629
-212829
3976821
142886
-9754742
4142929
-3374601
-1662689
-60940
-774237
-7083282
-7375278
-1179269
-4122448
-13856237
-4132098
-5008662
173643
-2897381
-14413957
-938270
-8377162
-2174792
-6349403
-667560
-8099598
-1139444
-3147584
-5055574
-6292618
-4491985
-5961553
-3994785
-5252458
-3903032
-9889365
-915477
-27200
-12492700
-9582268
3221301
-2877408
-6323579
16695
2648191
-6345513
-3993802
1102105
-6524367
-9350414
-2194028
-610813
-6071482
-2358370
-5046082
-5635043
-2425702
-3003466
-4363869
-4314443
-8072053
-2792731
-2445280
-9667909
-8266469
-1271381
-410408
-3756875
1182165
3603382
-2434985
-309024
-2317863
-5693802
1265142
2257866
-4488002
-5572618
-1164735
-10615433
-2403096
-2843106
214477
4968317
3283420
-3178019
-5273136
-65196
-3601200
-4094825
-2508829
-5027006
-3077076
-3247401
515249
-611669
-8700220
-1947244
-6290717
-8565397
-2979744
-934478
1967684
-9141594
-5616380
-5489395
-2179042
-4219908
-4133927
-1160170
-4122594
-6058374
-6656187
-7561432
-1532274
-7440028
-4757108
-15026463
-7918075
2314534
-708832
-3813521
-5947247
-3606722
2071397
1521763
-10676630
-9215920
-2463747
-14165303
-700624
1424062
5039196
-464832
5282267
-496176
-6148025
-4530245
-6077656
-6549596
-1550357
-8457035
3074839
-248964
-3473166
-5227295
-3846049
-1415753
-7536595
-6923392
-3027242
-622043
2869682
-1597619
490995
-1366255
-3574580
2124512
-5510035
-2188185
-10175102
-6757091
-5995184
2447925
-613526
-320627
-2440712
4407593
-6198345
-1401653
3519309
-10434976
-1668132
-12252179
-9660502
-751316
-11864645
1925270
1250262
-5279648
-2830552
-1280194
-3873874
-294164
-4874130
-6463996
-8619037
-10326518
-1228127
-3392968
1439115
4656557
-8295141
1043150
-7181175
-2282250
-2657407
-3260292
-7299715
-8252390
3730180
-141187
-4541666
-5507298
-983004
-266618
-5231150
-5369726
819378
-1741220
-12839657
349923
662747
-12707857
-1754698
2038037
-6497152
-5126968
-747207
-8555316
-4941550
-1253983
-5116794
-3026797
1304084
-7936271
-229725
5936809
-5773396
-3197450
773932
-956935
-8055239
-3288239
-3751943
-167762
-9643360
652521
3924132
1621577
-490452
-7732384
-4836074
-3869309
-109822
-595548
-1578629
-4569976
185902
-7530734
-67616
-8093012
-9041289
831395
824258
-6770249
685595
-5659656
-4107286
-5236860
-8966976
-2818922
-2407728
1034608
142536
-168318
-11774850
-8383000
-775175
-5001559
-7614291
-2984573
763188
3103015
-192548
-5017284
3018289
-5069539
-5933968
-8483793
257255
-5513028
-1565732
-485821
-414234
-2564793
-11330027
-1801952
4041418
-5102830
-15045818
306156
-531064
-5795502
2043566
-528514
-9747618
-9000937
-3504902
651308
-1555411
381544
543745
-4339916
-234556
-1371466
-9394677
4212302
3981620
1837253
-2310840
-8353784
-1665481
2043749
-3598608
2175892
-7463420
-6184985
-4980161
-941828
-7179992
-3943658
-3070686
4053050
659179
-4013154
-3921462
-2485463
-2371632
-2444621
-2939376
-4462170
3619154
380144
2695731
-3163337
-767929
-11400567
-4622437
-5268626
-1093198
-7619729
-6000985
-1546823
749900
2010710
-3763160
-1405172
-4017747
-456253
-3665358
-2812017
2921839
-1651233
4192893
-24091
-630053
74827
411280
586353
-7577437
-497127
-11148136
-5497478
-4465266
-2419211
-6133934
-11811682
-2856338
-5712200
-4262463
-4022470
-8109304
-9399665
-6462861
-596072
-958672
-4332929
-4504588
-2319464
-8045607
-2909032
-4641231
-766817
-1047149
-4838830
1081834
-6279744
-6632792
-4906846
-8391088
-3746480
-478476
1040074
-1353802
-8777794
-4902779
3014442
-3332993
-6305588
-1081738
-1030968
3163026
-144068
-674202
200198
-10201602
-2082403
-3213235
-7240861
-1726526
-586663
-4018871
-2414820
518443
-2188415
-4823097
874824
3504710
-10665517
-4414602
-3993775
518628
458531
-1586863
-1355812
-10634975
-3974278
-1813135
1227308
-369590
-7914390
-6723206
-689418
-2194574
-1607958
238480
3567087
4610317
-1520535
-1258333
-775170
-5087592
1906436
-1389273
-3314599
-3185418
304995
4816606
-6428879
-3990603
-9242552
-6477798
-4682478
-557047
-2225603
1297407
496663
-900422
-6484084
-1888356
-8041055
-7501720
-2518297
-2084401
-5405218
-276572
-2946187
-2924538
1756890
-2175065
-2607829
442231
2630861
-11106091
-12283289
-4747061
-6852642
-4624822
-9831286
-2049156
-3395717
-3852331
-6567576
840322
-2368212
-11765868
-1188947
-5922548
-988568
-4441018
-3616993
1689790
-4302351
-2932082
-3341067
-1850709
-842013
-8060852
-4259390
-7917357
-6888409
1994925
-1477902
-1494057
1623477
-3789044
-5740116
2387928
-7511186
-7257840
-553353
3319557
-7613357
-2111842
-1539828
-4121180
-8595763
3351744
-3688694
-15818824
-3080892
-166531
-2953349
-885938
2331252
-2871828
-1564041
-7212368
-11450198
-196295
-1964804
-8322108
1990894
1443955
173853
80543
983700
-7173050
-198207
607314
-4073045
-5927309
-13853557
-8830871
-924444
-6524886
-3138809
-9296169
-5093501
613154
-1618728
-4824173
-1720389
3426240
-299825
-3765790
3190208
-2651659
-219504
-581158
4142247
-5712832
-5097795
-4240543
3997122
-7374854
4123959
-3063313
-6240158
-3599233
-3633120
-3853694
-6426825
-2986656
-3630068
-3383886
3287118
-7125471
-6756546
-1500764
477054
918834
-11800723
1025081
1154265
-4019560
165114
631694
-6208142
-7812031
-5426890
-6909130
-1890310
-8553619
391266
-6074617
-199403
-6742849
-3944160
3552134
-9717166
-6555659
-530795
-4789619
-1724221
-4838756
-2544313
-3291701
-6687101
-6741830
594317
-7001531
1360681
-10641727
-3360421
-7438246
-1623072
-160865
-4025784
-2810702
-8707159
-7345668
1684623
1342121
40609
-7685332
-4086701
-4826818
-3286636
879993
-1882596
-7159913
1715182
-2688460
-4990829
-1839557
-9320224
1675164
-1729443
-4684901
-6385677
-201208
-3901589
-1347822
-3900863
-2426117
-2705675
-5374303
-1024974
-4044466
-4855911
-2111457
-3283099
-9310314
412168
-8172580
-271275
-5255949
-9314044
-3455198
1419684
-5393037
-2779487
-3663621
-2600941
-2696221
-12193025
-6527217
-895090
-668578
-816715
215675
-3831696
-2933096
-559391
-1233534
-6058609
3764162
-1289245
-4149598
-2821580
-1743560
-920996
232668
-5702286
786450
-5629549
-9049670
-4624533
-4909332
-4012759
-8925766
1896451
-9112618
-1393447
-5861812
288159
2594415
-4394219
-1967280
-12608844
-8456902
-2436624
-6329146
3256998
-2674343
-569669
-5590395
-6294054
-4826827
884122
-2279607
-12504644
-8412526
-6254920
-5756585
-12447640
-844348
-7488986
-16856291
-2316217
-10102299
-5553680
-1074984
-4560653
-3099917
-4035471
12108
-7583629
-11617
1241027
-10046712
-4365865
-7036078
-9935131
1906825
856167
-3118253
-418431
-4792661
-1723165
-957295
-5720422
-7871409
-4668471
4775600
-587319
-10340415
-1173682
4925702
1477584
-2810780
829057
-1492565
-6370120
-4467001
-6137313
-2114527
3197821
-2767437
-2933624
-3843297
-3307507
-3103872
1437035
-5350269
-812780
-7624088
244625
-12206237
-3244046
476233
-1780798
4357382
-7381096
-5087130
855606
-6241941
-8740634
-8957708
21877
833937
-3789453
1305840
-855151
-2177914
-5279224
-1577231
-2540917
488764
-2432643
-2134691
2442144
-3137946
-5840914
-3972684
-5777558
-341655
1945670
-8045027
-5639483
-155551
-6468026
172190
1398284
-882242
-7138394
-2142412
1450723
-4963606
-4059908
111026
-15700988
-2695015
-1862273
-4163472
2827261
4598832
-4809199
-2845345
-443068
-6223533
-6212012
-1775083
-5944449
-221428
-5906711
2455395
777380
-6976891
-1860962
-6510210
-4924991
-5913146
-1934271
-3186149
-635567
1036180
-3037345
-9187878
1338122
-2217244
-4962636
-4670299
-3465063
1577741
-3520939
-111634
-9704381
-1594583
-1933902
175456
-440095
2397484
250926
-2914621
-6414361
-881345
-8352370
-82133
-3348184
3258078
-1093877
-7193015
52672
-1540680
-4272819
-2870480
-180357
-2456629
-5449485
-3131136
-9406679
-1308051
-10821600
2439548
-6137370
-1817241
-2168445
3165692
2238721
3682924
-1711
-4567565
-115264
-666248
526478
1004551
1247304
-4625694
-645780
-4588447
2504649
-6111972
1284013
3307305
3928882
-3513902
289187
-2626444
-6340455
-4129524
-6054161
-5141270
-1274580
-7694255
-8121411
-3045683
-3259595
-6542715
-377916
1794667
-509612
-5243038
-5942958
-6924842
-3287819
2854838
-2142834
-3511643
-10076200
-4469467
-1411504
-5267843
-7860055
-2004987
-5042859
2018627
-4824605
-7883829
4998952
-5578261
-2560142
339461
-2729803
-3333562
-4893589
-6622718
-5256774
708620
653452
103642
5101826
-2371497
3668218
-10048064
-6429239
-3712216
-1415761
-2462354
-1344647
-921087
-6118444
-2854565
-6129188
217129
-1162281
1708857
-757239
4284872
-592705
-669310
-1439255
-4857688
581081
-10546012
-452151
-4384544
-4013777
-93286
-3593758
1054700
-384195
-10263898
3077304
-1826451
-1465458
-1911304
953657
-3611405
-2363594
-5851887
-3063639
-893336
3091110
-1432250
-5205003
-7381879
-29256
-3725044
519737
-9646401
-97810
-3963948
-4668739
-5511908
-611067
1094185
-6022820
-4792119
-275894
-2202133
-2102235
-865315
-7390725
-5321111
-1185371
-6488250
-1585739
-8033907
-3859513
-2751429
-810847
-3288687
-5257900
-2773418
-4212991
-529948
-10321618
-1850224
-3001754
-1453365
-3658892
-4278204
-1863112
-9343098
-2352058
-9362189
-13402022
-5104095
-10900585
-1635940
-1248167
3502185
-3693782
2051279
-2057972
-527008
-7589944
-4852531
-2918112
-1757898
-3055770
99074
609045
2815316
-6551788
-2874285
550764
140651
667083
1497993
-16399926
1688409
-5624187
-4967211
-16655303
-12111894
-5408798
21574
-625733
-9441525
-9144112
4173592
2591019
1943913
-727031
-6170691
-2209657
646870
2830869
-4678230
-1749669
-2346352
-7242237
1215995
1713994
-7538854
-5143644
2633241
-1283488
-7247340
-4899404
-11121395
1177064
-5458523
3623197
-9697092
-872280
-2984004
-4004593
-4395275
-11754615
-2912756
-4012564
-617986
-6073166
-3319811
-4688493
-5268822
1340201
-193251
4306234
3399505
3679027
3113012
-8933167
-1956183
-5559343
-829215
998677
1310899
-7535358
1563647
2390485
-2945897
-7223526
-718139
-11339602
-6980033
3893861
-6428517
-3597186
39961
-16790429
-4854813
3122662
1555366
2308534
-4531395
5709438
-3715399
1591349
-1002369
-4827423
-5200244
-7230060
-7056140
-3157641
4643109
-7839356
-7914080
-2034110
-192356
-2451018
-1979612
2016673
-432909
-4642016
-7328211
-5880262
-3208675
-642242
-1138681
-3001635
2137191
832930
-3422133
1705912
2983958
-12423387
-4903377
135983
-2788062
-4283564
350206
393280
-3468703
-7105678
1702840
-12903385
-2467412
-5411989
-5047460
-165063
-2103753
-5669566
-10214036
98007
844492
-5464982
-1707260
-7448600
-9110307
-3933630
-4730034
413123
-8986845
585743
-3070128
-2952315
-3466359
-7127653
-2761585
-5329863
2518703
-738223
-121012
3593453
3873144
-13330020
-8531951
1211801
290705
-5454762
-1102587
2755794
-14779672
-4489107
-610946
3320302
580647
-727622
-5051834
-3148779
-144985
-365339
-4134701
876599
3086062
1585038
-1969251
2033933
-550122
-14511659
-12413727
-5224020
-4569505
-3436499
465294
-9656651
-1929275
-4162290
-522284
-8388860
-2161521
-2191124
-1032269
3673697
3785658
-1712028
-3381494
-294618
-10487697
-2995179
-9579398
1472551
-447699
-10638493
-15820001
-18680
717670
-8490664
2379358
-7853249
-7389032
-4608406
-1732365
-7411468
-952704
-12321207
-5720106
-4914685
3739117
-2054026
-6346772
-743262
-6932490
-4255841
-5251563
-4760739
-2909265
-1760934
-9301917
-8238573
-4593117
-6782409
-4038120
-5010152
-6507775
4847309
2473194
-3790006
-5067594
-4110699
-11533277
-6170894
2332388
-1837628
-3028572
-4709111
-3393725
-3054700
-10268487
-3256001
-871202
-7809103
-3948164
-3037311
443510
2542675
-1049688
3644501
-2508670
-1717561
-1610883
-3062812
-5993970
-15054037
-7886863
-4421423
-13273471
-1812899
-6252385
-6461864
-12069180
-3020451
-2490079
-2740738
-3567717
-958919
-3215942
2060543
-3106356
28923
88491
-8633621
-1003499
-576379
-4125040
-6520970
-4153285
863302
-5729896
-3257056
-9445700
-916116
-4554663
1172466
864696
2375541
-3710856
-6914430
-5900460
-2234348
-7842609
-18779
-819452
1959484
-6315788
342235
-7262130
245294
-54692
-13032076
-5569951
205094
-11037341
-4509382
-5810944
-10479049
2270405
-843240
-8468537
4670544
-1218699
-2785263
-6373131
1134444
-3189565
-512856
-672833
-6363407
3698091
-3587282
-4325712
-10927126
81511
-1786981
-5415899
3678105
3570717
-2275540
-1440609
-1625853
-74996
-6191459
-11825871
-4119025
4641194
359878
-13716671
-5655434
-5296552
-3353123
3964879
-2646632
973166
-5553090
-4691110
-2101105
-1180527
-2495188
-4622243
-7659860
-3636282
-938238
-1536575
-4496329
428683
3774758
-10116990
-828875
-4017518
-6879452
-130394
-5198306
-6819599
-1286038
255936
-5484780
-9758749
-1651791
-10598551
-3460542
-4147016
-5608306
1035441
-7619646
-4561309
-2855703
1960050
-4373215
-2817607
-6970384
-7527128
-1311667
-9454102
-2539613
2516554
-1948914
-7439439
913151
-3593513
-513255
-383142
-5022736
-3897923
-3580662
-1399428
4205908
1737896
-4855310
-3195849
-5289793
-14968625
922584
2404107
-6143026
-3816049
-2262359
1945721
1084137
-9854939
-8836465
-3538926
369489
1335356
-8247484
3032019
411265
-2355666
2290738
-1690105
759079
-4339107
4918177
-6549732
-5146096
-4051143
43050
-2083799
4275684
-1934054
-1203953
-3377460
-1500512
-2587089
-5596477
4177767
-1349164
-846961
4625262
6448420
-2808506
583848
-6172487
645419
-4636563
-2428607
1333935
2022785
-3376273
-9018106
1166518
1191232
-7506883
-4206089
-1850591
-1835821
-1721185
1414967
2924812
-7253512
1010243
-8416684
6478660
-5164584
-4172961
860014
-5708748
-16196017
450208
-3311364
-9698782
-1693759
38502
-2906533
-2244707
301456
-5351133
-5943984
-6859974
-1981694
-10200708
-2137985
-6663170
-6078434
538869
-7084456
-3390385
-5944746
1721015
-1887459
-5286166
-2474249
-2429680
4285885
-993399
-722216
-7064848
-7797944
-435116
-7031710
-1896272
-585131
-9818809
-5574824
-2256266
-197568
-8489872
3706821
-1469839
-7685819
-10576644
-6825179
-12434610
-2552089
-8588668
-5437486
-1475305
-5985952
-12253359
-1829563
-3069305
2086788
-2185055
-3655578
-178431
-9658319
-1338633
-10798851
-6443828
-10613
-1443866
-2947629
-6679108
-3857877
-5441860
-7178807
-1702655
-2750263
-1772899
-12664731
885571
-1086265
-3164729
-935632
-2169784
-6010620
-2060697
-1962405
-6225037
-337281
-5043913
-4915327
-5318405
-8213506
-2743244
-4148968
-4889965
-1450923
842004
-137556
-5259750
3023989
-4591115
1299918
-2963614
-12470580
-9332048
-11999713
-6208750
-4785565
5321661
-360578
111862
-4258786
-342430
-6773224
-8164159
-5773349
-4864176
2213286
-3417831
-991407
-208231
-2794955
-2894854
895181
5598815
-4592428
-671694
-8317985
840886
694916
-6264490
-6012447
-1725113
-1270838
-349157
-2823859
-6554119
-6660362
-477732
1278111
-2621729
-4140255
-7182927
-1522663
3936063
-2653031
384484
1898149
-6600402
-3958642
2035703
-5020175
893289
-1544412
-11683031
-9245271
472831
-134969
-1698469
-5121672
-1750079
-821197
-5125534
-5094417
-1729938
-5244344
-6098650
-4712966
-6167987
-54708
-3658404
-6347806
-585644
-4212961
-1527330
-1467118
-7197057
-9082825
-12486187
-3545278
4295547
4563459
-10115478
-6526466
-3920541
577885
-8737697
263491
589596
-4327092
2448274
1957032
756174
-6893102
-9560346
1104152
-4852010
-9504078
-5090481
3184955
2198765
-1677443
-2453586
-11079790
-9747651
-1168550
-1653090
-9664
-2863185
-3133604
-6724135
3673321
2149957
-7126320
499278
1974734
-7245271
-3550290
2434361
5519053
-4114774
-6562312
-2961890
-3200025
-33755
-3759064
-4738859
1194570
428142
-8879172
-12293714
2117952
6068535
-4646486
-4121950
-10126864
1898987
-1623349
-4435240
-2271631
-11217268
-5242907
1009506
-10365883
-6774671
-3561646
4226498
1177342
-5464878
-10587567
-7137689
-3348301
1162678
-4325883
-4744349
4702767
-2714285
-5881485
-5309354
-5949816
-3331881
-4791646
3964612
203307
-1499346
-1770085
844177
1423346
-6902789
-1087714
-3907484
-5120656
3640997
-2374456
-446267
248632
-507679
-558087
-5203117
1893530
-6101895
-7825335
1345630
-7697067
1821948
-5867429
-3531937
-2844571
376722
-9097876
1529668
-9094211
-6132908
-9367259
-4596552
-7107835
-1870250
-2815966
-481633
-10065573
741490
-1018564
-2552129
-292464
-932577
-5364507
-2131508
-9392941
-1811347
-987144
-3608300
-1396
-4330663
-285279
-4544261
-6543288
-6688564
-7505569
-3344276
-1019455
-11510696
46700
-5333800
-2314919
-5778203
-8848065
-3064025
-6277904
-4771298
-5373011
711469
669278
-8937066
-17350851
-1710084
-7011881
-4950538
-8554986
-4967641
-799871
-1736255
-726644
-1491581
570273
-1976474
-239287
-1497388
1248706
-4816463
-7100746
-7766642
-2209785
-9927486
206313
-4240785
-2987760
-2503913
894191
-2040378
-2515952
-1185703
507161
-2468049
-3890191
-5008547
-1500693
1006484
-4053538
-5881451
-3795101
-8051434
1984117
-4797164
-6816562
-9821496
-4842203
-5026600
-2238211
-6809600
633103
-627909
-3331421
-6665731
-6704141
-16093635
-5162994
-5010036
4748377
-1407334
-2803149
-5680966
-5376468
-1077688
-5305817
2132095
-1824421
-2538192
541347
-4733471
-888608
3041392
-3231423
-141620
-10605691
1944953
70653
-2750007
4842579
3746038
-3883164
-5481701
-325066
-3951056
-642862
-2734260
-8264335
2486261
-1252613
-4813964
-1647018
-4019483
-2694156
-13140662
-1649513
-2688345
-4087221
-965877
-912254
-8416810
-14341
-4314698
4411718
-660813
3477735
-3256079
-4039950
-4863796
-6991096
-3708216
-3918464
-2151961
-10386245
-2058160
-5843390
-3713862
-562888
-2387818
-2129339
-1799990
2834760
-7219383
-12326849
5522126
3641384
-737270
-1449223
-7719472
-1154365
3228988
3234343
123977
-1958299
-6423054
-444489
-5134026
-6202720
-3920512
-5264740
-7278244
1291704
-3685493
-5577105
-1312967
-1722071
-6734655
-4259780
-8858378
-3666826
-2307783
-3125145
-98008
-2214996
-1834845
-9654816
-3756561
-3877038
-2065291
-9039963
-8539434
-4120840
-1623945
-5219956
-1394490
3020565
1619096
1680979
-7939707
-2939647
-2890576
-9047013
-2357834
-3515367
-1037722
-950094
1009571
164463
-7483279
-2896951
-3332869
-6330526
871453
-4216186
-7848039
-6874405
-1383958
-12178889
-1942848
-10619555
-1981689
-4378079
-451205
-5559803
340781
-8408860
-2594818
-2011602
-324196
-3133598
-6844610
-817020
-3129404
-10098832
1753463
618566
-2345419
328407
-1702601
-1383592
2296881
-5491128
-1726092
-7672048
-1677433
-4597277
-6198920
-2231381
-3192660
-4562123
-2615559
15988
-581724
-3791909
-5589482
380754
-1963776
-6291135
-8336216
-4969876
-2775337
595278
-4545612
-5147703
-7785082
-9120039
-6350885
2894605
-7749552
2283951
-5922030
-9837462
-2374399
-11110251
-384727
-2110051
-1715662
-2487884
1886730
-3586857
1746892
-4399790
317680
-6449753
2023572
-9943171
-2301938
-9104072
251899
-317653
-2785069
-3131215
-7272240
-6234596
-4105762
4752435
3063979
-5368501
-2691549
-1439851
-14552247
-5583633
-4206346
-10021519
239118
-7079962
-2946497
-3916138
1140162
-1440172
-14086774
-7582159
3614376
-5142331
-6947143
-3439341
-1562005
-500708
-5531169
-2834730
-3075284
-150260
-3321505
1505798
-3792884
-466011
-352331
-6229311
399545
-8041074
-2865106
-4377539
-12672105
-6468533
-2058094
-5440521
3733311
-6110159
-1251205
-9701384
548830
2739329
-5202248
-137823
-4841272
-2079334
-1767393
-4029955
-3037484
-2115825
-5643586
-248981
-8418661
-10830003
1640784
821379
-2205018
-4022534
-7029735
-3792942
-2224410
-1741963
-5368356
2245431
-6042543
-7712071
-6090376
-8397677
-4099062
-1644081
-7368104
-3640708
-1471931
-7083454
-4973505
-2249661
-1939487
3705972
-3995908
-5587474
2890703
-7964793
-9568981
-3149097
573385
-1315399
-8026897
4783650
-3576271
-4062660
2603191
-4362181
3882182
-836005
294412
-5672605
116389
-2483499
-6432564
-5981070
-3861117
-5530218
-6802940
155063
-8190948
-8975813
-18487
-4858515
-238253
-677859
-1550903
-4845868
-5346104
-5152083
-7706721
-4363070
5142379
1185528
-7222492
-3214291
-2531978
-7689074
1371879
-7880885
-6237138
-2969225
-4981747
-6097196
730672
-559298
-6083751
2355781
902235
-3677741
838698
-551861
2365188
-3853707
-4141589
-36551
-9169080
-4603724
-4932750
-1477481
-12177229
-5594295
-3812247
-6340464
-4676235
-8681686
1770345
-7596707
13242
-2450897
-5055524
-1806335
-12373718
708398
-13843497
-6099957
-3692226
-3320486
3364253
375762
324704
-8516797
-5148458
-257845
-4080457
-2113860
-6392588
-5873508
-6589571
-6562929
1697380
-13925440
-906083
-841675
-5393931
-1058258
-9172231
174431
-3014148
2113224
-5996574
-7119871
-4530941
-5491473
-1031779
-6504751
-9897993
-7002469
-9120253
-1856609
-6622365
3078026
4637180
-5206857
-6960063
-452134
-2956159
-4150577
-3980056
2933255
4522109
-6276051
-6089724
75410
-1591235
-2917892
-5300975
-8133691
784614
-3266887
-6425609
-1262356
213740
-3090086
-9413289
-2133087
-1670906
-3520750
-3656111
2804250
-4082718
-4108681
-2232739
-3672318
-7037420
-5365451
-320179
1650646
-2480064
-5869276
-1290019
-2613469
-5067434
-1715012
-73718
-499344
-466006
1549199
-6561743
4701807
4560312
-14740610
-383325
-1451874
-7142384
1328464
-3450287
-5533759
-2929231
1813661
-1468565
2503663
-709860
2613179
-1478398
-3006762
-360427
-1594370
-1060982
-5121271
-5631418
-10486463
-4204239
-1559141
3138331
-495158
-1257112
-6117236
-414312
2239962
-10332396
-5811149
-5544557
-3187026
-7841033
-4113494
-4821153
-5379979
1616818
-5836086
-5399683
838140
-4064811
-3131187
-4201009
-10021760
-3621980
492814
-8992812
-63686
-6507176
-3134975
-6914130
-505628
-1370049
-8078801
-7677072
-461454
-2037958
-5399255
-4670821
-8507516
-151946
-804645
-1688759
-10266757
-3717805
-5838235
-7349571
-780576
-3011063
-1048284
2678265
-7886545
-4932472
-1987750
-1919411
2583518
-2364148
-1787924
-3829850
-2079839
-679478
128131
-5075340
1911684
-2539170
242249
-5755371
-3690414
-5775591
734235
-6469392
1441733
-2675083
-3093107
948365
-4029862
-6066095
-8595815
-6459275
-7044003
-4870119
-3325350
-3141819
-3508583
-6942857
-6848991
-6327001
-1604257
-6746338
-6698817
-4303927
4812174
-7339767
-3260202
-7231257
-6267811
-8044572
1299718
1772291
-9445561
-2527254
-2210937
-2946689
-3480981
-6286985
-2800569
-1249891
-1760665
-431528
-1055355
-6386652
710570
1108172
2198551
-199616
-4392452
-5107683
-1843154
-3046686
-266224
-5668424
644977
-1844106
2087364
-4577991
-2739919
-549081
-6732420
-5410578
-10663109
1158846
-6349941
-6537333
-5952800
-5184778
-3136719
3490143
1080252
-2770438
106316
-3055186
693204
-3258983
1707968
-3544003
-2855605
-2487742
-223469
-4269687
1271084
4339856
-5433819
-2210731
-6888784
-3792166
-3420843
-5185429
1023792
3047158
-7300323
4568887
-2537438
-4896372
-2584317
3953248
2521497
-198103
-4788008
-5529131
2479264
-5648913
-1474262
-3984153
-4295718
-3578473
-6613341
-4972225
-2094826
-2509519
2510052
5542881
-4487882
11137
683500
-2889044
-4369403
-9732357
-6273358
-4102444
-5409605
-2752464
-3695409
-4756374
-5734181
-7093145
-1252998
38209
-2400713
4036204
-4648632
1186512
-5213721
2294756
1972643
-5104540
87432
-4069569
-3747455
-4327771
-5066512
-7053448
-5763549
-9334650
-5406666
3225799
-348984
-5916858
-311227
-3521857
-5881011
-2778293
2781743
164714
1328042
-120583
2159816
-2083678
-31677
-2538154
-818643
-1987190
-7175672
3494989
308720
-7001729
-2336816
-3035448
-13629514
-6684270
-1615561
-10312479
-4035708
-8938790
-6553508
-3161186
-6350600
-8086900
211339
4970883
265374
-4708989
-2582061
-12055354
-4857064
-6112984
3484984
-8236674
-11052384
-4426842
-743753
3935912
-9156783
3770090
309803
3871038
-4714999
-2293607
-1974700
-7519863
-794795
-6617819
-3911633
-5013373
-192994
-642853
-6231197
-1199869
-2182300
-5699695
-117728
-7337049
505104
-2880351
-9305592
-4232704
-3164919
-3841082
131318
2976619
-1995213
-827059
-1455217
-3892173
-6981390
-4146271
-5943504
-1613452
3086945
2019022
-2774294
-12470429
-6530124
-2064398
18682
-4929113
-3946412
569935
-8111995
1386729
-6783481
-1034614
481376
2264803
-406357
-2042106
-985997
-5082479
1534022
2557837
-14370890
-6500246
-2694631
-1097861
1113025
-986976
-826925
-5421501
-5172134
-3912980
-1293669
-603462
-6463484
-1523666
-2520304
-8293798
3627834
-5087647
-3767170
-5950444
-4325785
-4513937
-3998377
-178960
-5581567
1310514
-7298843
-10393497
5483574
-4783623
-8990156
1352677
798334
-4295389
-12299616
-2866154
4859774
2440921
-7235686
-9616507
-1766897
2120
-2576657
-1315292
-7431274
1132353
-3716187
3113180
-1494750
-8179506
-3306498
-3340564
-6980562
214516
-1798188
-3451172
-7175109
-12412482
-2379996
-8944644
-8195018
-10564194
1678350
-7731989
5264302
-323815
897534
-5045971
-8572427
-1536408
-4274574
-740526
-1634671
-5515803
124979
3753511
914900
-5464760
-4878106
-5972716
-2682455
2460498
-763934
-1605410
2395986
-3860841
-11886097
-618832
-10321204
-1465272
-3673403
-5145115
-1290222
-3072515
-2523010
-3123432
-9558374
-2864566
-3026968
478524
-4184775
-6856744
1643186
-2626552
4966182
-4392681
-1290483
350399
1382241
-4622454
-3703957
-8625441
1493885
-1034061
-2127571
-5833777
-1207823
-3706005
-407789
-1980228
-10093330
-10567007
-1625146
837096
-1046466
-3834519
3548678
-285583
-10309096
-7735038
-902192
-3325211
-5167054
-3231502
-6409840
775358
-3734694
22229
1105014
1212979
-7962463
-2003477
-5492390
-4833162
-3164403
-7137250
-5141449
812537
3765207
-11020913
-4119844
3313755
-5711739
-2172233
-4930510
1535837
-1251268
-1440552
-1281883
-3853636
-2959570
-10483906
2107059
858341
3018601
-5730913
-8700506
-902727
-5456799
-4607688
-7437920
-5426676
-1206397
-1757443
2403945
-4855744
-6490887
-212840
1944146
-2340736
-4056935
484156
-8695733
-3401637
-4368486
-4709865
1797815
-3937753
-19503
-7144415
-3101969
-15439743
4079629
-6058216
-8254715
-517146
-5016538
701507
-3620793
-6506251
63446
-3310147
-6363574
-4824005
-7528528
888510
-14405018
-804274
-1588397
6163992
-3018227
4367383
4043708
-1087198
-3257252
-17077
-1550609
-1822943
-924762
-2204647
7067058
-179373
1523852
-8028330
-1934023
1899988
-3339130
-5160319
-3237056
937699
-6810459
-5486709
-4732316
-9144148
-8239071
2731443
-3156051
-6824666
-5168027
-7174535
-5124200
-5770695
-1802943
-10450160
-4065315
1125191
-7647447
-6964494
326031
-2040794
-2774879
-3974364
-2428583
605155
3672439
-3007514
-676016
5273825
-8837337
-139279
-10274110
3319039
707587
1862922
81682
-6076596
-3942821
-6201139
-434740
-1927720
-5065544
-5484722
-8268154
-5237383
-3136545
-1074431
-3228141
-6218301
2371063
-2767518
-4008109
-11088737
-3866459
-6050184
1585232
423086
-5045139
-2239726
745489
-862617
-4234947
-2277208
-5025895
-7681749
-4599023
-1992340
-2379457
311916
-7757198
-986102
-549577
-2474020
4187289
-4249957
-2210361
-6649829
-3327551
-2648328
-1009985
3618574
-8926959
-5670211
-1567334
-6668501
3176204
-10472364
-677065
-2201089
-6179126
-6424750
-2123458
-1652693
-2646970
-8606774
-3403855
-4784737
-4184178
2306627
-10155302
-7049533
-280464
-4817924
461603
-3794072
-2933159
1031617
-2641054
-2305548
-4909322
-8069988
-2748166
-12101007
-4443015
-5578805
-1338626
-10951107
-483803
-5982947
-5189317
-3474573
-4774290
-3185574
3848993
-5315204
-3872792
-2004950
242687
-5093739
-4465432
4716713
849778
-4741092
-8647340
93621
-7527680
-2869702
-6689691
1584270
-6389876
-1691870
-808760
-1164535
-8839528
-2458549
-1436450
2988360
3495858
-1713851
-7361241
-10090452
-4716621
-11847313
-1054079
1423781
-4222676
-6831631
-519469
496920
58165
-964676
-2577982
-3446953
-3803962
-1833115
-8816260
-813853
-3737156
-3272441
-2742197
-5680734
-2266437
-14137959
-5631830
1470259
-15119239
-4459911
-493403
-3008624
-3612621
2508610
-6208759
624193
-3474739
-4391934
-7407146
-2505055
-4724387
-7043458
-3444205
-5500726
-10232435
-2362772
-4699027
-5484040
-4962279
-2908510
-3272161
-28700
-2514031
-9853927
-4431426
-4683124
-4251091
-2322413
1971361
-3092324
2085767
-5334170
-982372
-11290685
-4263853
-6553968
-2022371
45336
-526594
-11261650
-2336127
-6059171
-4625139
-4093467
975260
-9647845
-611690
-2814606
-5639579
-3129286
-107864
-8071614
-9235706
-3075344
-5032482
-4198500
-8423222
-1163493
-1690131
754342
1647348
-3126015
-3625303
-725164
-6455792
-8155635
1699694
-5645650
-3380299
-6609062
-2161413
-3589775
-5435752
-3931445
-3994135
-1663725
-3967222
2496267
2574559
-8492256
-1825379
-6841329
1572594
-1778110
2685389
-3980805
-10379886
-2435696
-720867
-5379059
-1522159
-3032340
-927586
-4730734
-706799
-3595838
1998127
-4357902
2314843
-7754299
-1528342
-1355193
2946314
3164391
-6883826
586764
-463013
-926261
-8336137
-14172914
-2097435
933290
345742
-3668339
-6468666
-3238019
-1936162
659286
1409525
-2453468
1158367
-5126672
-2181897
-3357658
-313179
961091
2477272
-5862990
-6143571
-4177096
-5200327
670164
-7783366
528595
-6003849
-7455717
-9033219
-6055452
2777366
-8670334
-2061352
426255
-2171297
-2314213
-154820
-3636266
1943143
-4070769
-10007248
-2613782
-6284827
-3793540
-4782817
-7920966
1022102
-9269072
-9818103
980015
-3705898
-10082489
-950881
817985
-14022921
-8916078
478752
-9633414
-6359541
-2749269
-6139808
-2794682
-918988
-1711676
-1840670
-1138674
-2102652
2864466
-2862329
-6141566
-5297695
-881314
994444
3958720
-2976850
-2105497
-8968552
-7175203
-13963739
-1692227
-2874968
-6558016
-3057693
-4029614
4814580
2631145
-4379924
-108551
633432
-7702707
-192679
-5281051
-3452876
-3040258
-6710557
-344918
-2853460
-2087500
-4826551
-3214033
-3843793
-1112571
3856999
-958404
-3042306
-5039499
-271797
-1942140
-6957994
-2035943
-6326935
-1842346
-1273330
-2223961
-3504950
618824
-4859192
-6837119
-6165880
-3002954
-6343603
-7198149
-8164793
-6317288
3709454
-179249
-8523420
-4533008
-6323833
-7814441
-1705380
-1787950
4330997
-7640869
-3218912
3845760
2621923
-5580472
-3655410
-6402143
-932186
5425445
1840307
-4254892
-9942542
-6045864
-3044622
-4525609
-3366838
-7729297
-523385
-3347295
-189890
-3307931
-2318647
-1305001
-3176793
-2303170
-2848926
-6718439
4277170
-7349639
-7977770
3160355
1051388
-3320231
-14393598
3044952
-2986345
2861225
-9591205
-7817186
-13844280
1545457
1683188
-760505
-5760037
-5707440
-2162164
-7434531
-4129204
-1449175
-2456221
-6608517
-2846544
-5864576
826192
-4702909
-8895498
-7612984
-6834625
3365085
-13272253
-7998068
-2990910
-1624895
-2545468
-6617515
-3468535
-2914717
-10557821
-2818374
-2045044
-4883266
-5308452
-2668673
-2230793
-234187
-1856299
-3506229
-7332968
-1836195
-5264786
2135275
-6580674
-7221602
-2596944
-3348395
-2713252
-4553556
-4972067
5782604
-2957797
-2436816
-1553523
-4261553
-9773099
114297
-832279
-4993375
-3299733
-4029868
-9658053
-8112731
-4458461
-834797
-293345
-5640897
-1172853
-10583370
223603
3122082
-2487248
-4589724
-7138434
-3627018
-1007150
-6206448
4308110
-7386198
-61155
-4750840
696361
-4555694
-5187188
-3048771
-3230456
-1833767
-2482757
-4255495
-10063537
1310513
6520746
1746918
453418
-679288
1177711
-3001230
-1387305
-3107572
-3148007
-95068
1203598
-5777698
-10135665
-2273159
-450654
884900
-3875838
-3782488
2402436
-6235414
-1782225
4489302
-5958874
-6905282
-3632970
-2753012
-5501479
3196141
-8442183
4739069
1433507
1099637
-3495749
-5326466
-1674705
-1096477
-3634991
1897881
-6485428
1238177
-7613081
-9154653
-6297614
-5747412
-3037330
-7091424
-6598416
-6534564
1049513
-7227812
-114952
-5155133
-2895311
-1844510
-4656831
-5393083
-5557522
-2668209
-3431451
-1272999
-973701
-2498891
4296316
-2429154
-2641257
-2279350
-4658763
-4876766
-3717459
1772040
1514998
-863917
2615153
-10953206
-1172482
502691
-1792262
-7055006
-2535204
369423
-6397143
5795519
-876372
-1336246
892828
1530919
-529385
-1853137
-1670150
-1492879
-12456268
-7011229
-9315621
-4163600
-4134839
-4864898
-2854698
3595554
-2186827
-11748234
-3986445
-5878490
-773182
82786
24247
-2671611
3473734
-6609343
-2960200
2623866
-3064715
3234970
-3784085
-1113505
-3949890
529243
706333
3519457
463780
-6251077
3039597
-6535011
-2619590
-5276692
-3475334
-2327029
-494591
197784
-4853844
-4344133
-3786655
-1783406
-5694534
-7139524
-829952
-3621276
3966740
-2283991
-4277561
-315435
-5619337
-225812
-1223667
-7315105
81230
5432960
14493
-2741501
3168106
-6044393
-14918342
-5119870
4114654
-3462449
-2052204
-3087220
-3060574
-5453910
-11732784
-5387265
-5258416
-3357164
-3811841
-3639656
-14095067
-999677
418646
-17089335
-6276923
-674826
-1116170
1668068
-2811558
4511464
24363
-4487644
-985387
-1714726
-3755899
754502
-6399132
-6070202
-5925014
4058561
-2124922
1602418
-4740732
-6570085
-1013677
-13503425
-3594964
-6298128
-4187786
-5243486
-5528027
-4692247
-2594965
2297664
-2823085
-3046555
-3880432
-5788333
-5257137
-804969
-233068
-54160
-1992330
2821660
-2372722
-12659853
-6340575
-1036043
-6992675
-6850050
-3174662
-1391570
-7767141
-4982321
-3520726
-3686433
-5347862
1904132
-8478306
-6313628
-3198518
5725681
-8045565
-1557737
-6865684
-4484680
-3385763
4080394
-3415766
-6299899
-9169265
-1274798
-1862223
-561687
937804
-15041513
-1275629
-8603742
-12487741
-2173585
-12280993
-1582800
-3657513
-9190385
-5391379
-1903561
-6191849
-10426751
-3454865
-5237574
-1140679
-5273592
-3817336
800063
-8264941
-6445797
-6212719
-11466279
-8085244
4747634
-4331439
-3307690
2273698
-1880011
-5898859
-505436
-5914582
-2300898
-14073686
1719930
1069656
-4708972
-6098805
5042591
-3505447
-7649312
-4398681
-7981383
-4770193
-1266261
-427764
-4448344
173977
2795409
-6841628
-9253977
-13113957
-559220
-838027
-12293426
-6530782
1164027
-1757957
-2798806
-1196339
-1978556
-8454373
-1700811
-1180271
4512042
-9351140
2857661
-5797669
652375
-3741813
-6133037
1879317
-3745472
-1655231
-15153950
-2594407
-1585823
-1228317
-1371762
-10301903
1482227
-279838
3620548
-109324
-5519246
-1614108
-7738592
-8394839
-1609278
-7135879
-5374856
-5432563
-2185802
-4039887
-788080
4625951
-7374117
-1089883
-3197244
-3811967
-12481053
2668272
-6421480
3896756
-4925882
2017138
5405576
-2389876
-2541278
-7066812
-1879071
-2942373
-6424491
2908679
3847392
-3136953
109435
-2812478
-2640068
-5170683
-2849746
-5058436
-770342
-4122113
-4650120
-3828117
-5216400
-9118966
1656803
-8420147
-1608023
-4980737
4466846
-3355463
-7796036
-5716264
-6834205
-18023270
4182228
-5023911
-2003080
-9179340
3543716
-3419115
-7707763
-956114
-9728877
-7823813
-1585826
-8693997
-7153195
-10023152
-3977109
-6851118
-5040403
-14376045
-1077810
-2777681
-6407112
-5579116
-2358001
-3573396
1576653
-649460
-2477748
514155
-1557707
-400030
-1156138
-7277459
-1351026
-2176507
-4417856
-5410239
3742454
2489782
-6447844
4552739
-4116032
412970
-4758155
-7833201
-14317723
-678014
-2610659
-4191374
-10383486
952319
-6862587
-745232
-6700885
5072517
3478591
1284429
-7463307
-2747502
-674752
2897535
-2608494
1229933
-3496052
-3601729
124027
-2231453
-1492355
-496972
-422957
2610491
-7079293
-2704789
-1123968
-7568260
-5211656
-2718815
-3958615
-6921183
53682
-9301447
2914201
637648
-6634152
-3597816
-7536339
-1529209
-1407509
-1392444
-4770381
-7984752
3817779
-3459
-10053439
-7489719
-671201
-7040085
-6394201
1812307
-3374152
-9993020
-3919588
-10033656
-5546350
-4689748
-6351308
-7946735
-12832366
774085
-7294980
-498550
197704
2670780
-5847547
-450911
2752989
-6440767
-5656209
-7607863
1677142
-3360125
-6765608
-2468478
3566898
-3521993
-6799290
19453
-3995111
-4083195
972433
-1992864
1712056
-7507418
-2180528
-716417
-7165870
-5702302
174394
-758081
996921
-3567327
-11332190
-2504213
-2573594
-1720727
-4099722
-2294130
-263761
-8024975
-10446355
-4954832
-600162
-5729053
-3179325
-5831313
3532956
-8687508
-855506
-2799529
1462439
-2917280
-9417554
-1960798
-3037270
-8345389
-9775962
-3952769
-6672919
-1021831
-6890229
267092
-6438764
-3345957
-2787667
-5698281
-1007107
-1869306
-1488268
-2974212
-6865317
-188328
-2590928
-2360014
2303751
3246613
1337729
33870
-1885774
-2797209
-1837906
-3156039
2361288
-5952470
1699634
-323851
-7589
880082
-6418399
-4317632
-464054
-1078697
-5175461
-6097199
-9295108
-8258703
-3915681
-4288154
-6118623
-4092569
-1820286
-2721552
-10789495
-6063199
661842
-5616190
-1396411
-3348291
-4172825
164979
-3788129
683933
-4130537
-4008664
317968
-2117871
3455657
-3152486
1881537
-5868816
-2450161
-2889267
-3135519
-7865794
-5205569
-8176328
-1834817
-524172
-337070
-8756304
-3602437
-1855174
-4766476
-4170193
-6275044
-1757554
1930231
-1318598
-7330099
1925237
-1382951
-5720994
4197285
-166798
3509741
508351
3068623
-9786803
-456817
-7880297
-13068846
-5115706
322987
-1125550
2203647
-3310981
-6662573
-2713224
-2788629
-3068122
-5234893
-3963592
-2844305
-2531699
-7153285
2544881
-5566587
-11334764
-4463686
-1774033
2233422
-6906627
-2287477
1806476
-13340271
-1804042
3052184
-909478
-3278352
-4957409
-5663658
-3184717
-10081443
-14761564
-4801702
-4247117
-3537732
-9604690
-3107608
2694851
-3794825
-10053027
-3043353
92864
-452886
-6956906
-12124596
-5194396
-5055943
-7679576
-5850906
-2085794
-6086436
-11041723
-9222260
-2541783
-484818
-1664318
-694351
-4624507
-2871231
-1769803
-13170067
-1423123
-11260546
-5377433
-181539
-3291738
-2974619
-865992
-1379785
-6267526
-4883135
1324902
-8776296
-1482517
-2012338
-839946
-14212150
-581474
-852239
1403229
-3024935
-6672288
-1336666
-5968721
-2849468
-5215775
-3968246
-13065999
-1927756
-6104671
-991085
-3668432
-151728
-2458495
-79258
-5824272
-9664227
-6260706
-4172418
-4206752
-5311733
-9825385
-634214
-6905332
-7137191
-5845387
-3502497
418747
-339596
-6418937
-1435256
-3947523
-2179015
3088468
-6029917
-2791934
-10331359
-4999858
-6128373
-2275564
2004464
-4600657
-750125
-1028641
-1330690
-8296702
-5228684
5418149
-2316606
1408274
2501453
-4984696
-7362327
-14238443
-6320324
-6813124
1541049
-3544415
1079935
-4956662
-631070
-1862333
-9081269
-4373594
-1254240
-11778051
-9824032
-866863
-857541
2580970
-4567861
-5207933
-562421
987175
-5141126
2280588
-6987208
-2199125
-5522210
-55355
-4137817
-7371096
-7162827
-357242
-2152485
3451996
432523
-4668689
-7397961
-483292
305665
-5071974
1555353
-11340069
-5147407
-2460452
3306632
-5631903
-2553978
-8376312
-1719550
-4675821
-2148944
-2757115
-3566119
-4370973
607955
782158
672296
-1801398
-7393592
-2881126
3241525
-915910
-5354264
6191535
-3190098
-5593820
2849018
-1528945
-2212510
-192459
676492
-10189452
-2256721
-4442997
-301083
689380
-1358343
-860045
-5722813
-5274174
398021
-10336526
1075198
-3542668
-5127576
-2047710
-3095926
795673
-396691
-1884429
2138048
303288
541042
-3206674
-5772857
-5356068
-6432694
-10801452
-4995557
4159289
-9354965
-14061360
-13105035
3783364
-5161093
-3028876
-7027315
-6683
-5026439
-9669576
-8164623
-719904
-3046881
-2945617
-9814002
1794535
-81267
-2465878
792536
-6909757
-7452272
-1720033
-68529
-4614554
-7283957
-7220478
-3566879
1435897
-3545606
1152461
-6212269
-7024825
-1857952
-5974472
-1470933
-2992836
-6543336
-1893610
-4785549
-6440482
-2313485
-10175425
-1758978
-1340127
2435948
-409793
7249951
-4759728
-5810287
-7173322
-1383895
-4701556
-314846
-8320533
-3717329
4651105
5333080
1906966
-2298079
-2424190
-3069115
-564537
2311056
-2524309
-6538510
-12730481
-3498181
-534491
-1664053
-3285267
-4566556
-3264728
-5554275
-7669360
-4735316
3844060
-5891435
-1642506
-8303589
-6181113
229381
-4235815
-2594583
-4649284
-2291651
-4603552
-7554845
-3587354
-4489170
576724
-3217946
-5229099
-1295814
-1633433
-3572420
-3381818
-5292957
-4507289
-3466627
-3527046
-6931052
-1020539
-5855309
-1933246
-11307860
-2118886
-6041398
-6110227
-7865176
2094787
-4556982
275504
-10444367
-985867
-5951732
-4131341
715461
-1881427
-1658882
-440132
-6221443
3518527
1133427
1168677
-5069470
-4950383
-154529
-11020768
3547668
-10569095
-7105204
-5182527
-2633082
3021999
-3719793
-1142536
-2641134
-5980505
259104
2368649
911541
-2281718
-1010032
-1549063
-4408827
2508801
-5276350
4540290
-3245167
-5594611
-13843313
3512759
-2424093
-6008944
-6920842
2624578
-6952536
3087248
-6155060
-2882559
2973531
2491187
-7937568
-5713580
-2548935
2750080
-4528518
-6227867
-2394442
-1465052
-4289445
-6957798
-5217456
523362
-2964919
-3958280
-10072529
-3490347
-2865475
-2910487
-11501392
-1882917
-2851062
-1396681
-1078989
759620
-653666
-573055
-3531039
-3394323
-12196121
4035504
-642809
507391
-1216478
-300525
645366
-4988895
2560470
-1378377
-11662054
-5712345
-7580778
-9480704
-3874890
-9653693
2290530
-4541241
615820
-3040242
-2717444
-6385495
-3412178
-8018010
805865
-1761343
1644787
-2419327
-4117591
-2389284
-1058566
-4733139
-5852977
2628524
-3505287
-2444607
-1638645
4767263
-2363423
-347645
2749581
2478397
-2549556
1462009
-6389231
-5006894
-3144524
-2560826
1061521
-9904904
-5927065
-9479680
-4357464
-1412239
-1207397
-7063765
-307981
-11726953
-2147854
-5145381
-3188590
-5152486
73196
-2093603
-3121085
-6597868
-3507500
52043
-5485144
-7933801
-1819017
-13041354
-5383035
-1347795
1364936
-3495261
-7927121
941280
296590
1263082
2801902
-3520396
-7002331
-554162
-551845
-2641177
3579585
154752
-3372615
-4065563
1729487
-7911328
1064364
76618
5148801
-4897105
-7042311
3118649
-9434817
-686802
-700063
-13090830
-7579037
-5193925
-29321
-10462210
-7925484
-1885039
-2363133
-6519372
1657038
4263421
-5313865
-7559142
-2050053
-10087720
-1959728
-2038362
4013505
-5511893
-1239553
-1282171
-6158889
1758458
3326794
550959
-2811949
2693759
-1048082
2767530
-995769
-4867672
-8414422
-7166855
-8441667
-2904812
-7781331
-4253667
1051838
-799224
-7169981
-11681398
-5366070
-5842957
-1239117
-3945769
-2960084
-14017715
-4962468
-1082942
-381614
-120864
-510262
1157472
-1362554
-7838684
-1654377
-1651312
-4510158
-800545
-2889787
-716735
-4885123
-4636349
-868544
-9073152
1099104
1055021
-4354078
-6028235
-1969478
-506174
267856
-5700305
-10492256
-1852084
-3504002
-2548943
-2127754
-4887689
-3304931
-1783466
-7591653
-1277352
-3580400
834496
1737129
3839981
-3005861
1399904
-2334319
-6327142
-1378931
-815886
-4841849
390099
6964367
-5843692
-2957640
-1095398
797697
-260426
-2101414
-3788974
149900
-6974220
-4590334
-4309653
-12785439
-6227948
-10720293
-7069129
-6212191
-1436449
-10047478
-5583153
-521965
-13437152
-15484558
-1260757
-9282763
-3962884
-815452
-1671510
-3220104
90104
2589328
-1836872
-2448226
-5113781
-1100439
4402870
-593159
-5432293
-4621714
-546500
-162117
171915
-6875197
-3411209
1571054
-4421083
-722301
-71434
-252128
-7399558
5565257
-2153854
37359
1482356
-5715484
2030220
227776
-7158192
-92609
-267905
-3509191
-517332
-3315048
-1604357
-6194747
-6726744
-5884254
-1687241
4599996
1809516
-6780816
-1593777
-1228231
-14358
-13015428
3864875
-961932
-7803410
-1384870
-5137449
-6719735
-10206944
-6467740
-1085650
-2755316
-3169024
-7118012
-2402342
2140737
-770963
-9150918
-542927
-3977627
-8602884
-143461
1545528
-6414611
-4216399
-7008941
-6210956
-4527451
-50538
468966
-4043673
-8111775
-9652163
-1611059
447444
-8348180
-3466140
246060
3549242
-1946455
1469099
-8758083
729011
-2118536
-8782764
-8826938
-3514926
2493614
-7097291
-5325860
-6441645
-5663503
-2728395
-1118128
-6761938
-5330883
-2164861
-7636192
-3398284
-10515504
-7350935
128123
-11768366
-2265082
-1281781
-11495386
-3469784
-2761650
-8063159
-6625090
-5061942
-6344782
-98355
-2286622
317846
-1042402
-131271
1132464
-2367953
-237184
-3994143
2259272
-8475482
-1918471
-3260547
-3197036
-6046570
2543885
-1028642
-5253051
-2584474
-6218763
-1286834
-7128603
-3057091
372326
-1398856
434254
1905523
-7235547
-5240740
-5032132
-10427000
-8248160
2051552
-763013
-2418881
2807866
-4528206
-1534715
-762669
-3677202
331188
-11127723
-3713370
-9954926
-4231652
350479
-3357014
254578
910248
-1210153
-7743488
-7260989
-6599109
-4024134
1332111
2800058
1027935
-200284
-1417041
-4832430
-3643591
398107
-5402666
-4724997
-3290862
-5191576
-3918791
-2981037
-11837772
867104
-6863480
-6956160
-415786
-6630304
437909
511015
-2701042
-1510105
-5900467
-3185430
-9098396
2358549
-5892047
-1764903
4577999
-2062741
-4457097
-799923
-5494620
-4632858
-3214388
-5533729
-6488040
-600598
-2008713
3114990
1503158
-2280273
1383716
-47096
-896461
-6106925
-1781456
-584376
-3963821
-2846806
-1488181
5343740
1854180
-3423837
-7695339
-7008666
-7586717
-4568663
53311
-3912168
-4916549
-3989602
2392970
-5207194
-587762
-3238070
-3925431
-10537372
-8172437
-1544280
2969945
-1432526
-13511490
-5278324
-12906667
-4896517
-10311795
2503758
-6113882
-7347523
-2440288
-6331633
3321756
1568289
-8436263
-5696269
-2546781
-3915562
-3806912
-7173570
-1532064
-5638679
-7527312
-3206184
-11736878
16917
-5103594
-1806550
-2049505
-4618897
-5499442
-1629285
-1857791
-271587
-15369601
-7062103
-4965557
-1552569
482013
-5058885
2825852
-5126029
-1735239
1130888
-370444
-4715244
255760
-6223925
3009577
-8990556
-2563231
-3232475
-517816
-11990102
-9151211
-8112334
1998547
344337
156649
-1369826
-5311255
-1868629
-3591721
2784949
-10186251
-6476249
-5882210
-9063312
-4907926
-4834062
-10141
-6766675
-2267581
2351769
-420668
-5012433
-3965839
2723456
-9484471
1813319
2825269
-9296017
-6239771
-11501994
-4032441
-1790290
-5718607
2930635
-1056388
-2499434
-2335483
-1409043
-1818620
-8603941
-4180039
1215842
5184839
-1928992
210480
362779
-6593270
-4018998
1801369
-4837956
-2552207
-3995907
-5213089
-195301
-3814811
-12910896
-14858701
-4301638
-4943034
-6741844
-10619449
332910
-2479034
-2052405
-186953
-938155
1087646
-2935965
1136492
-3765199
-1934789
69989
-4164397
-6843182
-4421751
6594257
4014001
-4962554
-3428113
-3174403
-3742282
-6310666
-3513884
-1752366
-5949350
-1067840
829060
-616126
-7654141
-4321560
-4960642
-2746207
-1755702
-1736772
-6127792
-12790439
2217833
-3546174
-1559334
-2743027
-2527235
-610134
-7280814
75420
-1347937
-1473945
788895
4903121
-6575451
45303
4975717
5886238
-5412444
-6394521
-1133692
-2637644
-10728485
-624776
-3316304
1825110
2263710
-6495604
-6216926
-732227
-2130797
-2418470
-2415880
-3202039
8851
-1571057
1682748
-7630586
1845290
-2506321
-7488007
3830871
-1833042
-4808998
-801863
-6623951
-10840868
-6185537
-699055
2281000
-3725697
2707818
-3258726
-1226159
3619485
-8815871
559681
-674839
-303637
-914570
-5536717
-4095442
-3783126
-4872407
-8122736
1688495
-300170
-8004630
-9895603
778776
3986318
-2180952
-3450629
-323303
-3279808
-8359089
-1185224
912902
-3122708
1897524
-7263809
-6833143
-4036494
-2785291
-734476
-6394258
-7222641
-4685789
-2454800
-4455206
-1479801
-5894688
-1343290
3451935
-477961
840450
-9979047
-3642236
-226749
-8642012
505212
303897
-5636565
2802423
-6436400
-1218334
-4051820
-2383519
-1946504
1521134
-6954045
731236
-1461674
-2314310
-2408287
-3208587
-1306117
-4144355
-7745945
1080940
-5229281
-2318497
4649500
-417274
-11138170
3427042
4101131
-7915960
-5006662
-1472276
-329650
-3360760
2043765
-1447151
-4264554
-526587
1464544
650633
-4954409
-2707315
-11106647
-8089410
-3266870
-1905918
-1358473
1526450
-8975921
-2544197
-7082926
1158462
-4506347
-3755071
-4405903
-14586790
3539607
-517560
-4623929
-2085018
-3673866
478834
-4923322
-4476762
-671658
2104110
-4637613
-3595411
-7797382
-5393980
-1902334
-3374198
-13422411
-1014548
-1446900
-8971911
-8183694
4506949
-3977886
-4889058
-2558653
-3880967
-1513889
3358544
-2537439
-1522256
-3607683
-5317755
-4687134
-591618
-1061914
-4050441
-880688
-3923636
-2034140
-794288
-4644340
-9759658
-1732835
3498710
610132
3187677
-2060965
-8425780
-5841265
-8036704
-4635537
-6378004
-1962955
803442
-3787478
-9317593
-5858121
-270702
2876550
-3729788
-2638674
-5627342
3868613
-867021
-15633272
-1502756
-566520
-1310398
-4441828
-231635
3722
-2338454
4765437
-872040
3969434
-6133360
-6034877
-3797618
-6501129
-11478168
1095536
388254
-346828
-5844218
-3024692
-2749598
-3127652
-7372246
-4094082
4434285
-5382888
5076154
-7745800
3698657
4344053
-7990771
-5724304
-9104603
-2041612
1588545
2027075
-5251339
-2183241
-1613373
-840271
-10776552
-8294383
815299
-3563883
-4292466
687115
-4965193
-5561460
-3465849
-5494439
-3216626
-4178472
3608963
-7453243
-3720983
-5096080
-2647715
-8759319
-3243893
-5632648
-4026778
-7504988
-3584701
-7990382
-9761010
4680288
2343304
-4034746
-9673086
-2913452
-117126
5248902
-4680285
-10360874
-7457546
-8133967
-8464129
-5774545
2014562
-113552
-2725915
965417
-5367576
1523658
-1370846
-4125625
-29821
-7206477
4643941
-2459998
-10694065
1410498
-6403146
-8112262
-8833068
4627005
-234706
556245
-154053
