-230458
2289748
-677443
5032265
-261564
3942183
980223
610700
199042
5576075
7033066
7084163
1579718
7680569
2673623
-502145
-1355969
-947650
5047692
6515574
3657085
-862567
5067179
3389450
1110259
5624189
168783
2080609
1734156
3604904
-815491
-387721
1631822
5862712
665766
2180192
5384152
715873
3651737
2636355
3922556
3566152
-224659
-245482
5095652
3814134
1466112
7572297
3297461
5535845
3049717
277223
4326802
5596683
2762560
-498336
696278
-166199
3094616
3956802
4420293
3280056
-1018852
6947078
3110445
-332257
1243506
-1003493
-4357319
1793334
4709395
-553198
-2117792
2339383
5605763
1663404
3401075
3340338
-1091606
981729
916233
-1138493
1070756
5933595
2224386
-505525
1636783
1290658
4970993
4808036
-1774549
-2574769
-1722556
5697178
5246932
386649
3240847
4919085
5989053
-982839
1085839
6127242
-1943307
3908716
3677619
786125
2087000
4185264
-1422205
1750354
3061815
6935030
3267410
2623299
5395751
5689114
807821
1146833
3574372
2112332
3128167
4172171
5015662
4966533
6577220
3770014
713489
2508825
162995
3436679
4139277
1041804
3582539
-453900
1511954
1731235
4120772
-974908
6048129
1822336
1759240
-128307
2878034
7188753
622325
1780722
7452748
2004244
-332839
848968
-685957
3518226
2766842
2369605
4373576
809973
1894894
-199985
5562025
687169
-1592695
-2725355
4302591
4005870
870313
2231454
372027
4051264
3302965
836097
4674016
241817
4642573
4409244
-1965481
1873594
2395871
5551846
5071498
1442671
5860229
106251
1003765
3385407
-601017
4289075
1439938
2315854
1411663
5740632
3597986
5969366
4693712
5131628
5691301
5404820
811835
1054781
1655422
2674245
-394359
4945105
-937481
3937892
-686391
924147
5177511
1108848
1274180
1260404
-729767
4348150
929716
-471647
2668837
2154926
2494880
3575332
4959316
3703353
2113938
747514
3074744
7758092
4036221
1417143
4223108
3592139
3979381
6051604
2225472
-1342174
621493
5030290
6324098
8441806
5029029
3372989
3122662
-838755
4004466
402154
1992434
5836068
-3503734
-1570280
3223533
3472562
-1167826
1751492
4145
658605
2711702
300522
-2695123
-3552736
-1774278
718106
4564712
-720519
214255
54814
712800
660036
6003390
5785921
2141198
5573148
-1495
2384498
4606299
318511
-447356
1532006
1294446
2313113
6197521
2818844
3708166
2904413
-199650
671185
2429858
-733033
1865812
4922663
539780
3331278
3252337
8089060
642422
3013463
4275621
2575533
4281298
4387688
682177
4182303
1652795
2810679
-570852
4142316
8036153
-662525
-513813
6148073
1186149
4768485
4651042
346149
-2874943
2190634
5382476
-3608633
5744320
-1479698
4243378
556411
4355887
843076
3763830
5022144
4061051
6935812
1060021
1139929
5937557
6951423
1650470
-22959
6624340
5318030
2223527
829805
3041335
1357554
-1822769
2160327
-2954422
994750
5026172
5660637
4400427
-594722
2235854
3566691
5525823
5482167
2828596
-3758684
-343753
5234818
1871388
155310
5362518
2379297
953406
-932560
1804710
2884689
5228536
2611513
4720410
4617021
-3479452
4404371
5728903
3023821
7013579
466355
7612649
7366196
3321753
367988
5681492
1719859
5148427
