1155506
-647791
-2431364
-1409832
-4294838
-4335360
-1342856
-3057307
-50322
-374917
-374525
-1481977
-560558
-760269
2720983
-2646068
-2671021
-3418771
-177715
-1671512
-3341315
-2655935
-294500
1168944
-301894
-4143299
-4147185
735714
-1699408
-103635
-1206547
-2062414
-160425
1059606
-2136538
-4252842
1150293
-646686
144244
-2872668
-2433204
-5880774
-53344
-1935558
-514869
-4237915
-626688
-4963427
-3689715
-3393651
-334940
-872914
1632330
-1761117
-2357700
481875
-633503
-1868387
-719643
83169
804513
-2029029
-4341888
50638
-3049221
-602840
-3051471
-1839670
-258512
26495
-1395893
396663
-4850917
-989793
-5441036
-1444437
-477664
-1827290
-2996369
-189942
-1673393
2117822
1825927
2423854
-5889235
-1695652
-222562
-2974039
2255554
-4266501
-2013349
813938
231289
1006007
-2845129
-3092685
-967554
-1116258
-1921675
-1154523
-1382166
1657946
-975361
-1650778
-1517620
-859596
-2384889
-296988
1754724
1425431
-1695582
-3232422
-2838688
-3279473
-4393611
-86729
-2639763
-454071
-427031
-1611487
-4038449
22538
-2379462
-2324316
-1456490
-3304745
-2501809
-2946591
-1317602
-2283303
-339723
527156
-750173
-1227634
-4384086
-1158308
-2530590
-935130
-3922102
-950469
150316
622594
3002317
-985052
-238870
-949579
-3231192
-1276043
-62898
-1089585
-5452787
82622
-1279738
-1060220
-3866644
-1458265
-774137
-2776025
-3648684
-4842384
-11022
-1417241
-692100
-3925935
-6044538
-927928
1714853
4086041
-53632
-2924800
-1825858
-66435
-1512333
-2948062
-2861334
-77244
675397
-2580491
-2314545
-471146
-1908718
-3159058
63248
-1448917
-3107191
307510
-2109346
1417541
-808315
-1477823
-1123457
1744479
837143
-1335025
928652
1958509
394666
3514151
2035258
-2610527
-1696815
-1367779
-1147936
-2550586
62855
-1615145
-1536004
-1285775
907925
77469
-3039020
-69926
-561060
-2586263
-12224
944834
1475994
-1931882
-459692
2739141
-5506724
-1221061
-3592383
2388418
580398
-819692
-4182848
-3044622
1512961
-2049713
-3754984
-4892337
-2242971
12029
732803
-2786871
-3706260
592161
-2748352
209432
384254
164252
-1639808
-1832539
-2704896
1892918
2639900
772895
1597758
-494080
-1014724
686207
209123
-2939362
-1749847
-3871673
-1479136
1351573
-2689940
-1074828
-1148622
-852861
-513506
-3823750
-839438
-3750810
-1281254
-4050815
-1287550
-1058280
-1364948
-1944726
1637487
-3771920
-3014070
-75633
-1304853
-5076912
-159990
2179043
179468
-801615
235995
-1852545
2380030
2150914
-4598489
-948925
1345503
163929
2676789
-5191861
397631
-1608339
-825635
-2894219
-532264
-1763979
-534780
-813826
-3166126
-2708347
-883630
-218949
1943010
-708291
-3853822
-4079714
-525554
-1940832
-208557
2868624
-2521191
183790
-2723531
-329600
1160875
-2624938
-588556
-3659574
3715825
-3024069
-1519915
379894
-2170856
1800006
2109768
-2187452
815586
-2604742
-2392135
-2437243
-1380452
-1170490
-3663438
-4242912
904007
92552
-3175722
-925732
126911
-3350103
-2711807
-78850
2342396
-1488338
-2358841
-1215645
-3838326
-6680
-4395722
-4433301
-899901
-2169884
2529598
-18884
630990
-3823619
1971552
367744
-4825457
1673153
1015994
-1979313
-567899
-1674165
1313705
-2201342
1702319
950520
-2753995
1338545
3464484
-2814800
-1187614
-332400
1167602
-3452285
2255887
91265
-438151
-2332850
1194759
-2483394
-2086629
-1306225
-1996715
2664704
-2501825
1758417
1349535
-1701310
-3469930
-2911127
458736
499924
-3733652
-4383268
-1259622
-812906
1113041
-464315
-844644
-2540998
-2379865
-3475146
-3014411
-1198580
376988
-2597716
-3963448
1158270
2002354
-835929
1676746
-2994122
2078152
-246152
-1877949
-2296311
-1617834
-1529514
-2470762
-4088851
1182334
-1753975
504905
-320692
-968078
-152862
-2820253
1798309
-113284
-3668004
-1578901
-2736050
-656545
-1814198
-6248500
204515
2627734
1644511
-1946942
-3243097
13679
-1570825
-793235
-1440034
-1085878
-941689
167491
-2272434
1895188
-2185430
-3552762
-3169711
-4710233
674628
-2364867
-5346451
226000
324010
-1223299
-1788960
-74930
446067
-2703141
26506
-1619908
-350393
786727
790649
-1231870
-2225710
1223163
-3398822
759608
1151131
-2223539
-167683
-2149400
-4524393
448840
-751690
957893
-82090
-3522642
-1328557
-3449525
761299
268585
846462
-2390780
-7542
-1066528
-2051519
814760
1458719
-1667682
-2705461
-3073677
-3002376
560299
-1018111
-1099333
-3228581
-744535
-3548876
-739714
940223
596200
-1327636
416110
-564801
-796580
-1223196
-2168571
1674983
772005
-9040
-798925
-2719786
-3481265
-1202429
-1855001
-1038046
-2879945
-1472102
769257
-4406796
-2111175
-2276683
-1335406
-354560
-551205
-464064
-473399
-3462206
-749867
-2937416
-4802469
-256960
-344758
-1590634
183095
867270
-6494474
-4363710
-1685911
-2071645
-386269
-1627550
-1280141
-2917847
-653319
-1290072
-1942974
711758
-1949542
3152255
-336165
-4005384
-2720411
-918251
964471
