-1337567
89790
-1221926
-198641
76563
-599949
-1307458
-851685
-1307855
317058
-336068
104216
-837306
-838557
-190082
-1374134
-174082
-1496283
219036
-1123779
-100520
-443143
-577755
-483458
-793590
58557
108098
-446297
-1147904
-1480495
-1080653
-487031
-1173770
-1158082
-701277
-929670
-1122588
-1074220
-48215
-42758
-1462299
-595536
129798
-58633
-1213340
-298450
-77845
58621
-1247740
-756549
-985454
157037
40049
-882762
-37426
-769803
209357
-1119530
-751533
-540621
-1186578
-843259
117702
-1312212
186144
679056
299711
-687884
-169408
-129058
175173
-839170
-1302212
-92538
-1225238
-842745
-953440
-597116
117309
-1148739
-932688
-661348
-1071754
-1029193
-919169
-1392275
-1412531
56704
-780391
-764264
-406612
131457
-212969
235843
-1106789
-326022
80465
-310214
-125567
153328
280852
-414047
-664676
178134
-675787
-488689
-178571
-902934
-28404
96448
-66445
-31394
12510
-1331907
-94489
-844631
-1318984
-850013
-152811
-1224274
297866
229909
-494816
-163860
45598
-1315536
-1113043
-358503
-1290698
324598
-714091
109927
-209857
-37350
200637
269854
-86488
-912038
162512
-39034
-870090
-982585
-953934
-511272
-608377
-56740
-27439
-163973
-1076051
-1567608
-112170
-798996
-38464
-319024
65884
-451235
-247364
-413969
-1159323
-518456
-275825
-946613
-1203976
-1347126
-49521
-780469
12647
-806717
-520170
-1179868
-1349920
-958213
637347
-1032489
-298450
-680774
151637
-250590
-54634
20665
219683
-854839
275283
-1260509
-321130
-547506
-742176
-89650
-274880
-371457
-1039943
-981351
-1230008
-1370603
-1383412
-269762
-318751
-533654
-1167096
586417
-1107929
-51919
-1239216
-1243385
-915227
-765475
-229534
-1194736
-1427569
-889572
-407610
-655509
-29512
-25279
-576128
-1364976
-358675
-1064202
-477238
-642239
-1051992
-666355
-39153
-143596
-784944
-667198
-53859
-542756
-447989
-440777
-185455
-367544
302659
-1194699
-350128
-466329
-1330911
-755186
-694827
-1138152
338238
-1401385
-1129199
-258331
-264253
101677
-169694
-1163658
-1198468
-892441
12051
-824231
-1456080
59552
-55023
271383
98094
-663872
179171
-198727
212756
-210193
14393
351635
-1158429
-1031804
-346841
-866005
-790487
-92194
210769
186471
-247611
-25439
-325933
-52406
-793861
-112441
-896107
-958729
19299
-655378
-1004296
-282532
-498340
-612269
-353787
-711966
-1172053
278525
-1224748
