1697530
-4806781
-3562106
-4501002
401368
217100
-6543457
1688325
-7150561
-2591063
-1787840
-4368813
-4255020
-864443
-5310277
247689
-2040901
-4695658
-5626449
-2244558
-1700813
-5516452
-4672633
-33372
2325339
-3999834
356227
-4337888
2013648
596057
1648540
-3111343
1411588
304458
-274864
-4096810
-4588159
-2285014
-3940902
-2212195
-3936819
284283
-313395
429341
-522149
-4123980
-1312790
-755148
825850
-3640105
-3243402
19392
-5437826
-1847689
-924300
353630
1027758
-825389
1901874
-5465470
-8044003
-1846531
-5024450
-3096357
-1000423
-4989838
366936
308360
-5148065
-1344650
-3999794
-3678471
-1818125
-9564568
-1826435
-2782116
-3973892
-6159950
-4394353
1706311
-4175464
-5052212
-2898911
-3256314
-9082067
-1226607
-297971
-1369879
-850702
-1271678
-4697939
813054
-447126
-6847670
3179054
-7031882
-2957152
-7548153
-7848484
-1329715
-5738581
-2989006
-7866480
-1312028
287233
-798514
1395773
-3556359
-2946968
-997295
-5453409
-380122
-484107
-3824781
-9478754
-3006815
-3561013
601046
-1999363
-321463
-7886200
2619802
-3562510
4482302
-906512
-1187624
-4321458
1552741
-4778333
-292537
-762545
-3539844
911380
2256854
-3898684
-8248725
-1480224
-1218142
1178890
-3849256
-3391474
-4017
-324889
-584157
-3069575
-6359802
610418
-5712513
-2451422
2969089
-3738608
-4135731
-3378586
-3237132
-6185498
-4774450
-5983424
388272
14498
-633849
-5412371
-988322
-1218973
-3562037
-3446973
-10585180
-1811140
-7707178
-3859279
-3978901
-4179103
382918
359504
-2341070
-3322837
1477531
-4799578
-548413
-2726255
-1469091
464007
-342539
-1238835
2706871
-1288304
-10135758
5630684
-1222109
-4943243
-5388276
-3377825
-5722820
-6145730
-11755921
-6873623
-4846701
335384
-1467304
-3585103
309952
-582674
-4692399
-684559
-2646508
-1613938
-2897602
-1730434
-3962823
1192176
-485980
-2739261
-8029563
-84241
2781528
-565823
-4101304
533058
-6508893
-9249922
754262
-2937177
-4514766
-1194054
-1104536
-2098836
2204841
-1842129
-4002035
-4799786
1512828
-1322935
-4098445
-293004
5412705
-4932534
1943752
-1218628
-2404686
846682
-1287369
-2106090
-4878788
-7994394
-1609017
-3854770
-710277
-703208
1881996
837331
-1023827
-2878100
36070
-3858246
-4576130
-478685
3141416
-3597357
-886672
-3135712
-3161331
-3211899
-4529369
1076533
-3423086
-1803745
-7090164
-1632913
-345746
-2846799
-8346510
-4536044
-268062
-2947308
-2762081
-5160080
-3626788
-6097354
-953448
-3189516
-3545053
-6098150
1922175
365050
-4551799
2586209
-4942146
-7051363
-2077736
2416296
-273360
290429
637289
-3271671
-3009740
-1939585
501192
-1958581
-3943372
-5392014
61456
-4411371
4165295
2330223
-1515552
-1864218
-4428745
-3792650
-4511556
-1331322
-858248
-2871667
-1954746
-3110750
-5099232
-5425964
1695265
-8252378
1370043
-4102672
-1652564
4788106
-5945559
-3620262
-60178
415171
-6848324
-38665
-4270257
-3179800
-7196211
2607191
-6409728
-3834275
1445603
-2514791
-5404766
-4157511
-1837523
-2130643
-2848862
-7646998
-8977144
-6034528
-5695288
-3026762
-5101091
3237514
5256258
2704219
-2909448
-1901033
-568296
2846465
-7353429
-3518501
531539
362004
-6654926
-4209653
-3724188
-2204896
184419
-3645966
-5173693
-4316081
2928384
-5379597
391921
-128947
321316
-308276
-3290679
-3451635
-1605846
-4596535
-6272575
438957
-5171544
-132822
-1234169
3752644
-6632983
1418629
-2483507
-1231549
-4434805
931439
-2131796
-138027
-10036050
-1754084
-5797835
-4000564
-3211104
-7292656
-561823
-676989
-4267859
-6043977
989608
-971795
-1141924
-8995654
-1787150
4334115
-8573749
2575183
-619424
-5540736
-4759954
-1564686
4830
-3426163
-539700
-2718988
-3422588
-3504189
-7181956
-5348366
-2526007
-2753970
-3271745
-2669090
-897162
-3654564
1917562
-7723775
-5440575
-4719893
-674078
-4432426
-1835580
4169985
-3100486
-194799
938105
-431013
-2383030
-7087195
-8905339
-5895898
-3582538
-2992367
-4965011
-2475199
804258
-253034
1122867
-1341678
-3400947
-8752937
688179
-1081440
2286479
-3199441
-4538989
-6393346
-2887282
-2677220
-476733
-584292
-2628639
-2091724
1297564
-7088688
-1026949
-1153982
-2777356
-1458358
3940
-4300196
-931214
-3887671
368960
-4986452
2233435
3577173
-485321
4049460
-1976233
-5520945
-366001
-99164
-1627441
-3848819
-2945441
-2553303
-467358
-3385320
-7063720
-242482
-3844224
-7398949
-3311334
3387511
1375301
-2614191
-3987892
-5850610
-589146
-1449981
-4310841
4079253
-4136847
-4828617
-4877901
289453
-4252785
2092811
-133982
-5001089
1290217
-6431342
-1272979
-1573406
-4176183
-7994656
-5363662
-2975735
-1062753
-410101
242147
1047131
-260983
-4699584
1288286
-3935881
1686053
-2092275
-3785446
-2197525
-7450621
152136
-3449161
-2910602
-3690398
-1024379
-1090661
-625483
-2505975
-3076169
-294857
1791854
-1522414
-3831453
-5303844
-4019978
171361
-1844324
-2551030
-5763905
-2128282
2062143
-5935902
-4533418
-7524364
-1683283
-3896234
-824798
-7924241
-4648078
1487187
-5166530
-1098386
-5117848
2927796
-2458605
504466
-2792299
-3258654
-1035776
-3412770
796300
-3550238
-934053
-8013090
-2717355
-5996799
-3780757
-3520453
1789232
-2949517
3752173
-2953287
1573876
-3309417
161625
-1388615
2040555
-3996408
1889446
-3003231
-7046562
536438
-7186652
-4028952
725232
949062
-1247469
-3043827
-3368754
-2577371
-4822119
885372
3677712
1913906
-2553446
-7345087
628426
-1569540
-2546932
613931
-3294506
-3619555
-1936853
2494865
-2517376
-2703465
-3005351
1484349
-2364121
-3623083
2091063
-2586867
-1270364
-8162931
-4004070
-4760263
87860
-7207268
-4145651
-5023672
1917638
-2084907
-3488985
3314065
-4237759
-1101983
-49180
1384439
-1888136
-2147758
346063
-2609177
-5633881
-1092969
-8980600
-8341020
1919536
495301
-3317223
-689784
-5445135
-464333
-2243070
-875914
1436829
-2672350
-790983
-289111
-3110944
-6043494
-1104533
1950356
-3000912
-2452210
-5324074
-1043745
-2663503
1413668
-5251522
-6856545
-5566656
-1252478
-761507
-6241206
-2231331
-4792280
-7752134
-5448345
-2149110
701128
1324956
-3356369
-335227
-6650250
-4850267
-3077312
262667
-3638040
148020
-1751061
-707388
-1776157
-3750772
-1616570
-3972065
-5156512
-4874136
-4920
4637764
1272964
-1629747
-6070029
-5256833
-7760434
-3284668
646418
-5618711
417670
709430
4290192
-1760710
3757009
-1502937
802748
-4852275
-374048
-4596247
4213617
-1732222
1611465
-7858304
-2791331
-10931296
-4507705
-3641442
-2379517
-8050910
-3539074
-1692320
520364
-6120594
-49377
-2841074
-885943
-1052620
-1177183
-2139550
-152624
-4046135
-799502
-2090297
746860
-2822798
1754182
-3311386
-846792
-5652584
-1932965
-704511
1390530
-1716154
-1740724
2985568
-4501885
-6681943
696091
-770104
-2757481
-3130403
-4921380
-3450800
-557542
-199579
2206276
-4194021
-6721318
-998175
-2938379
-4630732
-312413
-2226215
-10371449
-5643387
1175796
-8178795
4017282
-1398046
-1245108
1420400
-9433413
-1921009
-4380207
661490
-5489564
-6470833
-9090657
-6844264
-1523044
1314044
-1032404
732688
31701
-1581413
-518662
-4885358
-3481570
-243959
-4068349
545171
-7407174
-1369062
-9929663
1493252
1513717
-6076623
-3412341
-2263309
-3346817
-3857490
-910550
-4961415
-345723
-2406790
-96719
2054867
-2391235
-3484162
-1924039
-635251
450979
-1269418
1770329
3204244
-1288224
-319560
-425602
100719
-391131
-3518971
-998203
-2559400
-7838059
-3265428
1404156
125284
3376048
-3872766
-2807468
-7401557
-5383931
847006
-2466157
-1280524
-2953617
-6707990
-4142875
-2259715
-4461505
1196851
50777
5034511
-2887982
-6127360
427594
-4916149
3812443
-8414111
1201915
-488610
-1748606
-5166248
2303231
-7780191
4080183
-3510326
542885
1869907
-581272
-607473
1174177
5415343
2945903
457305
-4009011
-4501316
-407433
-4106114
-8879051
-2961772
-460030
-20772
-4617797
-982309
-2408963
-825387
-707726
-1188555
2937974
-409408
62761
1092044
-567323
-9884576
-5911731
-3440157
-2856006
-1526894
-6658816
381652
3102029
-4608859
1101798
-5185169
-3163298
-2302115
-2023012
-1484782
-3922050
-2915122
-4163678
-1574228
-2790648
-6416900
1538472
-23536
-845344
-1208301
-3379778
-2900708
-3718234
-6442208
-3633018
-6054805
-2905452
-4727308
1284488
-7055315
916854
-1229411
-1194766
248454
-4403775
-4532734
-1398041
2232854
-8907136
-473799
-4391686
-4859191
4251154
1940865
-3069786
-5748483
-1107630
-1927702
-7304593
-1753669
-7273179
-8898465
-2356860
-1625207
-3491704
-4313684
-8507624
3610530
-2577985
-72421
4325008
-1141017
684554
-4415006
-6867255
-2157818
-576580
-7495650
-2060056
677986
1665405
-7605989
786022
-539691
-1405744
2115303
-2088953
1610997
-3840791
-576470
785877
-4962223
-5407613
911369
-3462282
107427
-5513479
553493
1617039
294589
1655944
-2673287
-798859
-513797
509866
-5226086
-3810803
-1411833
-98994
-2430708
-7120253
-3632842
-8463376
-604351
1073297
-5410107
2286965
-3816679
186441
-3292565
-473527
-821687
-4871468
-4851949
-4081084
-7404536
-2477173
-348322
-3326307
4828169
-3673224
-866792
2882560
-1021294
253334
-190053
-3895087
-506606
-1977185
-1020541
-178777
-6174282
-8623391
-3567007
-6120384
-4306048
-3614262
-3404656
-9759192
-9384140
-4262330
842993
-4492573
-5071661
-824774
-2699761
-2332534
1144988
-687
1587691
-1362414
-5039221
-9212
-2334018
436107
-4572173
1687988
-4008976
-1021579
-3657499
-5789474
-4572693
-2618738
-27039
-6601372
213863
-2987171
52265
-9919509
-3409077
-1009082
-5384376
-2415070
-2504440
-8584182
-2932852
-8526434
-7145229
-2252137
3420067
-2897124
-7232120
2828269
-2687020
-169485
1326865
-2381858
4951104
-526789
-2329682
-4622956
-2144826
-5882915
2482106
1660148
-4255072
-2842889
-1096773
-1067764
-1888159
-454143
-4610349
-9841626
3240613
-1933509
-4204418
27960
-3749390
-771159
-1313609
1684032
-3709529
2087572
-249447
-8252623
-939953
579536
-495475
3535308
-8981176
-186473
-1103946
1336604
-431004
-4432766
-840802
-2868221
-2186651
-2732408
-132118
5229118
-6357619
-1236643
-2648629
-1948324
-2156287
-1321679
-660616
1119423
-3420309
-4520646
-3093208
-4355424
-3282907
-570464
-1852273
-1344002
-2348333
-2632949
3304896
-1593354
-3576767
-7140220
-5293471
4582300
3127705
-1413436
3385340
-2161987
-4427221
-6803045
-7646862
-3099556
-3463802
-3638509
-2028863
1075995
-142677
630613
-9202554
-6294176
-8088343
-2541205
-4642828
1557961
-2096228
-1437312
-2268981
-5046349
-1232626
-282848
-6467582
-1944921
-4486272
1113504
1938020
-5305629
-8743591
-265602
2741920
-530526
-1826432
-2516514
-3110060
-4248031
5342618
-1968369
-3168440
-7043139
2088546
-5095906
-1214282
-495557
-4852063
-3586362
-2499377
-4529521
-5210084
-1207170
552507
-4008391
-5126818
-2886205
-5112245
-1429928
-3502385
-7368717
-1591481
-1340245
-4263434
882750
1735556
-7657619
-163644
-4504038
3078817
-757329
-5625248
505285
408653
-505231
778367
-4411913
-613205
344
852025
987922
1172617
-4098948
799586
-1262871
-511270
-5092484
-4312309
-4275396
-1134027
-3081872
-46498
346011
-9208865
-1029199
-5924937
-4183746
107182
515608
-3627876
4378067
-3117578
-8848412
-6879812
-4206288
-2813081
-5789999
-922950
-8788334
2162746
250089
-4691996
-4698701
-1194818
-4905055
861911
-3523995
-255620
-6712408
-651693
-9385194
-4019460
-3641566
-3779952
-2970916
288421
1690708
3152605
-195592
2103967
-4138160
-8657963
-1734957
-461388
60336
-3108146
2214367
-663601
-9146493
-10255454
-1263383
-5901354
1668745
16841
1580322
-547160
-2274169
-1030613
-2664006
531756
457900
-2648193
-4411679
-3717733
-1366964
2848756
-830640
-6560875
-2528980
-4324897
-208125
-9112705
-2401211
-579872
733172
-625365
-4550572
-3205401
788685
-1982307
-4006067
-1522345
509664
1876905
-5598675
-3743398
-262547
-6201959
-3424340
-692093
-2099577
-790923
-7979769
-2758979
-5970422
-3457317
50402
-1693946
-7102290
-146539
-2776884
687266
-3935519
-4330582
-1713078
903629
755360
-471756
-8136150
976581
-1093278
-895984
4928897
-659272
-1304221
-7669512
1286321
-2550154
724896
-5474408
-1134023
471969
-8836438
-5718407
-5350599
-2221780
1257005
2477102
-223443
-1879947
-4507800
-2523982
3484116
-2746034
1939378
-3159724
-3736676
-1920274
-3238792
-18587
-3418051
-3463399
844829
-1634626
-892066
472076
952708
-6779673
-5310581
1842114
-2956865
-3654821
-1348301
-3596342
67237
-8815404
101507
-1474292
-892997
-5511
-4698694
-5882366
143284
-208277
-2382577
979703
3307850
-2508186
-4635018
3570646
-2432688
-2835310
-4198847
-3548212
-4832537
2214809
-6037132
-1246152
-2708271
-2693655
-2541513
-2811880
864739
-706362
-5114312
-4386481
-3432832
-3786846
562538
2437470
-3587185
-6912560
-2508635
-4743922
-2102094
-1789631
-1668771
-1336483
-2367340
-3405824
-6281761
1969160
-6391242
-4119472
-1701616
-1101360
1856123
-8810888
-3315607
-4320241
-2413751
-4536709
376258
-1471163
471252
-5368814
-4681091
-8074017
200168
-1420727
-3600534
-5874493
-5373279
1964064
-2051458
-6693163
-4105740
-842255
-2849576
-2089511
117652
-239290
-3831723
-2409586
-2230665
-2360834
-1112770
-4198514
-2026677
5550065
33735
2004566
-1732931
-3850373
-7658598
-4607933
-3063514
-9214658
-3487783
-5646409
1296620
-4576014
-4464399
-6948217
-2208174
-309560
-6238185
2116117
-2911067
-2225105
-4422807
-1931101
1529098
965777
734481
-7262798
-10656523
-122829
124723
-2203759
-5073246
-3732336
2114927
1052960
-3073297
3768949
-7849729
-2259537
-3827241
-1505855
1146202
597674
-7899078
-5533791
48174
-2598227
-4234370
3505095
1099227
-1251355
-9075210
-3640321
-2493604
-7975915
1653689
-1126606
-5585358
-10213038
-7152469
-3932229
-600711
-2974778
-2728577
-2891036
-1711040
-2742435
-3731230
-4419515
-2028854
-3331938
-3230908
-940557
-2422702
-8097595
-1582794
-3400421
-2672788
-7168135
-871536
-33687
-5593626
1983315
-2497805
-289255
-4293917
567957
-3499661
-7009807
-1471139
-610807
551850
-596071
-1812616
-2826845
-3106222
-6338627
-1001388
-161330
-316216
-381953
-2821490
114674
-330647
-10167619
-2790464
-2444294
4887494
1554040
-8637407
-1962710
-2943829
-4065120
-2541810
-541642
3464440
255393
-2060301
-8967662
3501364
-109746
-2414647
4299345
-3751317
-4381153
-1902346
-1331295
776262
-2093865
-1036522
-1819709
-855316
-4353121
3528498
-1507654
1730683
-5783034
-3590629
3743728
-4430611
-8468755
-4062072
-5055085
-5262704
-3298481
-8873075
-4216442
4599400
-1295304
-628143
2824047
-9549327
-8822309
-4209885
-3127734
-3616630
2536418
-3263887
-1248291
-1866547
-4865164
-1949059
988248
-7659353
1812093
5373811
-6426464
2321502
-1566746
-4239060
-4937942
-1137126
-3721229
2483595
-4784107
-1027767
-1136406
-2087773
406593
-11045626
-5095660
914487
1247479
-6689111
-7152641
-4306885
-6109018
-2357506
-6100598
-3296033
-7098142
-7682077
-3256100
-872329
-3709397
747209
-7663013
-3396963
4057614
-2384079
-2799644
1052317
-8679265
-1885103
-181942
-5289785
-1450557
-5389722
-1172472
964303
-400867
-3263173
-2377177
-5749042
-2421190
898647
683625
796028
-593306
-3156980
-2541810
-2430626
-8141121
-837985
-673188
-147754
-2253338
1859452
-952419
-4002638
-7535061
768620
-1603020
-1016739
618512
-1952263
1358654
-211137
-3270062
-1898691
-2279454
328930
-2412545
-2243020
-395728
-7469481
-1726880
-6870074
-5128656
-1367155
-5158637
-7121317
-3248887
-672495
412084
-2908266
-9500402
-1815958
-152851
-7021935
-3682211
-537476
-5423109
4515556
-7516325
-2092228
-2511062
-3067146
-5507864
-4069242
1508757
-884483
-2510434
-1325246
-1333878
-1648291
-2887521
-2803557
504353
-3284091
1060593
-4312192
-1257416
-3872193
-2461813
-1069512
-981683
-4723732
3015679
-1485759
-8247645
-4722979
-7731621
-289404
1513221
-908141
-4609161
-4486206
-3464445
-2522103
-4112143
128215
-875025
-2732159
-1355920
-6998621
-1916025
-1477277
-6425134
2703745
42603
-5130930
-985508
1755055
1626515
552685
-1775285
592480
-9092831
-4736336
-1893647
-1113186
-205420
-7051854
-500627
-8833120
-909338
-3387546
-2039183
-4126298
-620044
-5242458
2130916
-6047661
-4951843
-6110797
-4054424
-2772080
86094
-4007293
-5317741
-4627376
-7796916
-6834948
-3456221
-3164045
441493
-1474079
676438
-934308
-2447804
-4197744
-2333792
-7675624
3810247
3404337
1310250
-1481475
-2248580
-3816166
1901568
1707441
-346419
4223996
-3638583
-4713006
-2527539
2846224
2251854
-2916040
660405
-7869180
-2025724
-3540301
-4007801
-10123379
-1110664
-1475798
1520719
-3258394
-2527698
-4938471
-3763871
-3935435
-98532
-2565000
-7278709
-6904017
-327930
-5627016
1473069
1709030
-8027734
-2900511
-3346184
-3698415
-1122911
-6573955
-1702200
-1183437
-4209486
-4501179
-2996682
-3656927
-352633
841856
710878
-2040286
53608
353093
-2996293
1874720
-4922049
-584912
-1505774
-4026814
-2199099
-3709763
-5199625
253370
-6313510
5127959
-2993735
-6140107
901656
-3915333
-363642
-408328
-5345247
2553249
-3149060
-551375
-5836614
-819023
4468597
-2432701
2725411
-2557217
2410691
-5145953
-3738269
-2533342
-3215817
2894047
-637985
3250324
-2988665
-5915947
-3269045
-6929459
186131
-7792086
-1844998
423607
-4486301
-901694
-2778699
-3493303
-2435835
-5119610
-5788067
-806447
-5684295
-6272826
-543494
-117862
-4131471
23381
2385447
-678827
3269278
-3469421
-5876800
-2484796
-4737186
-2830308
-5383647
-6612654
-740163
-10502362
-6538981
-3489192
-1004569
-1876648
-9162454
-7490881
-2789131
99524
1634829
-1729815
-4904244
-5974766
479794
-3418355
-3530346
-3165171
-2825136
330877
191420
-1736694
-708436
-1200736
-5859966
-5439080
1705470
-6720644
-4876458
-2985377
152670
-1345943
-4360394
319111
88315
1253550
-5699273
1576228
-6573467
-9529942
-2559965
4537523
-3353939
-3614488
-2085829
-2538629
431044
-4220210
3946254
996803
2609354
-91939
-7953640
-541028
-5781325
-4419447
-6028784
-1256094
-4283255
-2626316
-518976
-8994679
-6379460
-950306
1505562
-6302229
-3099914
-4425751
-614507
709962
-5699946
-4403038
-2604150
-6466111
-5562689
-3043344
737385
-6084934
-2674854
-2236538
-4188987
-1371291
-1651947
-4440826
-1509494
-3542686
111834
-6688015
-8097385
-6816320
-343746
2095737
-977158
-7212735
-7718527
-6968300
-912355
2988635
1875914
288693
-8590281
-1166407
-6181839
-2202528
-1663969
-628847
-2930133
-2698231
-2097217
-7646163
1635510
901997
-1431555
-2744944
-6764921
2376970
-5147751
515388
744616
-4050996
-4071029
-4883633
-5225905
-6025617
-4771081
-832272
250606
4082327
-203407
86119
3107664
3858313
-1334921
-3681751
-5859201
-4318921
-6920381
-4964204
-3913216
-102172
-10003957
1036417
-2884841
-242425
-4616369
240617
-5690029
382855
-4196154
-876266
-1706859
-2435477
-7996248
-733220
4815426
-3229607
-1760500
-3643824
-478357
-3058652
-4714970
426145
3188829
-5146459
-5092682
-5229854
-6689792
-1288045
-2141232
-2161312
-1178794
-1867145
-3448151
-844077
-960309
-8231343
1163997
-2164093
-699382
-8263576
-3537855
-845423
-4409792
-3561373
-2278294
-5316891
-783318
-2187027
-3279333
-146632
-1685323
-2477244
-978357
-3710535
-1491255
-5438845
-2347050
3104183
-3630358
-6301941
-1857218
-8041039
4678376
-695052
-2498877
-2689664
-1602819
-593899
-3147966
-3357954
-6233080
-4990343
134236
-2986551
-2672266
4054806
-2911548
-7605791
-5320003
-2264422
-1847318
-2565549
-1613564
-2573673
-578970
1114301
-1685393
1609654
758578
-1585303
-7190591
-820922
-1375719
-5873338
530003
-4207111
-1961804
-1607243
-5482026
-7077009
-4463975
-6096865
191503
-1006788
-7759597
-3157594
-3332791
470197
-3841437
1835380
-2405058
-3600128
-1824884
-3173122
-1532416
-2980941
-3175572
-852746
1528098
-751595
-182805
-4439454
-3745326
-87181
-4462273
3151824
-4036738
-8605759
-467935
-7308731
-7114472
-1568897
-1841031
-4362964
-7746277
-2203080
-243766
-6835499
-1389590
-1954048
-8096648
-3550826
-3337992
-4497119
-3447579
-3011081
-5251329
-911128
1644654
-4775478
-5928633
-3865004
-6260380
1517833
2936217
-8539236
-5386693
-2241418
-3933529
-4651845
1012034
2927994
-7812468
-1837339
-7237076
839226
-1360673
-792235
-9933001
-5348789
1932740
1551532
1971700
-7335891
-229218
801968
1600248
-2440178
1110024
-5766983
-446991
-4002489
-5974899
-2435985
-2717470
3658923
-8025946
-4128575
-218933
-3097279
3360744
1629108
-1920342
3827628
-5974507
-2846556
-127011
-3331869
-4302407
-1537186
3223184
-3862093
-6054046
-10755218
-3792525
-2305338
191686
4000654
426688
111604
-2347344
-5256714
-3803718
-7895721
-5276674
-2852453
-7604327
-1297343
3699562
-6110833
-4464130
-7936258
-7932394
-2102139
-2076488
-7005591
478586
-4845378
-2543911
-6198302
2323056
-1162665
-2330860
-2604356
2228776
-2346741
-3929170
-8122735
-4293694
-2409316
-8826032
-1216489
-2302072
-5176990
-1657722
-4855476
-6065844
268238
-3501733
1550978
-959621
-1178812
-3508930
-4691732
-142545
-2845092
-3990235
-6914032
-6144532
-5452023
-2269048
-784642
-3014869
-2231313
-3849436
-465163
-6463061
-1100095
-2937091
-8941355
-6971707
524585
-3475304
-3282253
-700067
-1258807
1921749
-798738
-6779394
217122
-3285890
-2940582
-1473526
-2115014
-2823976
-3795528
1047495
-1536637
-6735246
843683
717528
108815
-5281403
-2584424
-3569981
-4836654
-4307646
2212158
-4956029
-66171
-3184999
-105710
1541146
1168544
428845
-8648158
-7431105
-459416
-5699953
-3177763
-876367
-5608949
-4240998
438170
-35557
-3808872
105809
-4579657
-2785025
-878320
-2218578
-8699016
-7413238
-669254
-5387077
-1679877
-4294320
2833630
-1130555
-3434543
-9131188
-697305
1599273
-3192749
506699
-6993521
-7231436
-2857519
-4095969
-391849
-8014509
-696182
-5852441
1047250
-3125684
72000
-5975117
-3141208
-2082266
-5777830
-4036008
160868
2350778
977713
-6619301
-873812
-790504
-7244958
1253705
-480559
-1188163
-5642904
-6532186
-5211956
-7533714
-3566703
-5159901
-1495504
-1924373
-2322195
1534964
607890
-6496845
-892248
-4791360
-3389960
-2757260
-8368472
-2780133
-3061280
-2792776
-524840
-6908547
1733351
3399871
-6472885
-9371887
-1993926
-3541129
-3766723
-6177383
-5188904
-2299454
-4233435
-5905859
-7497959
-5269088
-3336353
287501
-5935322
2047041
-4724486
830710
1077021
-2603601
1901737
-4863636
-2806887
-4729907
4626418
-5551260
-2661018
-3593715
-1154879
3880926
-3241449
-3307973
348569
1260955
-1523891
-8631827
-89861
-6499079
1694422
-5012014
-2578733
-3272604
1975681
-5779100
-4325235
-4060295
2936109
-2980577
-2135985
-2075588
1790044
-3940491
869050
481857
-5085989
-4239957
2036116
-1143665
1468695
-642408
-1938621
1653308
-1873468
-203494
581923
-8221865
-148270
2758050
773644
-4117892
-4154791
-6207459
-3134880
1085887
62690
-3655474
2880815
-3670981
-790395
-2543732
-3655522
-196758
-7241401
-437662
-4293843
-6377557
-4518981
-471133
1843428
-447236
59356
-2587028
-297524
-3304340
65637
-4278496
-2048667
-7983013
-697180
-3650344
1292132
3265859
-3576405
-297055
-4632164
4788119
-1042256
-2450189
-1508965
861365
-29986
-5991478
54495
765374
-792710
930046
-2929557
32709
-5376841
-8484592
-3370017
-6307533
-836880
459833
-5037483
-3330308
-3789309
3373453
-2557367
-3246387
-7413730
-6083627
-3964562
-865637
-4234047
-8549052
-7894411
-6116437
-2493124
-7882328
-4058213
-2637542
-142670
-3046477
432185
-2534693
3085494
-3853036
-814700
-7259425
-3669972
-3693291
-3050748
599289
-4651066
-3963237
-9845196
-996063
-1588747
-8624104
-2688791
94416
-242913
2606546
-462981
890393
-2287143
-2279027
2092143
-2925168
449907
-4016257
-620147
-1086208
-793956
-2189158
668874
-6013253
-5507446
-4272201
-2471540
-5581368
106907
-4209281
-1991902
-5895317
-4592291
-4057305
-7141335
3505501
154132
887992
-5807133
4129571
844759
-1613026
-2905258
-4759365
-594750
-5294116
-2334773
-4293975
-4484278
-4859498
-5514888
-2992160
-3378015
254553
1505028
2379935
-848577
-2451431
-2694008
-2601527
-3618430
-7223243
-1397126
-5634889
1296689
-166996
-3717286
-1349126
-3383547
-3718134
-941975
-2812656
-4751318
-4686384
5006060
1957317
-1735383
-2866291
-4924579
-2737793
-5195462
-3866592
2879677
-3042809
1279715
-404871
-3697757
-2639202
1114777
-2931779
-5691899
-254230
-2738249
-2159228
-2971018
1713133
1437964
-9940022
-8216554
842585
-4947207
-4465777
-5961199
-5777407
3373275
-8229121
-3296234
-899945
-651077
591328
-1674844
-1818987
-3987074
-809310
524116
-3737779
-5638586
-1689996
-440615
-3413793
-4104289
3347592
2908974
-2311380
-6087201
-3578319
-3458708
-1281737
-5449963
-3883140
-1364262
-1837749
4398760
-12872
39897
-1693835
-3332436
-2300285
-4580526
-4080396
-5723532
-3500288
-8322546
-258423
2487437
-2957836
-6928824
538285
-663367
-4749552
566075
-707974
-145108
-1914221
-731801
-1911993
-6199785
-8786561
1800423
2669451
-1819921
-416511
-4642665
3192431
1218503
-4169681
-441458
-3096799
-3418703
-5811089
-258692
-1678223
-6053595
-3376081
596023
2273364
343911
-5522656
-4381331
-764355
-809959
-7794536
-944024
889559
-2616195
-4518402
1561903
624946
-7303430
-7278391
-6909349
-2867338
26868
-971619
-4544943
-2248971
-435314
-6353484
-1941511
-1579076
-3684181
-7618891
-1536954
-2108368
-2187468
-7721008
-527301
-3524807
-3794362
1160905
-3847105
-4036110
5296684
-4899473
-3291490
-5979550
-11825500
-4169567
2485668
-1322203
16268
-7490947
-145055
-3369668
4341250
1161068
1582737
-3316374
3858235
2906344
-6170283
-2134993
-1167491
-4291842
-4673992
-3629796
-2969871
1546396
-2528251
-3282932
-1543955
-8253012
-7989001
-58866
-1472394
3641646
-7831974
-1009536
-10068287
1360143
904172
-4854937
-2317639
-6260509
-2962241
-6657182
2292877
915872
-2436881
-4741725
122968
-1663973
-3417805
-4554721
2583506
-35341
2115132
86591
1396227
-6461119
-2638808
418187
-5848001
-3945146
-5466097
-2266813
378621
3227620
-2832981
-7565154
-2714831
426090
852579
-29778
-4852984
-5723042
355694
-8562120
-6954157
-5192163
-1741086
-3692798
-5542043
-1345861
-2779888
-1080403
-6378630
-1650868
-558588
1211273
951105
-2335302
-6170665
-280698
-311994
7268
-6461623
-6889519
-1492544
1777784
-397687
3102488
-2873369
-7596601
-6242473
2763902
-6915856
4952710
-3208597
-2937398
226785
-5385063
-4697734
-1208306
-5452334
-454827
2280765
-5671782
-1498897
-737243
-6216879
-596739
-883168
4710214
2330947
-1452747
187459
-3124514
-5420346
-2840533
-5062198
-10255808
4220575
-2517890
-3586561
-1419754
4492517
-3071910
-1859008
-3298991
-5669844
-2673804
-1432555
-2793861
-85735
-479188
1678243
480723
-2407904
215928
-5065768
-3939839
1604311
-836347
-5086580
-2472243
-1754074
-548507
-2417806
-1352643
-1368222
-7650435
214752
-3137812
-3055305
-1153066
2794645
-258280
-4279707
-4537341
-1627383
-1320513
879285
-2917777
-3348412
-237043
-6293146
-5778646
496474
722678
-4595165
-4979625
-4439271
-6950062
186826
-5223058
1587066
-6918452
-4604106
-5268723
-9425123
-3130481
39955
-1086172
218678
-3471229
-2963454
2588999
-4796813
-2963573
-7541628
-9984383
-579544
-8494283
-4179807
-2912083
-4591812
-3274800
207899
4994349
-6332015
-4865430
1323930
-2194027
-1582059
995393
-4426076
-3341292
189737
-536414
-2895749
-9161869
-3440629
-1618873
-5266331
-1842063
-5715738
-3746479
-3115901
-5753857
-23211
-3208160
-382774
-2619386
135366
-9066906
-36701
-4250159
896541
-1843957
-3669886
-230807
-2241437
-6345952
-1119312
545345
-2739755
-5953086
-7165949
-3962857
2317168
-9439121
-425951
1487914
-1330302
-2707582
-6557259
-5054682
-972030
-4375566
4049652
-1171714
-5873749
1885597
-6047982
-3335587
1742731
-2755924
1704171
-3163292
-526211
-7037993
-1476033
-4036510
1691266
-1132467
-855253
1855668
-6917288
1045787
-835093
545857
-344723
-2887542
1682506
-369681
-1018069
-696562
-10439
-4416822
-2909251
-3303660
-1971090
-2771267
-5012299
-2561367
-185229
-4972847
-1385678
2534921
-7038656
4162511
-8143975
-6584086
-3353140
2372156
201334
-885690
-3837606
-4028586
-4061317
-9573839
576274
-3871159
-3886932
-2480160
-334332
-4252482
-5703793
-1818356
247735
1123716
2126986
-3275021
-3665892
-2246885
-115170
-1455534
-3558457
-153168
1882545
-3167174
-6083905
-1899989
-8575630
-1745951
-869098
1491360
-580805
-1396359
-5627585
-3138992
-96123
-838571
1079492
-3394419
-5542069
-8923244
-4388418
-232515
-8702377
-3770778
-2533273
-3235858
-3252118
-8515094
-5079168
-9709843
-5903012
417379
3818020
990704
1346420
-1479306
-2368602
1324584
83914
-785108
5079096
-4589622
-3534086
-8289513
-349313
-636564
447862
-860356
-3511517
-1580365
-10829311
-5223139
-2302999
-887874
-2395882
-5939643
1731273
641333
-9079906
979978
-1690300
2040713
-3156967
-5843071
673307
-6603345
-4419987
-7294327
474471
685860
-4694562
-3467128
-4574071
-4308750
778716
-1532338
607754
-5274268
-5433906
-1167331
-1153212
-9006125
-9812
-2740844
-4748275
-899928
3318698
2445931
-9291752
-4769661
-684426
280088
548179
-3635635
-4781108
-6072901
-9681178
239604
-6696983
150242
-649329
3404443
-2428543
-3468183
-5677327
-101874
-3880801
1078524
-8157633
-2826371
-7189502
-2013809
-3006886
-4689175
-3634518
-1535650
3164835
-4728910
-4235502
674212
-463361
-2246627
2712694
1910128
3506309
1498595
1499390
-86964
-561411
1767473
-1478778
-10647567
-3191311
-1693287
-544283
-5311510
-5595242
-3370955
-5578131
-896292
4267825
-1671181
-2977708
-2541565
-5325417
-3217493
940596
-4501251
-3066894
-5249631
-6298998
-3873759
-179774
-2548895
-939311
-2575558
-4577946
-3998434
-6767735
-7721266
3755578
-4387845
-3330116
-327821
-9503553
-1487668
-1271789
-3596429
-2285205
-368920
-6179958
-3691782
2396913
1908147
-2389973
-4952049
-4326653
1652402
-2440234
-2338430
-2896140
-2211853
1683729
-1061735
-3260092
1117524
1156524
-4164282
614746
-8098836
-1773670
1552536
-3842454
2332956
513814
-3165002
-2089515
-1022401
-4798332
-3778738
2122169
-9065432
-2086545
-3954989
685900
-5299775
-5040331
-4996250
-4000655
749221
-1377053
-6825258
3098254
-4545635
-3488710
-2094188
-2936579
-1071540
-3103093
-4328506
-8485803
-5365450
-5482246
-2570320
-3092746
-2106235
-7544667
-7983914
3789981
-1939630
217476
-3254411
-1980791
-4565903
-1376491
-1448613
-8280355
-4673813
-2179952
-1344821
955262
-948489
-3929744
411469
-7157138
-3926202
1005384
-3436411
-3591354
-1372830
-623091
-3936427
-2916650
-6095548
-8956891
-3679639
-860917
-86754
-4917776
-5048298
-1198186
-5575571
-1459926
-4696466
-2785307
2781565
699932
-2272541
-20871
-7011142
-1290153
-3299053
-5623286
-1542970
-2092032
-8415728
-7271122
-317625
-6690163
-2372043
-1763918
700445
-2150197
-3541840
838608
825525
-8296619
-4074294
-981264
1443625
-2170125
-4131326
-104672
417046
-681916
-3730275
-504219
-2828958
-8200100
-5568889
-4260480
1253331
-5653579
-3232334
-2672281
-5152549
2248279
-6681901
346834
219352
600092
-840248
-6103434
1509624
-7992343
-4472276
-2376211
-7351926
3732
-713044
-143925
310882
-34797
-2032221
-5135505
873330
-6624387
-2619921
2973522
-609935
-5508481
-5292162
-1688874
-4602358
-1719956
-1362046
658692
301878
-2533132
-3074730
-557747
-394959
-3482398
-634921
-6423819
-4216740
278659
-3263553
-1234840
872937
-4320990
-3130376
-10248697
-4587335
-2331617
-4981317
1332475
-1451945
-2141335
-1373038
-563565
-1030007
-2305400
-1857034
-3259480
-4164612
-1630879
-1291482
-946861
-692297
87690
-440582
-9353997
-856136
-5145847
-6706695
-5335050
-764975
-5232469
-7011941
-2835206
117659
-3891560
-3656602
2220548
-6745541
-5819704
-5576637
-1402510
25088
-811434
-4467893
479785
-5442491
-2941725
-698228
1360816
-6844071
-1841505
-1767005
-3337617
-5380706
-1001955
-1999834
-3226432
-3596483
-7036666
-436169
-7394991
-454816
-518557
-4065230
4502383
-962699
-3417319
-2355845
-4519851
-5698743
-5579232
-3218010
979856
-10487689
-4511334
546721
-5988493
-7061100
-1287381
2406138
-60133
-4606732
4113300
-365196
-5421098
295286
753569
-3846760
-7146601
-5703991
-6571289
-2838388
-3433056
-8807102
-3668006
-2378623
1425627
-5366916
-1826506
2478254
-3694173
-4820052
-1980320
-6755269
-1653530
734998
1441185
-278553
-4671056
-3087377
-1170334
-8174708
117643
-1317353
-656703
-299934
-3485680
-6409413
-155255
-4161651
-3152924
-2955782
-2225027
-3805289
-4249384
-1503695
794916
-3963338
-6864092
-3033806
-3824525
-7047580
-3775876
1376003
389691
-2561185
-1830105
-8534299
-4922362
-948167
-1529960
-5665834
-1381087
783021
3320609
-2998741
2882010
-8399418
-4332019
-394115
-2549359
-1044423
-5021106
-1263536
-3946756
1932821
-5054943
-148553
-5506935
3058526
-991397
-4094076
-1837536
-6653018
-3466929
-3997692
-9104179
1172517
-2461253
449110
-2074699
375501
-3653879
-5280014
-4190060
-3099516
1036248
-1214882
-4565491
-2042506
-3586346
-5115895
1867314
-4532481
2278328
-2718429
1833668
3224838
-7015327
-2348414
1775880
-7570120
1735872
-2771986
2200641
-8066924
-3244899
-1235269
-1022764
-4459094
-2257390
-8107890
-869859
1484042
3330260
-4249659
-2914538
-4939457
-5844639
-7207389
-480944
4150999
-6481615
470400
-3257043
-2389501
-861606
-2526737
-2240312
-2844396
-2997830
-3808247
-62437
1341592
1796448
-471672
-759885
-2541541
2554867
-1394713
3115455
-6146067
-3040581
-3856730
2950983
-339426
-5042219
527629
2854120
-6207524
965735
-7464792
-414825
-870834
-3139029
-2560797
2373770
-2086211
-1523260
-600421
-3037550
-5633635
1930782
-1180776
733155
-4412819
-8765904
-6248844
-5309681
-1976984
-7109417
-568424
-3688574
366421
-3410493
2113203
-5584649
-5033341
4415743
-976188
2233128
-2042399
-2908979
-3837330
-3708400
-2718595
-3466156
-1229451
227424
857728
-880826
1531720
-4239898
-2576596
183244
-268803
-2541541
-2594438
-3072357
-3282161
-8280400
732493
-16874
85310
-5103277
663445
-3520828
-2217801
-2022314
-1676277
-9248607
-7199859
2435889
-2001264
-3354658
-1958662
-327186
-3621013
642899
435536
-8693480
-2216279
605043
2360313
-2788399
1214341
-3533304
-6854501
-243924
-1365456
-5863377
373978
-2062215
-3394074
786804
343831
3860
-185585
-7277534
797313
-4587245
3462591
-5365549
862276
-4087587
-353659
-2540701
82669
-2082785
-632517
-4423903
-713220
-2320861
1107557
-1365959
717800
1163430
-5596834
-6655745
-684515
-4633435
764165
-4631009
-3888231
-1508753
1032865
-4145224
-5539286
-2748988
-405683
-1035421
1224020
-3952595
-5726931
-4871033
-4609708
-2067314
-1657724
-4795620
551946
-3550473
-1634990
-8196146
-5754331
-272103
-1704474
1167111
-4247039
-2194688
-6483914
-1283260
-8541609
-409774
-1434714
-292681
-7018321
2692072
-5035159
-3367047
-467970
308111
-5472124
2372682
-6299588
4146469
-2104366
3998383
-1378416
-1379714
-1640533
-3809302
-2607195
-3637265
-2053451
1856449
-2783898
2135347
1702092
-7841580
141946
-3947768
-3644415
195750
-101861
1197559
-1899649
2290466
-4174358
-3982025
-507712
-495824
-6553771
-1284276
-4771827
-3018483
-44040
-2108192
-4155226
-464666
-2019702
-4311156
714603
-3291756
-6284838
989265
-6787508
628721
-811892
537002
-2380633
-448180
-4524393
-4707130
137395
-4850834
-6180453
1104830
1142795
-39359
1437573
-3764906
-5404379
-7651350
4953036
-5110020
-3923447
-1598596
-9298329
933609
-2849885
-1932517
-4304045
-11171061
-3222029
-972078
-3869361
-2262179
-4274796
-442865
-8201831
-6347306
-3150633
-6367970
-3261111
545612
-3462408
-2003105
-1326188
-405817
-4565252
655950
-1342756
-6031146
-774285
-2997082
-3746896
-6497865
-4503536
-6608076
4934573
-7570701
-1644158
-3326459
-1535930
-3500692
-6987585
-3120799
-2958636
-526445
-7352175
-873681
-2456028
-8714851
1056748
3381841
1447653
-321532
-1331062
-3089062
1189264
-4239224
-5680085
-3896615
-99916
-1986661
-879426
-7563467
-295379
1668829
-7070589
-4754237
-4233984
-1045902
-4799062
-4301683
521519
-2268883
-2618552
-4067154
-2392131
-1372716
3977572
319182
-1434341
-10209669
-830473
-1238242
-1771596
-4128345
1025542
-3350096
890976
-2150175
2973496
-6718320
-3938773
-3319334
-5622777
821744
3800731
-7756779
-2977859
-1867620
-6478357
-2017000
1038989
-1950711
2532788
-4045790
-2621222
335510
-8420540
-482919
-6670590
-2989176
-5402146
-8463445
-4276296
-1780007
-4515969
-4216214
3927759
-1607941
-6594459
-5996489
-4238128
-3656611
-9826489
-4793917
2471654
-2982948
-1902825
-920966
-1484207
-5774695
213526
932249
1795202
921897
-2344051
-1711505
-6345593
-9023682
-3495480
-2288927
2149647
-1177712
-6143462
-8459320
-213421
-46886
-1541296
-2097709
-5006466
-309244
1879025
532652
523968
-787732
-5055688
-5814369
-4793895
1625048
-5677676
-3913367
-1403282
-434450
-335277
-6061916
-3786936
-10938888
-1078043
1458454
-1449353
-996311
-1801201
-526697
-1171733
-1174784
-3115372
-3989988
-2369369
-2629420
1173224
-3619827
-2575642
-1107683
-806973
-1207780
2069030
-859109
-6915320
-2300963
-3201236
-683132
-67439
-1372675
870625
-84568
-405315
-2467208
-2487482
-2683695
-2817611
-3937312
-1357567
-210018
-3612218
1074307
-6898979
-1770696
940422
-8518721
506308
1895060
-3011310
896742
-5594565
-1648421
-362340
1437247
-10213
-4131054
-3611352
810378
-5190104
-4691283
1076731
-8710284
-7912236
3074055
146112
-889413
3028348
-9903142
1471138
3654559
-3019351
2564362
-3705779
-4254966
-1585969
-3131026
-2269275
-1760620
-2255980
-1802269
1157336
484528
-790119
1568427
-6859454
-5652497
3851483
-7848900
-3518035
-2296854
-572361
-1927942
-1322357
-321714
3429591
2061178
3792061
1835517
1682846
-8682275
-2303333
-3583703
-1647872
317510
-1639873
-1352539
-572802
-5300335
-5563894
-3794650
-2567628
-5935301
-4358362
-1972967
-2917474
-3528998
-1288507
-413685
-382945
-5399660
-4090492
-340064
-227826
1951275
-2263717
-5188900
-4891709
-12506
-1196804
426262
-2076779
285902
4188453
-3392887
-4895542
-5972718
-1028398
-1446754
-4298119
-4570845
-4254262
-3113794
-1212575
-2715555
-4441107
2740670
-1273624
-8531529
-255316
776357
1178495
-3423906
991811
-448853
-684457
-4681057
-5866
-2733043
2132404
-3561476
-1361807
-4422320
-4057703
694052
-2452260
-1715310
-3800284
1686649
-3590108
-5161860
-8764279
2849782
2972828
649980
-4402645
-3355507
-1411709
-5722837
-2069364
2143296
-898684
-4781246
-8390493
-3733190
-4470552
-890839
-4983819
-4276486
-1214422
-440117
3524088
-1375043
-2125148
544034
-2099798
10298
-2377773
-6264786
-595095
-3184678
4675389
-1340824
-6533153
-61723
-3604185
-471585
-6857590
-4955719
-908945
102435
-1985082
-3414040
1331935
-664625
-2281665
-3693120
-4602734
-1454459
-8575629
-4973902
30463
-1421297
-3747007
-2352589
-1492697
-4104116
-2158118
-477543
-3453318
2589243
-1238312
-4154620
505568
-4116768
-5958380
-2935566
-8881025
1562737
-1251513
-199139
-4325941
-8171825
2891468
1068695
-3130977
4208152
1882105
-8009677
-7814111
-561119
-4492860
-5253043
170637
-8643471
-1080568
-1112273
-7118171
4666359
-9581745
2645769
-3660020
493177
-4647440
705765
-8376100
-1499877
38594
-9162649
-4094257
-2385479
-3546405
1348125
-2256636
-1689079
-3459401
-1193125
-4525426
1841649
-1803868
-5834646
691163
-1252933
-994206
-4189141
-684866
2336248
-1673728
-4760183
941444
1040494
741848
1806652
-1672942
-4217150
-1243547
-8569364
-3482887
-4083751
-7576177
-1967716
-3490251
-1410709
5732614
-4247808
-118373
-5744103
-4286944
1998375
-4344683
-5128387
-1505597
-3319641
-2507660
-6483378
-4055245
79994
-2229481
-1231773
1789996
576510
1310541
-2422462
-2304173
-3396126
-3038835
-8271118
-486675
-3600370
-3107525
-2177730
4465327
-2147783
-4247440
-116019
-8394158
-3921007
180018
1566719
1234461
-4032441
-653975
-2885292
-224562
-4065603
-3826843
3064390
-2275296
-1597477
57044
-751997
-1913963
1102112
2447747
-10339120
-4998101
-122278
-599353
1019474
-591825
-1841389
-657372
-2920683
-1223280
-1377108
1155404
-47999
-7956614
-931149
-1269108
-4541455
-2748219
1650304
-1519257
-4474169
-4235275
3025950
728823
4234930
-1202647
-6119129
-5921342
-4809762
810812
-3536021
-5727079
566430
2244338
-2925738
-3949863
2010756
-1565151
-4252836
1579172
966116
-194027
-1112631
-4685055
-299945
504989
3080431
-1983682
-7270610
683188
-3520406
4145057
2809699
-5418728
3157998
1376281
-3016884
-6701937
-5016301
-3447215
913431
4435239
-384535
-5206871
508867
446542
149474
-6947325
-5640217
-683218
799034
-1368950
-10083962
-2071497
-5199451
-1772066
-6208516
331859
-5844766
703626
-4084603
-3055298
-4871172
-56090
-3015589
-2894259
9859
-1154811
1721156
-1084388
-2689520
-8094086
2580741
177219
-974445
-4729234
-6306597
1285842
2304680
-10029594
-5155786
-3101227
-4240738
-2270219
-6983409
2018720
-7413640
-4202847
-1736709
-1592678
942354
405574
-1871991
-1720371
-3669019
-3690833
-7298316
-169820
-3243534
-7410477
-4508697
-7928489
1298273
-3308786
-3771231
-5144132
-3756359
-7699851
-5477866
201385
-3439989
-9114200
-465377
-5227354
-4797627
-3672262
36783
701668
-2378231
-2756031
3104984
-3137971
-4991324
3412552
-2464804
-4232283
1737129
-4164645
-2804000
-1917829
-8902862
-7325075
-3448046
-810375
-907953
-4562294
-5697314
-3150615
3684890
3470340
2739171
-928445
3660954
1368313
572836
-3842716
624812
-2360100
-3294941
-4618965
-1634329
-170171
-3253747
-5205284
-3002161
-1348866
-488879
-1558249
-7538178
2258366
-4315055
-7454237
-3233274
-4501035
1239173
1800391
-1149416
238885
-324232
-552704
-5231922
1712608
-2008374
-3356144
-2468663
-137683
-5239835
-1614467
-7337324
-971132
-1866892
-4353223
2140001
-2468732
-5180606
751585
-684776
-4376976
-1595166
-948439
-3213587
-811842
-5361163
-4088403
-5425387
-899064
-5950245
2487094
-1088942
-899257
-895258
-2340660
-3252198
-4411600
-3880904
-5824866
32133
-1014215
-626316
-1908467
-1382546
-5627010
-4301473
-2221612
-922994
-2643571
-1991734
-349876
-3596296
-3947597
-2735530
-3805709
-1450751
-708476
-1035031
-2912300
-3525874
-1842742
-3209764
-5660187
-7894261
-2312485
-2603563
2079100
3797726
-2168699
855159
-2707807
1021639
-4169527
-2738222
642901
1739271
-2978061
-1811909
-363463
-2420707
-2006613
-891243
-1469285
-195330
-3379599
1780171
-2360852
944475
-2287544
-4758487
-525066
-5839996
-8198616
1234452
-556037
-664075
-1659818
607356
-666699
-386185
-4092843
-2812380
-74851
-595121
-8023482
-141260
-4270014
1487163
-983072
-2382699
-1178697
-4077730
-7271650
2196046
2498132
-2866016
1980708
-5150568
-3801511
-4134843
-3548872
-1600991
-1366604
-4218539
-5603536
-4136381
-1806086
-7218687
-11290
-5085818
-5915628
-7073151
-836396
-4007360
-3775006
-544155
459873
375396
-368732
-4762773
-382596
-7886656
-1757160
-3066374
1010940
1726554
-2193671
-5920300
1240464
-842106
-4022305
517398
-3958612
-272318
37764
490744
-6529268
-3844928
-1077931
-396750
-1383938
-1232625
-266682
-1722327
955519
-1826895
-506713
-79654
-2701263
-3800268
-2970997
1441073
-7054980
-1232054
-1766255
-2701098
-1518195
-5459774
-3955510
-6218090
-1239872
-5619763
3563754
1906317
-2447272
-1967939
-6601526
-2638749
1767505
-3375769
-1945225
-1518852
-4367930
-1522461
-2628781
-10713284
-1532472
-4876334
-1519330
-4284164
-3381377
-2480412
-2722523
-3761994
-128882
-3714041
-7248214
-5135705
2318823
-2315559
-3468025
-4061709
960855
-6540226
-1181513
-2482454
-7273323
646911
790248
-1248525
2306682
-6135521
-3342742
-3513886
-4283808
-1623313
-2771421
30378
4157665
-4681191
-3742096
-889050
-4889389
-5648481
2605498
-6020497
-5395905
-222486
-1692858
450702
-3385752
2640126
1434467
-5914008
683064
-1800457
-4796516
-3855547
1343496
-4712720
-1567940
-788758
-3591030
-2780741
-4825159
-1257981
-7403085
-171822
-780066
-5453549
1430664
-9295915
-4911408
-2617562
-4727797
-733002
-1070449
-8870392
-3502472
-4563043
-4349606
-4768479
2639975
-3327903
-3014899
-2092435
-197523
-5750084
-1477082
4563666
-1182726
1688186
3225106
-6155513
-103701
412135
774283
-560354
-4094479
-123192
-1895885
2498356
-489209
-879715
-3524439
-5193939
-5669740
348308
-2927562
-529006
-3792727
-7025288
-2048880
2577578
-163787
-2918992
252074
-2351284
-9503384
-3789468
-5767801
-1548560
-1186228
-365858
-9411589
3251238
-1089784
-1847821
-2124522
-2751653
3224762
-95628
-77990
-7114202
-6022179
552404
-5872973
-1304152
-7048047
-913797
2116277
-9959218
347128
-6673206
-7634632
-2262500
-1041645
-4833420
-655243
-2163500
-1753102
-8003281
-4347892
-6567592
-3503075
-8017850
2002066
-2949893
-650473
-6702768
1380332
1903788
107810
1303734
-1614901
-8771869
-4442652
928616
-1169381
-4358879
-2020167
-3567234
-4103558
-4716874
43351
565179
3062627
-459461
-1253969
-8674931
-3007273
2040853
-3479141
-1381021
2131795
-788508
-4541719
-3417964
-1913298
473733
3851540
-3252166
-3786191
4575375
-248491
-4147112
-4226407
-6763093
-2658037
-3056489
374300
-4873059
280718
-3398374
-826090
-4042134
-5773417
-995956
2989265
349153
-2173565
-9996286
612515
-4262367
-820579
-3884601
-3777782
-2941489
-5156463
-5130305
-6977920
3070113
-5648906
-4941699
-2492364
3300992
-7526190
3335162
-6710920
2144362
-7628941
3083681
-132454
-2846870
-2959866
-1661656
-2272876
1983429
5028008
-6141960
1800370
-860102
1819397
-4961783
-7441038
-8589472
-1579781
-3417161
-1471563
-2471728
-6252904
603974
-4413610
3337691
-3971656
-3527981
-5588835
-2158123
-1988890
-4030997
-9300195
-6502271
-4998475
-7183538
-4153501
2041296
-5139194
-3342394
-3542336
-3925120
-7373241
-1199473
-1197398
-8821268
-5680871
2947159
-980015
-4169862
-717246
-7573446
-1214868
-2895944
-6732579
-5288999
-995293
-2778376
741306
133433
-5125663
522809
2950684
57148
-3352463
-2605088
1285060
-5317525
-5069492
-30012
-326361
1274658
2701409
825081
1770133
-5686783
-170850
-7588400
-2191454
-8553702
-4550079
-3184347
2652625
1207105
-206093
-7592584
-492494
-2721153
-4735613
244828
79179
-1045651
-4251448
-1239844
583597
-5095415
-2379431
184853
-1505161
1726771
-6137730
-2950237
-6704400
-8126847
-4763253
-947747
-4119238
-1698421
-1193147
-4112523
-5201758
-931176
-557372
-3293535
-3239118
2755669
-2211867
-2220553
-8064967
-6208068
-7029248
-3477274
-3319948
-129880
678565
-3177551
-3665834
-1587102
-912074
-1298659
-1238036
-4445481
-50134
-2680595
-1692357
-1179732
-6796656
-2660496
-5118040
1063309
-1104817
-814135
-345277
-8585502
-6281679
-3226578
-1613783
-4593155
-3032690
2543044
-3105978
-6620612
-652260
-192454
-3972952
-4833353
-3725504
-4182170
-6913529
-3585640
-4204357
-2221000
976807
-818169
-3004453
-7357233
-965294
-8014779
-483564
-5724203
32029
-2847241
-4296976
-72486
-324574
-3781416
-4856953
-560465
-976678
-534684
-1995431
-3550686
-3936951
1312355
-6986745
-860779
-5305697
-3974075
-7786767
-5048313
-773833
-5678913
-5528468
91
-3087762
-3633994
-417800
-2912270
-8038893
377180
-2340592
-873687
378282
1532391
299438
-3635470
463079
819460
-951201
-3519429
-378213
335026
-6515864
228632
2180827
11305
-2384262
-8116897
3869584
1017697
-3965294
-4023843
-905081
-1941006
145819
-7407515
-1821188
1311885
35826
-3024701
-1624464
184522
-1168140
-2293304
-2057820
2215258
-6777246
-5126760
3438255
2797081
-4792474
-3875159
-1244517
-3948779
-2854970
834308
865538
-8766803
-5534206
-106967
1000601
-6058426
-4194841
-4242147
49525
-1674115
-1782511
-2500848
-4533261
-4231239
3326523
-3073777
-3672443
-4725160
-2196117
-5643518
-691248
4127021
-4532585
-1211427
1758343
-2248916
2028403
948324
198852
732855
96935
-4006165
-743124
-484113
-3229516
-61051
-901425
-2491871
1917263
-3166975
-3105005
-2455071
-371685
-4241287
-7056178
-4111929
789695
-3868813
-1885963
-5794951
2191007
-1255198
-2312888
-2397546
-4121499
-4863708
-360571
-6998365
-3703409
391262
464889
69363
-6845616
-4508926
-4131755
-5466290
-4129831
-1010049
-1535503
1110596
3297133
-3111619
654726
-6086949
-2059181
1258566
-3862968
-3268098
-171777
-4338988
-3584136
-5336357
56939
-1203739
326045
-4748412
-715920
-4519090
-1725436
-2358450
-3520645
387987
-520470
-4359640
-778062
222279
3197382
-2991553
-6767260
-6977667
-4038183
844644
-1890176
-74004
-985016
1836896
-125857
2013291
954147
-1415331
-991139
-582035
-1973
-4551288
807903
-2770183
-4313691
-62239
-4355243
4859852
-2898385
-3685820
-1110458
-8512382
-8097678
-4771267
-1006210
-371744
2553384
-516149
-665171
-1504830
-485542
-5033540
510527
-792827
-9294127
2562975
-947142
-3161600
-2570012
-3631698
-4593451
-7290639
-2879049
-2561715
-3720569
-1225551
-4883797
-8089278
-3373339
3430786
621067
189981
462057
-5580854
-4937079
-146642
-5089898
804137
-2240325
4152813
1250187
-3646060
-5195180
1102809
-3382215
3955207
-1123582
-707955
1729187
-64357
-8651952
-5847996
-1188693
2600602
-1228787
-3261719
-251121
-2831308
157925
-2049608
-3018433
-433431
1506580
-5224628
-4352378
-3801849
-1259921
-8032825
-3335469
3411704
-3497681
-2083853
-8259294
-3374023
589834
-560281
-5597146
-4789729
-3829274
-2392458
-2737148
-5212596
-3761696
-1923623
-7039208
1904076
-5719809
4590697
2869300
-1167786
-9116697
-1847525
-2214032
-1660772
-1178883
1341664
-955090
-2788449
-7467720
-636107
2765681
1023130
-459471
-3120225
-1027568
-3183562
-2332982
821001
-2732283
-3840991
-4429517
-1931920
-737938
-2499822
-245090
-405674
326289
-2941897
-1556775
856388
911383
-4813102
565376
-842718
-3629583
-3420486
239218
-2699853
-390960
-509689
-2197813
322438
-4762242
-5432630
-2344355
-2736662
-6781547
-1878211
-1164416
-5332141
-3629859
1686782
-827535
2740476
-1376561
4006663
-2318228
-9989689
-465503
-1847687
2578867
-2008870
-4626791
-8226118
-4422851
-2697658
-2528025
41512
-4715996
2350803
5144307
-392553
-1131886
-519576
-1022461
-4040322
103309
287553
-7424049
818605
4261374
-2249208
-3077763
-4121028
-6457181
-4356511
-3164299
-2827865
-9189699
-5222759
-2286204
-5528744
-169824
-2489409
3575414
790302
1272492
-2664868
-450595
345964
-809633
-2437286
-1780963
-5662195
383826
-6547902
-3660539
-3489120
-3256088
-1407506
-4025859
-3703750
-3548823
-3118302
-4251944
-7168352
-232541
-525778
-5295428
-9304
-2881379
-4304618
2562267
-4980527
-1756452
476025
-2175359
-1993571
-3093467
-5956966
-2764772
-7785158
-3111332
-9101876
-1293668
-1869546
-2070552
-507239
-4507836
-3122466
-6366885
-485460
-3629290
-6386443
614169
989334
-2813935
-4758381
-3490501
-3591745
-1152186
2211355
-7069113
-3745074
-6116183
2590772
-6843229
-6167471
-7877317
2553151
-4039057
-2049982
354801
-2706896
1021155
2285303
-2039589
-7598526
2545335
-4655217
538466
-3698321
-2270610
-749536
-1125159
2322107
-804191
-4021513
-4099756
-3013881
306326
-4867187
-3088967
3183354
-1810553
-6214372
-1544227
-2711029
-641268
-966397
-5553497
272765
1945337
-5394755
-1823234
-2209362
-2598943
2641858
-3032573
-3183247
-5384370
-5996796
-8222245
-3425738
537587
-6737769
-257968
-817326
-4900414
-3915327
980979
-4939746
-3411165
-677063
-6369832
-3198469
-4507467
-3561904
-2463052
1643904
-6592557
-9216419
-708953
26808
-2846575
3970061
-920586
2098168
-2767204
1337887
-30224
889139
-5082216
-1225115
-3484310
-6650236
-3879096
-2193216
-5040305
3899441
-4394392
-6823350
-3224642
-1133460
-3458442
-7474928
418119
-3728021
-345172
635913
436993
-968758
93456
1642582
763031
-7446867
-954917
-832440
-6017837
914952
-536172
-2530362
-1549546
-502184
-370511
-5630519
-5835138
-4588465
959212
-5245245
-3727662
-2063805
-9212655
-1449080
-4494390
-3841840
-2748362
1121890
369123
-5518552
-3034235
2730908
-2231643
-6945169
-3120921
-3909876
2810251
-2653134
-1015665
1247233
2562078
-2485939
-3260957
-1347638
-7994526
-3396276
-5032338
-1838248
1177387
-4974193
-5297762
-1461516
609252
-5637183
1989843
-5823998
-2345454
-4768532
-4048564
-6437249
-6318838
1262070
-275101
-3605788
-7301723
-7231319
-1530324
-3631720
-2906054
-1107260
-8581053
-911919
-6235607
-2428157
-1096535
1887900
-7130539
-1677436
-1062753
-3630689
-231563
-7441932
1695627
-1969112
-6617581
-2099397
182561
-2726080
-2843096
-5081147
-5048960
-6585946
-6245726
-2867882
-3908177
-1228526
-3809437
-2367772
-3153770
-7978856
-7870858
1435105
972232
1443458
-10075
-2086194
-4485652
-81669
-2118866
-3690065
-4650074
748989
3607726
-2262445
-4286624
-1114690
-3981005
2915441
-1308499
-6129441
-7330439
-5123013
3430143
951709
-7958657
-3613058
-264947
-5176806
-190464
-3159862
-2959476
-1903708
1431310
1615893
-3135231
-6469278
-2953371
-3145033
-7543605
-3853501
-1129312
-2679483
132165
1188688
-4860832
-3135905
-2507244
-4470711
-238845
-5377470
-186851
-482960
-4245778
-7675623
-866593
1179111
1371741
2569282
502920
-3046020
3487911
-210990
-8950566
-3158861
-509393
-130893
939381
-2323838
884121
2203404
1826508
-3066628
3137698
-4566276
-708032
600987
-201562
-7322383
-5524652
-1412110
-5887384
-68612
1931712
978700
2394277
-4916028
-8860723
1143326
125604
2998929
1138093
762586
1187043
933530
-4492533
-716301
-5274298
-1190671
-478083
-4474666
-2686684
236712
894743
48272
-1152777
2040267
-5718846
-7879627
1660303
-5490304
-409646
-3383687
-592188
127157
-527458
839943
-7213796
-4894807
-4317229
-77471
-2701758
-4758023
-3904814
-5333437
-1215500
