3078082
6194722
-5049755
3844378
-9534017
9709
-1095540
-4458609
-3123606
-3165116
-3646636
-439827
1161469
-3038072
-3245304
-4906896
-3502242
-7327050
-5341022
-10894648
1077873
2264334
-8631545
845494
-2387943
-9008089
-4723093
409132
-393512
-1507259
-6360574
-9265153
-1111060
980626
-6282950
-6547790
-1472883
2954926
-11220041
-9001560
-548208
-769479
5614673
-6578536
-7799412
-31642
-1491025
-1284418
2548362
305630
-8163888
-5648433
1550270
6363640
-1249616
-919509
782500
-6200076
-3851265
-9340795
-5451085
5906280
-5180851
-1196906
-10892935
-320216
-807886
4734986
2895147
1557734
5574636
-4493602
1013387
-5572538
3270814
-7924392
-4749952
-1663838
-8112682
-3121655
-8698191
-1002316
-3260850
-8696830
-5716297
2271349
3348224
-135605
-1986956
-3058267
-1345564
-10198957
-10081815
-10119901
-1412098
-8129315
-615518
-9821603
-7670680
-10553152
-10189401
-10998023
-2315526
-6033786
-4689023
-522873
-9029823
2884192
5541266
-2212011
-4288901
2096320
-1708188
7043823
-4864732
-7741691
-524225
-9353083
4042468
-2054415
-3738220
5759584
-6999611
-2835077
109259
-10347932
1621896
-2031821
-3676223
5115047
-5294311
3426269
-7935863
-6154343
-1204961
-1422656
1653199
-787287
-12682694
1943900
919080
-9798037
-8622338
-8100080
-1924485
508686
-5201656
-254723
-3975085
-10672360
-1081050
-2895153
-11748241
-6839190
-4697342
-2168420
-3359302
-10867955
-10008066
-5819030
-1116936
-7811309
-10195322
-9795710
-4211721
-8244535
-625629
-4668565
3075164
-2846784
520392
-5011120
-133360
-4694741
3920899
557550
3097669
-2257917
-4047881
-2424162
-9751964
-5625552
-3126951
-2993234
3273202
-8630582
-296934
1182374
-11687892
-1978973
2817711
4644210
3335782
-8594276
-10015050
-1427067
95803
3963315
4632445
-3563698
4366002
-1334030
-9588715
-8295258
-5535548
-2482829
-1407997
-2799647
815905
-5013320
-2964671
-5883494
1411950
5710303
-3117555
-323827
-3556771
-2436053
-6327741
-308490
2919459
-8640046
-4844904
1641272
121815
-5300317
-15799
-2574227
-6201925
-5442361
-3645926
-1788040
2613148
-4450669
-2652147
-4136707
-6640629
-42836
43288
-1559502
-6731953
-12316236
2366524
-8677626
34711
1077972
-4755249
-5652611
-413347
1256895
1151247
-10254216
-8369700
-10702591
-7599117
-7790658
-414101
-5617955
-5006595
-1106158
398032
-4028691
-796511
583851
1863303
-1484007
-281758
-3296161
-3655410
-8032846
-83877
-10046441
-1364520
851646
-6785444
-9172369
-7999815
-6139518
426961
-6911249
-1473973
-3673177
-5788075
-836246
-5410899
-4405132
-2890208
4600570
4444712
-3447074
2293563
-6187067
2231800
3010815
-9264423
-7674896
1519556
-5642426
4504347
-9297757
-557815
-831828
4199552
-144487
2043970
808655
-6159790
2242353
-5729632
1481180
-1315415
-1411023
-8885075
-4659797
-9668894
-2053822
-1707133
-9224148
1481114
-3385941
-1353539
-6321645
4586458
-85096
-5445509
-6165214
-987237
-9394569
-2032572
-3676407
-185956
-9548026
109947
-3455167
-1180211
-4765490
-6435121
-2839885
-2961958
-10548494
-171260
-5716091
-6755715
-5319420
1036532
262229
-1521031
3170447
-7564942
-8092298
-318418
354266
508851
-5072875
-7301291
-2221748
4267142
-5069348
-9321971
-9113757
-9923478
-819933
-1722308
-8190460
-4548510
1994577
2802449
-4992137
-7227962
662231
-8265370
-121395
-1287369
-276032
2186911
-3122906
-10109744
-58565
853537
-2113100
1910507
-1797992
404473
4715209
-9506088
-8520031
5044103
-1550646
-820235
-1629887
5237879
-4147637
-189545
-4067066
-3038300
-10496163
562771
-2276217
-4584500
-9887295
-5854050
-670055
-5761773
-8301587
952119
-3308387
7110530
-5214289
613180
-4452183
-9533327
-2963893
-5209025
3324598
-2730096
-4841558
-8516239
3810865
-7866699
-3120361
-4042893
-9350144
49266
-4878987
4398642
-3248071
1740502
-7490241
-389240
-5884818
4628844
-1489250
2596412
2811988
6151582
-8714258
-8174430
4005773
4217791
-7587460
-11676917
-3046239
697682
-1139225
-11933492
-1640453
-11070534
-218144
-434233
-7369378
4728
-7110493
1685756
2230346
-8650196
3658448
-1152646
1849729
-6208687
-3097216
6792710
-9476979
-3463691
-8759009
-9050085
-88691
-7845453
-3184805
-642390
-2303534
-8648238
-4384160
-6965115
-7217961
68958
-555960
458764
4877931
-2719720
-2697635
-5335636
-9504008
-734318
-7481496
-2859672
121410
-5852966
7036533
-3725494
2710176
5667351
-8918168
-3948744
-4034734
-4727887
-3538871
-9779620
-5962136
-1022374
5218043
728822
-2335711
4805959
3278
-3039995
688745
-1974341
-9652682
-4881633
1598523
-2066838
-9776811
-3475016
1261924
-10996890
-7566425
1278014
-4085088
523770
511310
1331458
-3413034
-4406541
-4456791
-6587053
-8086839
-4961542
-10351375
3283759
-3886595
3701136
-4856724
1704107
-966429
-4712397
2750147
2591494
3016658
184289
-1940441
2106974
631509
-1503941
2837710
-3682358
1665482
-4764144
4284715
2223836
-10514420
-946873
-894080
-358823
-5876507
-4574844
-2290782
-6485332
-1543308
-1584650
-7809820
-7424057
-3829205
1586556
-5712590
-5623340
-11883590
-7337084
-11087791
-10048232
4826625
4155690
-831748
-9895785
-7833662
-11749024
-2974575
-3431512
-10587068
-7684982
-1811869
-5810954
-10240318
1180759
-790866
-2650134
-1877723
922423
727702
-11125078
453801
-3734134
-2795075
2727190
-9660703
-3653887
5994817
-1488480
-1139428
-2883348
-5555976
-7993894
-8062460
-531290
505348
-9026612
-2360394
946875
-2654474
1143257
4512004
-3924528
-4511503
-1542919
-8158050
-4479770
347257
1853003
-8435651
-3301835
-5184389
-3620600
4214849
-957701
-3153693
-5120297
-6263277
3150666
-5914140
-7783989
-6468002
-2608038
-8596201
-1232021
-6720025
-835683
2767564
-11796352
-3424328
747371
2277235
227469
185579
-7727733
-5393732
3649333
-2187844
1666990
-4605768
-361834
-354140
-9758878
-3753584
-5143133
-8213428
-9147722
-8164715
906782
-889201
4691121
-10470750
3993258
-11003197
2781148
-1502472
-1796305
-884759
-4692035
3713902
-4748044
-2043731
-1834924
-2501083
1900140
-724499
-1075172
5772979
-4716996
-5504537
5001441
-4093626
-2623399
583678
-9421718
-6747132
1110692
-9224003
363036
-9592700
1140450
-9128141
-4024399
4263167
-1523142
-12549260
-7730917
-3838057
-5521211
-927207
4600603
-1391884
-10172149
-6500324
-3799337
-5146727
-2268610
-6971096
-10544423
-6349595
-7965413
2545778
5652649
-2132302
-875729
-10758104
-2889644
-1662733
2524562
1599403
-6083037
3465343
-3401192
-5583597
-763558
-5912846
620075
-1155011
-3610350
-2873332
-896373
-8414117
2091165
5498021
-1162989
-3439358
-5611125
2204503
-9170902
-4840545
708483
-2795904
-8794976
-4105723
-8090407
2166539
-1677146
-2512376
493882
-2259632
-4011110
-3408837
-1243815
-4812975
-6758664
-1448648
-5436310
-9010973
-10720465
-515347
-6187928
1129734
1168200
-3475563
-674143
278064
-5439022
336771
-4623799
-5378202
-4341130
404077
-10392860
-1410361
-8317051
-6902949
59128
-437952
-4829190
6035046
-198146
-283431
-3321616
1552519
2653360
-2408759
-6717731
2210363
-938438
-4749467
-1575632
1727797
-8147987
-10401050
-1663999
-2355496
-6347558
-4608139
1230295
-5745566
-8983220
-5008927
2453275
-10572888
-1842711
-4579697
2833981
-2483465
-660483
-11342083
-3534107
-3535078
-3400691
2042569
602932
-9631653
-445405
-4579619
-4513124
-1517629
-8599379
-8120666
68528
1555426
-9888915
-887014
-4718440
5033624
-5742435
111734
2927117
-4541568
-2463369
-8494478
2225594
609164
-4151719
988428
-8680847
-1808878
-6521489
-4162756
845620
179097
3659059
-7200511
-5927704
-2393730
-4296774
-4565651
-7191100
-1378796
-281929
-2328838
708835
-1450175
556722
-9692130
-4336705
1411007
2421680
-10388385
-8587191
-8673076
-281181
-3916111
-4055689
-8306185
-6027560
5990768
6630652
-371845
-6148764
-3850581
-9249367
-7802548
-5706606
-3914741
-1907342
642841
-6619636
-7550010
-10118410
5578248
-9283665
-839243
2491892
-13138
2780257
-2810700
-10533700
557258
4008140
-533550
-5567839
1412963
-3281481
-4492204
-8735429
-8192993
-10228559
-3778195
368394
-3170040
-3050222
-7444417
6336954
-1204890
-4314675
672341
4980430
-1982531
-1325626
-1732125
984709
-3161330
520897
-8858320
-12183788
-5088551
-3580015
-5163374
-1649137
794115
-6135786
-10104277
865489
98136
-7945229
-1843973
-1343446
-6170122
-8277087
-5980692
-9675358
-4580726
-5153736
4056312
-437128
-9758174
-7108177
-4968023
-602764
-449815
-5942744
1902417
-9306903
342722
71417
-321997
-6875053
-1566424
-5421455
-10409408
4323505
-7008226
1191874
-6162992
1260225
-2125092
2898392
-5920291
2527087
-9741461
-4486437
-1623439
-6067786
-5331758
-891440
4410426
2927842
-5855364
2165301
4180727
-2815365
-6499178
-515352
-5845371
-5041847
-5141130
-4661432
-11799083
-2184873
2476432
-9783596
-10426186
192430
-2344906
-6138586
-1150080
-8162295
-6642873
-8710455
-7578590
6338864
-3430715
-348418
-3114868
-8407906
-943385
-32084
-4169228
-3673671
5866453
2387791
1529396
-4993518
-1387715
-1344580
-692214
-10319895
-3855613
1694457
1646465
-335777
-3373457
-166985
-3902806
843086
-2959866
-6559507
-742786
-3973144
688186
437034
-1461461
986815
1210551
400804
1460475
-1819401
-4824878
-4676464
-8015886
-7151913
865646
-4571075
-5416830
-1381641
1190088
1594278
-3529482
-8896688
-1452382
-119419
1992263
-899013
4272376
3378947
-10673946
-822765
-7436962
697545
-2302215
-1562181
-6382059
-563922
-4436797
-3470233
6077797
-5618768
-1807461
-3171093
-4162096
-2674981
-10101076
-1828194
-938892
1371430
-2201269
167818
-5753430
-842412
-440355
341411
-1587723
-2054406
-305034
-8901089
-10057138
2283487
2663594
-496539
-5340341
6226994
-8980618
-9515897
948976
-903639
-1758239
-977582
-6132890
-7537857
-4796321
-9764481
190095
575744
-5014361
-4324129
38702
-3725972
-1054858
24743
2681867
1167904
1186965
-3964997
-5886774
-8783651
6919868
-64281
-10053893
237153
1619458
-1098767
-10510380
3812599
-6758540
-8919012
1023183
-2913497
-5222609
-1524657
-270333
2633712
2570866
-4567482
-7242077
-6108649
-5610061
422608
-7546008
-2573454
641011
2518741
-898154
2262386
-3241353
2954075
-5034614
-3223821
-6253435
-5955240
-8330056
-4718748
-438457
-10026876
-506874
-947214
-8988035
-4591847
-5847229
187144
147121
-101138
821472
-2194897
-2434127
-8079452
-825877
-8261982
-2213734
-3553134
1054919
-6583913
-5067880
86423
-1029737
-3001238
826990
594723
-6417744
-4202055
6601377
-390296
-354724
-8990339
-2674721
-7916346
-2543199
6673883
-10154460
-168377
-8554797
762676
-5630110
985625
-6197114
194550
-10830669
-571595
-4610972
-5818360
-7420046
5275998
-5603800
-2877847
-5371610
-2665311
-963014
-4702054
2274301
380526
-9351777
-9201634
-4433899
-4360953
-8343456
554089
2373027
-253724
-1867676
-1158013
2624138
-1425102
-9559441
-8559195
4636658
-3450238
-5352553
-2103599
-950939
-622936
1523258
-840128
-540519
-2693235
-9672438
-4632028
1685444
5259389
-392351
-382877
-8224568
424331
-3784619
8115165
3251825
-4961749
-186072
-6865998
-4935896
-2150870
-2641448
-9899254
-843121
993401
-10715771
715665
-8121451
3404457
-1423582
-212528
-1544906
-7992679
-9427834
-3171862
-1377423
-4011165
-2123599
-7859636
468307
-4107622
-9548966
-747919
35788
-7448159
3633810
-203346
-4925331
-5201404
-9314587
-1028748
-6829339
-9250684
-4741407
-216045
1542982
-1056094
-8499286
525320
-7244725
5376810
-1352165
-251030
-3436115
-1042039
-10239912
-3095452
-8874550
4197568
-7438739
2811915
-4751830
-8279047
-6687171
573064
4039943
-3095569
1987604
-9432357
-8629885
-2781513
-1460609
-1076175
-3477341
-8480621
655075
-3368864
-4293438
-866541
-1543405
-5609123
-1353193
-1957744
-32364
-9689617
1365347
-4923856
3051763
-8324965
-147366
-3728427
-5644927
2010825
-378089
-6184398
4957228
2567008
-698082
-6611431
-2165364
-8264675
510401
-1600859
-3506778
-410162
6739939
-7210984
-7861514
-4259760
-6158951
459445
-1680463
-11663267
-252342
-6689265
-8360032
-8850580
3312325
-7364608
-5770776
2832111
-4074641
-2673540
-9937555
-9302456
-7777841
2378142
-4433139
-8078492
-6008021
1029300
-5068870
3850825
-7858707
4585087
2013903
-7751439
-295348
-1493931
-2670474
-4112242
-6723170
-5443266
-5065768
-8700780
-5635549
-11021618
-517457
-9615814
1177548
-8698783
-7567364
2554501
750210
-4731695
-3443691
-3712069
-1205175
-9795809
740052
2398095
-1167278
-1341386
-9117421
-8764364
-4277652
-2329616
-5745672
7082758
-6148298
-1626517
-2480504
2239278
-5491332
-1675991
-3755296
2308953
3240096
-2729665
1881262
-2857110
-202060
5545418
-8625063
-2633786
-10735581
-4103706
-4759747
-5989207
-8828745
237494
-6753729
3794882
274959
-1253368
597038
-3531794
-4440897
-2074969
-7009998
-1524908
-2518874
-2833128
-2464540
-8064249
-6164108
-94120
-6572363
-2848344
583900
661544
-3548208
-4122455
2397073
-3657388
1909051
-5402961
-3274391
-3453962
525696
-9698596
-1166581
3781759
-7178510
-8892848
-1067311
284506
-4346605
4014249
-7773996
-7844733
-8759102
-5839756
-5430033
-1276459
-6961369
-6518658
-6113510
-12013905
-3919541
-3641624
1817670
-4984919
316435
-5331888
-2444396
-2227851
-109339
-2411462
2439841
-7395911
1538938
-26594
-2503116
-626528
5680581
88048
-7274157
-10462243
1305051
-1335150
2204780
-9377135
-11135676
2355514
-4876620
-6906142
-6843249
-4051186
938739
3493290
-8545490
-10831522
-9420968
-4288329
2206439
-1816567
-8742817
-9485055
-2123122
-1504677
-3352711
-1723469
-794934
-3125768
-5163021
-1679366
-438167
1852666
-7391349
-8345222
-5566090
-9365044
-1930905
-8238181
-4435521
-9778817
-10263660
-4069846
766704
-973403
-6806370
-10149981
-7509909
-3651687
-1142989
-5804534
145310
-9553612
5481431
-5308231
-4706265
-5792594
-7798042
384625
-11095617
-3372809
-3364744
-11794259
-775042
-4057789
387623
-4805251
67183
-4826895
2395871
3523225
-5528819
-4785816
-8100343
-9846706
-2346660
-9051599
-3879363
-7302732
-651621
-2789915
-611882
-9061059
-4787280
-6066142
3870632
3938154
-1259484
-7842221
-4249729
1302682
759987
1661782
-11921281
-1625186
-10098892
-3844105
-3289880
-3406127
-3374270
-5115490
-4782645
-10054098
-354876
1140054
5099682
-3909538
-10581930
-5480357
1338935
-10387925
-677366
3433957
-11373021
-5006018
801236
-4437663
-5643118
-7993675
-8600966
-3940937
7074294
1192984
-4562913
-5640615
-7371111
-4703730
-2352708
5621320
-1863486
-10182437
-1000241
-3083291
-4984323
-10541815
-3489950
-7934223
-8378186
-4613255
-5556361
-6159578
-6158944
-7180265
-10157840
-4407197
-4128930
3233398
-2742897
5889435
-8838461
1674424
-4886106
2752536
3062651
-997426
1574176
-1125425
-5498260
-7306708
-8131517
-11020676
-10831873
-6017654
-8509817
-6543642
-2430102
1993703
-789358
865243
143333
80803
-879164
-7592932
-8584150
-10897675
53818
-10023318
-896725
-3433438
3532483
-6756333
-1444887
-843942
-4662602
-2801714
477404
-5249942
-1488184
-7167961
-6245430
-3891432
-391548
-6693867
-2136374
-5087845
2064189
-7807437
-2619354
4772812
336545
-10247356
-5052762
-9693690
2707468
3073779
-2874668
-8327670
-10451984
-6822286
2281490
3454414
6585865
-846113
-4890140
-1770824
-4697130
5853686
-3987743
470815
-9890669
1627465
-9165838
-8590248
-5336298
1303154
-5335879
-6173989
-97149
-4460137
-1352454
-2579992
-2917732
-6824199
-1811639
-5558437
1091294
-3127138
-6061572
-2400261
-5784330
-2140535
3836306
151735
1260003
-6306241
-9379085
-346339
-2380832
-4472689
-6479411
-9166937
-3048866
263688
-3821135
-2973518
40727
-461695
-9828177
-4487716
-6407263
-2494298
-1064089
-5878897
-8979925
-2918351
-9195648
-7569304
-1103165
-5540814
-2417261
4368417
-108774
1793675
618122
-7497711
-4243230
-2500245
1595168
-3711494
-5159885
-620441
-7952770
-4541938
-622177
3997246
-8146343
-8978147
711118
-6703060
-294498
-3174290
6206250
-3329454
-5419962
-10103236
-3305431
1452130
576841
132741
-4550295
-312564
3815458
-1232968
-3253811
1321840
-9365486
-297814
4709546
-2698947
-291543
-1684509
-7351967
-6051146
-754270
-2941459
-4355736
-2014339
-9998209
-3513773
2451057
-7967306
-7611803
-2838336
-3220420
-6189623
486762
1692027
-4574509
5575865
-9515871
6701398
-2338372
-9264317
-5300158
-5955285
2351552
4263250
-2639945
-609938
-5024431
-733374
-1304217
2911963
-1210584
-4712570
-4113407
4645872
-8580516
-2035794
-10801716
-4483126
-9451248
-5712050
-1504217
-5536141
-7552833
3296626
-6142564
-9438400
124436
-10174925
-10346082
-8350757
-11076846
-5158105
-8911650
4056883
-8730697
-5049489
2645367
-4327008
-673206
-890874
102660
1350669
1184192
-9779117
-3676539
424099
3564864
-6901842
-7051989
-10338683
-5512653
-3391714
2093362
-9668019
-9226124
765562
-3753215
-10017466
-8819624
-9717971
-583741
-5071515
-10517183
-235507
-8627328
-12208360
-436627
-5142682
-9572508
1775323
-3914770
-2556387
-3546670
958148
-731404
273059
1204985
-442767
-9010164
-8904233
-657032
540362
-10032502
-4294771
-10185181
-1009179
-2934119
-135130
-5082731
-5979301
4211817
-3772829
414484
-680554
-8363523
-1019340
256439
756469
-5064627
-1955402
492224
-387963
617785
-8937686
-2722676
1547881
-4090592
4385637
-9279286
-7749559
-9471421
-3249385
-5634499
-4277527
-6241068
-3107823
148306
-7656241
-632273
6105431
-4294701
-2186867
-2924106
-7028848
-10890252
-552951
-11732101
-7858372
-3821123
3304144
-10263922
-204408
5446575
-6100938
-1850835
-6921704
-9832535
-4729942
-1629398
-2047683
2312122
-5049533
611367
3317023
-5916327
6484196
937832
-2985355
1063449
-3336754
-10243346
-927046
484422
-3924456
233295
6798930
-3700957
-3531704
-6756086
-808733
-9446850
-1254336
-133461
1571111
92307
-7118088
-7685622
1574036
5249050
-7303735
-3652247
-4152959
5495735
1139608
-512821
-901097
-8828857
-7575525
-499161
-2799375
-8694427
4326689
-1514675
-4699003
-6808549
218833
-5003234
2843056
-830169
-3495797
-9515275
-4642425
6975415
-4421588
1760951
-3086974
-5859102
3323061
-1121599
231232
-4198015
110098
-1512507
-4081983
-1182328
-1977353
-9480169
-2352826
-9026413
-116016
-9076660
-1918506
-6089972
-315722
-7337323
-8024167
-9542882
-9986902
-1594963
2722379
-2726939
1910371
-8218569
1516351
446173
-9381842
2309466
2623435
1788495
-1061035
893397
-991656
-7244481
-9091957
-1482089
-11335611
-9761839
-4419197
-1547703
-7721540
-6943412
-1328651
-4047708
546854
-6067464
-5236588
21363
-6990998
-1832302
-7263812
-8770403
-663939
-2313376
-2231231
-4301803
-3675969
-5724282
-4605862
-8081937
-7315141
-3366217
4536039
-264810
-3718974
1796143
4289046
-7326369
-11026356
-4934131
-9282381
-3953307
1868908
-4548096
-2166350
-8922353
-915707
1632354
-5526628
-9641972
-5954077
-9381274
-1458396
373589
-894229
-5214462
-588350
-7706201
-2923795
383341
-10968015
-2273067
-4646532
-10040473
-11425484
2143019
-4800508
-9390011
-8074150
-2252239
-8209167
-3291094
-7709740
-8071695
-5447716
-11265192
-7399239
3188240
-1932091
-5670689
-4910722
-1631322
-6728179
-3992174
-8351373
-2492179
-7245358
-7077803
178551
4035763
-2715986
-4202227
4396066
-370193
-4495807
-7210586
-2315101
-4691402
-8098458
-5516609
3452567
434380
-8370063
-9036397
-4692391
-7300528
1072632
-266515
-2897151
-3702490
-9225996
344194
1475770
4302876
-265004
-1976602
-7687569
5979042
-9961310
2257569
-4697828
-762401
-108558
-7212425
-3533323
-8983194
-4169406
-1719776
-4254196
-5636707
-3678848
-3907935
-9690135
1534963
783169
-2091261
4190967
-801967
-5958955
-9813888
-2312031
-3078090
-6082071
-4511083
-6826817
-9254994
800071
-9619343
-4942389
-7721250
-8709679
-5851595
-1666579
4171691
-10630243
-5869354
-2932350
-3693620
7319027
-2754932
-4710085
-715808
-5473597
-11096065
2727519
-5020303
-3911442
-5765560
-2862599
-4482161
-8865014
-7865254
-4105062
-4783432
-8472527
-7586229
-9199351
-6753710
-2101189
-6929452
-3618264
-5974834
-5014041
-6421763
-7176360
115501
-3432725
-8575985
-2135475
-5586174
-5092251
-8414046
1135803
-1540404
6599534
-846309
-5643103
-508903
-4847645
-3733708
5018037
-1303820
-3344507
-3224389
3873136
2439502
136768
-1219185
-2062948
-6710038
2321414
-4577590
-6251855
258384
1096243
-9477547
7088780
-3644395
-7399963
-4856777
1630068
-4706127
3344174
-8640017
-904820
-6703172
-3901920
1980416
-4760988
-952405
-1947669
-3105052
-6401
-4450890
-706072
-499243
-9756204
-587088
-2335482
-6870076
179956
4413127
-2697181
-1269707
-8540337
-7663023
-7056371
-3343786
-6448839
-2200680
-653954
1108818
-1506387
-7186781
-7518537
598822
-1088036
-260968
-3947750
-3173074
-5149694
-4692843
-7735834
-4434788
-1115161
-1243168
413163
1410219
-8226597
-3405456
2433059
-6873207
679655
-966902
3243099
-12193653
-7596570
-2134252
-9240417
-1951006
-5684337
-3891931
-5234843
-3193603
-2381297
2250806
1467190
-6864877
3378875
-2335331
4368398
454306
178987
-9738523
-8829878
-7947906
-2206630
-4874887
-9060152
-3969743
-720557
-8574411
-7397761
-854180
-4957463
-2463562
-1967739
-5897449
-2157010
95013
1447849
-3560508
-586014
149723
-7836609
-10985957
-4307910
2383231
-5052522
-891367
-10183962
-10240656
853779
2071564
-8935802
-93112
466109
-1929614
-1287342
-913317
-7202183
-5954802
-6055067
-11500536
-4811767
-9112860
6447964
-7757019
-7638227
-3091707
6100603
-6096158
-8411534
-3813046
-8765719
2399390
-459178
-1546991
5722696
-10454023
307513
-4878488
-4848450
-1021411
-12422854
-1028321
-3576441
2237974
-10318824
-5575004
-3550017
-1785371
-9997220
-3507473
-2760204
-1171616
-4140356
-1946
4004513
-4233845
-10521448
2124755
-3523270
-6075306
-1912066
-809951
-9192535
4340082
-2657077
514803
-7444105
-2729348
2229288
-3241719
-9629915
-6115610
1386095
-1502819
-10416098
5361393
-5546281
-3366652
-1710244
-4077937
-7968776
-185163
6361161
-3823970
275473
-2133297
-6785707
-1789859
-1452404
-10989495
-2434834
-8606073
-6754086
1030763
-8135938
-65382
-144894
-5165132
-9295344
2613921
-3287287
-1063722
-5553439
-390059
-5338126
-7940745
-868760
-2257490
1888367
-9134722
-6432826
1878496
-4086973
-2157209
-2724393
-333243
-877563
-4337649
-1707772
-371934
-693322
-3288648
-5905752
-4352986
-8605538
-7959643
5582435
-848381
-3820658
-6762866
-8108271
-2111756
2777020
2683834
-1316139
-379367
4112156
-4968001
820791
1344017
-9027288
-1429704
-315145
-5975139
-7215284
-4515137
-5354965
-9245179
-2005139
-5615642
2481992
-4493303
114461
-3021730
3495869
102568
3850437
-5127039
2569563
-1228050
5084715
-1646373
-4903896
-112047
-9749234
480489
-7802452
4010254
-5622823
-42033
-1759483
-5201284
621686
-2409250
-6338674
-8792916
-173781
-5342042
476370
-10985289
-9682757
5861007
-4990449
-9078001
733376
2432368
-6157234
3235912
6983571
3474866
-7159776
-749356
-243348
-5475955
-2385004
56082
-11011997
-6567115
1048876
4047876
-9841461
-630360
4947416
977061
825712
278353
-8115451
-2063692
-1737823
177020
-1201590
-7425478
-9912991
-4028712
826174
1800109
-1585214
826472
-416983
-6121768
3126581
-3039393
6461269
-1051221
-4245991
5625999
-299404
-53839
4509403
-6837680
-11486239
2126181
-5597050
-1110645
-9333760
-7039791
-1151134
25036
-5768374
-9480871
-9738038
-3106445
1222933
-3645897
1789023
1510230
-5006115
-6405383
242343
796064
2887491
1779231
-10898057
150384
-7122258
-3878386
-8016365
-584587
-1710640
-9310084
-3979623
-8236120
-2767806
-3700641
-1856884
-2830936
-4142510
1896376
-7230138
-1574465
-4744139
-2341256
4810428
-1940781
1925459
-811155
-5409865
583483
4208882
532851
3710746
-4112769
1408987
-4754978
-1183661
3804518
-10431650
7435839
-3302001
-96428
-5575884
-8199551
-5688385
-3648093
49450
-7197533
590219
2694475
-10351129
-2195569
-2390886
-10370998
2715217
-6082348
3957379
-1828544
-4243664
-1621575
-10022558
-10201241
483544
1364198
1396283
-4590279
-6187800
-900537
-7130219
3556453
-1493119
-4502081
-5186292
-7821864
181941
-101731
-5988301
-2143267
-6312910
-3190394
-4767395
-11084403
-11185695
-830715
4420754
-2892523
-12020408
-4437685
-3708975
-2861749
3588709
-8587288
-1646669
-7017568
6388351
2926164
-1751139
-8487971
-6629280
-8938922
-465175
-7812515
5355339
-9123296
-1789772
-1456692
-1031565
-178786
2087700
-3485843
-9112423
4051384
86656
674215
2691546
-1486630
443840
6591446
-10035997
-6423747
-11010949
775202
-618802
-5663669
-7143912
7133227
-1281503
375774
-7241677
-7722071
-1265157
15499
-4213166
3015340
-2745765
-5634404
-9157238
-4149200
-2470848
1901638
-8075621
-3820472
-4882229
-1936666
2177551
-3025525
-6873176
-823451
-7300210
-4711131
-4269868
-4767979
-7167161
-10321973
-10596970
-3324596
-5521698
3347789
-7355951
-755524
-2184402
-2313640
2332255
-1907826
407155
-8248532
-4977632
-5420886
-9940645
-3799296
219581
-435000
5316402
-7211153
-3720957
-383920
-6882638
2561295
5878903
-248265
-2520478
-80173
-8260822
-4100509
-5333903
1194130
301183
-6695131
-6702984
-8308779
-7957267
-10359963
-2997516
-1551810
-2900520
-4980837
-5310496
2643094
-7404156
-9688585
4379448
4395619
-10317488
-3097206
-8348504
-1475611
-6986338
-3378589
-3713473
-4125976
-129216
5096576
-6668537
1477566
-4084440
-10211839
272172
-500319
-5233937
-8303433
-2641512
2461070
4930156
-581239
-4703647
-20402
6703815
-4132799
3706943
-11355813
-6784687
1121437
-268863
-6151402
-10222076
-1225438
1053900
-5055204
-392298
2961048
-4692069
-3645572
-10831863
-1162916
3857256
-4403136
485421
-5522910
-4602349
-2360762
106497
-2997512
-1121570
5505152
-9517277
-8323319
-10058872
2302206
7029870
-2604784
5809630
-1027360
-8264302
-5575072
-1544059
-3359241
-3339078
-9272462
-3680354
-728314
-4406074
-1179022
-2711414
-6254043
-6928382
-6203917
4702085
-10867383
-10257153
476884
3198642
7540212
623238
-4594387
5450275
-4630032
-1838155
-10730491
-5596932
-572261
-7950371
-1750291
-8918915
-957976
4943698
2877019
-199212
-2643994
-7624408
3778677
-1398639
-1428958
-5628507
3025221
5076532
-5327883
-7774978
-9090689
-6483660
-3626840
-4946530
-77143
-3785983
-3853406
-6081492
-10231141
-4177399
-1374444
-11423
-649644
1419620
396585
-6976227
-1396320
-7852424
-10646913
-3403752
-5808952
-3956933
-7931200
140040
-1008183
827870
173878
1400123
-6270069
-5062991
5735490
354138
3817965
-1611822
-767533
2864702
-6786868
-10548165
-2104624
-1617219
-8931344
-3356438
-2540096
686305
5544409
-4809723
674194
-9546733
-10461457
-2090922
-7440591
226051
-11201152
-11057841
-1966050
-894883
-7097444
437884
-5846725
-5013155
-11564909
-4104693
2972496
1044653
-1199726
-4270280
821991
2340830
-8230938
-4005634
-4403948
-7907673
-280707
-3708246
-3246794
-2320462
806453
-2855040
-1025449
-7787565
-9026933
-3798382
-9690688
4415896
1584810
-3607212
-1852518
1009023
426375
-12549943
-1455104
-7211299
-3750238
-1728657
-4321822
2933280
-530525
-4921067
1207862
3817380
-2494165
-11512923
-2398543
-7215177
-336904
-11149323
4746224
-6316266
-798512
-1108000
1056201
-262663
-1307290
2003856
848835
-7828097
-2545374
-9905063
1105512
-127014
-7674336
-8098326
1162526
1428158
1353305
81468
-11849006
-818664
3485729
2023769
2407299
-2003340
-3964322
-7945646
-1460209
-10394659
-2737026
-8470959
2130719
-4286330
1467614
-5891921
-3420988
395648
-7910754
5565149
1077623
191362
223735
-3498677
1098111
4605511
-4466545
2345713
-5592679
-4198217
6228763
1860014
944716
-2416885
-8585552
-4995244
407282
-7229756
-155619
1300222
-5895763
1741224
-1161731
-4691178
-1218168
-2229858
-328524
5631055
-80360
-8092974
6082847
-9856648
-10584139
-8084178
-8537171
-3213490
-79014
-8653176
999966
-9133737
600845
-8055338
1250772
-90173
-1766876
-330063
-9443881
-2599290
-5530156
-9436136
-9657843
1696759
-8845452
5948473
-9966964
1116438
-3429275
-10230123
-4338056
2343319
-3208821
-1274667
-9337472
-269907
-7891647
251378
-702284
-6375729
1273165
-694442
-3159158
-8128939
-1912231
2388130
-7275716
-2475893
352738
-1712109
-3149662
-7105210
602925
2303498
-5360987
-1796395
2841190
-7869181
-2795801
-8238246
-409596
-4356907
-12510414
461249
-5829078
-234143
-9009341
-876487
3836491
319825
-3158843
-6038098
-10295130
-3783043
2721379
3571657
-9746585
1297608
-9609142
-2087210
-5192381
-6571154
-9744009
-25859
148683
-5810574
-9129234
5072966
2933066
4615545
325654
-9190209
5950778
-5684924
-4728285
-4285288
-4625642
-7062778
-2325174
-1505748
-2208687
-8715843
-688084
-786423
-2302642
1226281
-4336502
-8982433
-4456071
-1279373
-2799607
1485170
-7362002
1347498
-3169791
-5880400
-2175627
-7152354
-6768120
1296808
-5833776
3958608
-5207336
-4404689
-8850424
-1708993
-7155573
2010603
-9308315
-11643134
580114
-305156
5658474
-7320847
2004628
1316984
-9120234
-8930157
-5090815
-9189357
-9406303
617827
-2930836
-1087137
-4113047
-8724706
2382975
-4919201
-10978899
-9422136
-5277397
-801341
-1758514
2592222
-2973335
371077
-7440067
3200988
-3992516
-3988423
-3620571
-5043558
-6114304
-4674219
-10141765
51831
-7982044
-3606163
-8469217
-2540519
-726070
-4802258
1068279
5542264
-6233150
-3725801
-1183256
-2092552
-8821408
-5136180
-2773903
5736088
6649854
-2363094
-11876532
251162
1066591
-552259
-1909098
-7367943
-4842334
-5743672
-341033
-7833908
-250569
-4257912
-9381108
-11191415
-5860722
-6702915
-6140731
-6779520
-4547042
-8421997
3379626
-3789011
-5693408
349198
-7519930
262460
-171263
-8393137
-8213542
-8916224
-1292118
-9702387
-5476245
-7853121
-2011809
-7497954
-838190
-7720028
-1289052
-7711692
-9808228
-8083298
-277570
1792404
-10995069
-371453
-1329679
-2561705
-4989583
-9613315
-918391
6174101
-5394788
1707418
-4184694
-5749051
-5843351
-8533875
-9702701
-10014031
1386141
-7881015
1544071
-2858022
-2983468
-668779
-4636783
56399
-2390474
1585794
918953
-8710254
-7207565
5465484
-8541020
2024596
-8838870
-5183040
697918
2208836
4949861
-6449466
-1521801
-11120988
-5368866
-10661674
-3743555
-2373550
711447
-1053739
-7378928
-1760050
-3204931
-9342411
-2994344
-8750190
-4975263
-3529060
-9182649
1340911
-1652533
-3838821
2163215
3188153
-7798507
-8487142
-2161744
1527625
-4147596
290845
-5868854
2856410
-99336
-2164643
1031569
-4729254
2110403
-3520409
582853
-6312464
-2670429
-4928447
-841955
-354699
1899908
142878
-10372532
-1200541
6670184
-6914820
-2324267
-1311621
-2441277
-5330721
-3867896
-7581359
-5733339
-6804863
-10829788
695347
-3376977
-7701697
-1619343
-7875355
-9648603
-2926531
-1358535
3882827
5673609
-1489918
-9815549
2889708
-287526
-6534784
-2230678
1919196
-1120783
-5135446
-1630927
-5307756
1964674
1439535
552710
6171114
1868711
2987391
-5801955
-378408
-6246900
-2656697
-4537898
-3909757
-4231132
5282975
4631463
-1914489
3084863
-3069143
133753
-2179356
-3689524
-7079442
1410272
3235107
-8104873
707798
-2889270
-9038110
-9760328
3853193
-604886
771882
-7395859
1848555
-5834014
-2061552
-6101546
5398499
1973846
-9049776
-596087
-2171890
4282302
2116149
-8284528
-2930102
442290
-8350567
-2757340
6531818
-10146919
-3373744
-9170008
-745755
-5867597
-297128
-624440
-4440094
-6129852
5404975
-3083539
-9956988
2423005
703805
-6057922
-5781701
-6446998
-1571225
6017681
-693649
-1950515
-248843
-3773041
1806695
-2920263
4232734
1850138
6101884
-1778113
-2748123
-3436106
-3159783
-1470835
-5053451
-10365834
-10436927
1745649
-4651484
-7246690
-8634626
-1891524
-342580
499206
-2428610
-2682726
-1562863
-5849334
-4235237
1477837
2949730
-4969591
-5982713
-3533872
-7613834
-7865311
-6890607
-880703
763151
-7267538
-1059246
-8718710
-7227280
-9802730
-2291507
-3447322
-9803448
-2096995
-2124118
-353670
1006578
-824326
486348
-445999
-7515755
-407915
-5930525
-1838417
-8979843
-4700246
-4548132
-2568731
-1791499
-8558110
3517844
-7126428
-2538661
2914901
-3292950
523440
-658284
126618
-6240862
-7299187
-3607068
2893744
3596145
-5350941
-1270907
-1141884
-7909919
5999161
-8882906
-9810190
-133665
-1754263
-9423803
-10362842
-1845293
4499236
-7204663
-3899149
-1409530
1629180
-8049040
-4100451
-4548641
502752
575978
306131
-8985001
-4556764
-8954431
-9168859
4920129
-2827734
-9167201
1483407
-1505676
4140836
-4860690
2055047
-1347154
10300
-1116762
-5721942
-4740900
5017326
-5886167
-9196349
-9492590
2009720
-9059705
574925
-5110928
247501
-4395073
3759647
-5171893
6160936
-7204366
92724
-10098091
-849574
-2454136
692258
1208803
-1912289
342707
1288616
-8864135
1585410
558302
-8869458
682492
-257729
-1902672
1671790
-2158838
-9084786
-3070019
-5429753
-4319362
-7001318
-4733592
-1186142
6175678
11074
-5772172
4161874
-11160019
-12257166
-8088565
3249489
-7502412
-9866356
-9141697
-8258526
-9542796
-1894016
2057640
-10211498
-5141111
-9886734
-9065099
-10832706
-4709041
-599428
-7460585
-1370575
-2600238
-8784322
-5213875
-7612334
-4723811
-4774176
38843
-4381611
-5574127
-2795131
-64933
3044845
-1886830
-1496693
5416175
-7236362
343738
3737108
-173107
-11227464
5300549
-9380234
-2675869
2408171
-7982923
-947889
-5068120
-6597475
-89255
-91094
3976600
-2120508
3851417
839332
-6076821
-1475527
41055
-8062175
-944477
3212693
-3304002
-9582601
-5279264
-2194561
-9565008
1132478
1225765
6671432
-10384457
145746
-9651781
-9700931
1066373
-11810512
-4370441
-3529739
-7886461
-7858804
119807
-10363546
-5309882
-1529800
921468
1464429
274410
5606304
6132563
-6757597
-11564698
-10235156
-4896542
2030323
-4212158
-5221037
-1127222
-8261449
-6155735
1450199
3426256
-5798395
2434554
-4282602
4005151
-4610137
-322798
-1463892
217551
1051516
211432
183497
3292141
-9714388
-6614000
-135637
-10561072
-10938395
-6235294
-63712
-4600918
-8664675
149057
2088419
6380912
-10429857
2726443
-3549919
-8553661
-2215128
4002584
1574325
-7622376
-3247198
-1237745
-8746318
-10214941
-5687571
-1974156
-5614824
2023610
-9453404
-7808913
-6870210
-4072333
652302
-8631334
2740434
-3651902
-5994770
-6701396
-8044032
-5062188
-1043930
-352557
-4575330
-8214663
-1315813
-3133814
2938838
-1707516
-6604482
-2888172
-5216378
-6707226
-9796552
-170751
2424189
-1212935
-7941667
363240
-3833829
-8097862
2161832
-5367303
2852041
1007531
-5940065
5808683
5483243
589706
-9739386
-8465540
-1900435
-10289791
-673411
-540200
7101469
-2400168
-1273551
532291
-4006807
-795214
-460789
485843
-2591519
-8614599
1209473
-1342185
-5306443
191427
5988764
-6600194
2582675
-688543
-10143212
-7519779
-8610996
-5559500
-601853
3369772
-8828606
-7558254
3842182
-7949417
3024388
-3440004
-5111217
-47118
-5900406
-1368698
-2891212
-8081352
-5175224
-3513798
-8992622
372696
3535187
-1856033
-1380214
2104816
-9025020
-3258960
1617990
-1747854
-3368838
-5676938
-3948172
-8403344
-7998511
1753847
-8553872
-6483130
-1374565
-2459831
-110812
5204407
4054871
-6625009
-10650386
-9774592
-9143030
-4830309
-411789
-8102410
-205154
2267028
-2848811
-9986884
-5986749
-10497598
-1615601
37315
745153
-2559802
-4511499
-1098524
880137
-2530960
-5625988
-2992372
-7381159
685996
-4377086
-8653162
-10361997
-1726758
-3014452
430122
-8226914
-3204184
-6046744
-5726164
-1955079
-153262
-8829687
2596582
-595927
-8409534
-6408980
-6422637
604649
-9570641
-7286302
-971615
4745528
-8188410
-3563332
-2339183
-11020407
-3217958
-2389742
-778472
1168721
-894293
-10881089
-7795245
2747629
2589019
-8956411
-7816530
1812955
2896742
3149147
-524824
-927831
-10047434
677091
-6967887
-10112538
-11954828
3915195
1221846
-4446668
-1895442
-8820944
-636128
-145565
-1431596
1253786
-6668425
-7054585
1058436
-8745397
-159140
-3852238
-2822928
-1577176
-11062667
-4253713
4669010
2566238
1088708
1820604
-8884111
-7632335
-8115992
1184924
-5106254
199086
-3735808
-3812485
745877
-3780471
4866140
-8831825
4175537
1965875
-755687
-9629061
-900195
6750456
-6478871
-7691867
519991
-7286283
2981605
-2872874
-1421930
-7323412
-5033024
3047476
-6827016
1905394
6466828
-5205591
-1977678
-212057
-4064340
-2069255
331700
1236379
-8603858
6915185
-8993043
-6260914
-6112989
-3393499
-5306252
5233594
-3207306
3959544
-2773475
294603
-4503110
-7436470
-11733930
3085942
-1841649
-5429432
-2071690
-2036536
1014944
1989228
-9241290
-6776091
-10171822
596388
-9651731
-8113359
4909040
1418426
-10739052
-1134414
-3231722
-6253015
1870373
-2362240
-726732
1586858
3644162
-3298479
7935703
1618489
-8341493
-4892503
3369152
-9216218
-3112556
-4122098
-84863
-2844861
-993914
-5695823
-6857012
-4141161
-10443700
-3978826
1233726
-7468107
-8467953
-10180433
-7830480
370285
-376543
-6291825
2102873
-2656571
-5358775
-4632677
614061
-5401144
5063353
5889942
-8086365
-5369128
5339155
-2833435
-4766541
-590173
-29863
-5134985
-683665
6699303
-2363065
-5370711
-6612511
-1618064
3549826
2268053
-9375969
-127030
557127
-6683658
1421222
-883793
-8843319
986052
-1342894
-10919483
-10323482
-5146552
-11769721
-10080345
-2628859
3008006
-6675601
352436
-843344
-3456367
-5202324
-8467839
-3805018
-3303440
-3139578
5686435
-2924888
1434824
-2852611
5725846
2932013
-10784002
-7045488
-11207918
-7893321
-8976647
-3319113
-3705060
-11058280
-11023773
457562
-1936799
-3114171
1787490
-2776147
-4237398
-5211372
5076594
2442624
-4387032
-9244367
-6414589
4421785
465730
-4215830
-1810925
675178
-417460
-9517633
3990269
-10850342
4987493
-3741795
2285245
-5986558
-9243851
-2594143
-1644097
-146070
-44533
-1568408
-11450906
-4705208
2341576
-617171
-4364175
-10253051
-515519
5630353
1792957
-4057889
-5972484
-7059242
1735738
-4743943
1855123
-4847434
-305696
-5264640
1032155
-11060872
-2195539
-3260044
4504919
-1554004
-1688485
2619878
-6114055
-7934107
-2412244
701738
2264613
-1200926
5068603
-1338517
6021240
-3555270
-4522117
-3591631
-1866992
-10351637
-3976685
-12070
-1181415
-8542597
1046826
-2085096
-4154906
-2649661
-4979065
-4400895
-9418139
-10326143
1951201
-7553826
4657071
1464696
-5885746
1000632
-9837837
-3924898
-5275222
-2162869
-2038515
3823904
-5013341
-6311675
1962196
661978
-9569737
-8451171
2998089
2230353
-4849961
348284
390913
2230284
-943115
-5439369
-4785189
3388948
-10599279
2533045
-5295607
-2434478
1782319
-8520275
-3127903
-1591164
-4730552
-3738879
-5300090
109398
-4111954
-1023504
-8953654
-1423924
11846
905831
-3995507
-4183121
-7868803
-7383074
-1436815
-11061653
984023
-1422461
829031
2406278
-1172736
-2191131
-3026472
-7899083
-132281
-4653388
-5050962
-6100135
672373
83693
-6981137
397817
-6630386
-6893214
-1024584
-9254212
-12407723
-6734635
-4052929
-4976402
-1333442
-3966538
-4613696
-2192904
-2142156
-3087353
4826742
-123931
4829009
-446293
5574716
63580
1883620
6772360
-2833594
-1676534
4621134
4348226
-3907440
-1019512
-7929819
661406
820550
-2107136
-2575619
3707045
-5827273
-5715418
-5878502
1367502
-1794526
848455
983658
-8835645
-3511938
-1226267
-8191839
-2011070
-9942551
-4896474
-1594257
-12392863
706919
-555676
-770810
564203
-1930170
-4013531
-1154636
-1456879
4803719
-8242848
4212441
-10261825
446879
-10363413
-6276396
-443083
-8802331
6021799
1307557
-5326187
3436203
-307733
6031724
-8457977
-8427998
5638167
-8316811
882869
-2331672
-3374645
-3840422
-8841678
-327747
-9364383
-1697196
-2916902
-675615
3883089
-2209849
94709
1039094
1108991
-917134
-10457568
-10867759
-1374426
-3969648
-7586048
111815
-9932396
2993499
-2678951
-264572
-4097420
-10282070
-6698684
-10040566
-1523299
-4838603
2431051
-4297817
-8698059
-10205495
-44161
2939871
4450247
-5716326
-6699286
-9742101
2050765
2557372
1037591
-584775
-6244416
-2239479
-2877647
-632172
5833723
3605770
3221786
1428641
5658758
-2748315
-7766877
-8310886
767315
-3127883
2179175
-2397910
-5927044
-527926
5470700
-2727648
-3867510
3365001
1497933
-379934
-2163447
517547
-6043995
-7658994
2909933
-4449181
-4808666
-1876071
-471251
-5572876
-3660602
-7679331
-19001
-9644858
-540278
3630254
-5206045
-4775011
1033836
-3558373
-10376432
222704
-3800815
-9792792
577329
-1343310
-1802089
-6173462
758982
-1171754
-10311906
-2912752
-10849361
-4279921
-8074175
3411020
60032
-1719264
-5254890
-9702335
-60900
-5826386
5472571
-425630
593407
-9893090
-11036649
2080487
127210
1848351
535788
-11664294
6089589
-3274747
-2968823
-628815
-5681182
-4963981
506750
-6961034
-7185085
-3379168
1724938
4538283
-6725808
-1790406
-8143863
6158998
-7387838
-1998258
-1030765
1000595
-2870235
-8166907
-5756437
-5639923
1172831
-968787
-10020712
5013180
-485962
-8604817
-4957954
2925111
-2780340
-1473841
2189859
-1155860
-264392
-4555662
-6614021
-3425657
3017154
-9095589
-8867085
-8990257
2628191
-9838618
-8714928
-4455780
-9437767
3726607
3720089
-7157453
-438913
-10721322
-2095321
-6035433
4754453
1130513
-3644671
-7263230
-8708622
-4271741
2578403
-6004206
-2541829
402939
-3643860
-3343472
-11152283
260320
-1147146
-11230412
3000341
-4993330
-1639842
-4982226
1563269
-808554
2635880
-2557773
-6079078
2818155
-2335652
-294217
501036
-685022
-8647392
-326180
-12066138
-5803277
-813083
452435
-6811833
-10275259
1957879
-8932367
-8189916
-704552
-9236876
-5423788
5181348
1445270
-3086527
-4507576
3367757
-4103678
-7191867
-7127804
-9125681
-3581788
-7607180
-9667386
-2315491
374730
-10472245
-1796151
-3899320
-858689
-1198091
-1243010
3229327
-6776269
-6242163
-532248
-8318069
-355623
1196292
-8462798
-786194
-7925555
-8867353
-88306
5594802
-4758493
-3556180
-2960383
-1540615
2472873
2574881
-8646391
-3792020
-1658110
-3014713
4150987
2197103
-9147788
5589491
-477148
2756679
-8894393
-8839904
-4650254
-144462
-171906
25243
-5326134
-9933927
-4707272
-4056139
-12010
1198535
5199004
-189717
-10868066
-3761348
-4197492
-3119009
-9244500
-10172599
-6523336
-8888842
-11704936
-1385423
-10684861
-4579886
181705
-721749
-3019968
-8908540
-238127
6300580
-9336084
292082
2526503
5966922
2827595
-4575013
5082343
-550172
-8954620
-206092
-9911459
-2256859
-4573540
-1770699
-7712252
-418560
-1970163
-9196068
2676094
-5272881
-3713897
-9600885
-9954352
-4050463
-4540940
-2983466
-2225548
4829237
-4663366
-4004853
-6389106
-5368424
24906
1335200
-607944
-5616958
-5200531
-11172503
-4054118
-2041507
-10038917
1757081
-2554972
4512772
-716931
-3506150
-5087115
-6000304
2571603
-3398390
-1538644
908492
-491022
4733316
1998911
-1574484
504231
-4912577
236114
-7015669
-9227895
-2077477
-7022804
279802
-6994137
-6679428
-9484187
-1489341
-4310653
1789274
4129122
5682299
-10688851
-4941840
-3774945
26227
2355198
-1503731
3650283
6026648
-5695729
-5841358
-3981708
-346428
-4599086
-59764
-10354686
-112970
-7911971
-8526933
-1543347
-10506203
-1608079
-7079550
-11873627
602699
-898620
765513
-3460894
-2966534
2140036
-6713838
-6906001
2052002
-2424650
-6983447
-10783601
-4151814
-1276711
-3043346
-5230552
-6648760
-2800213
4899987
-2205501
-7571948
1554738
-10193470
-7140739
-2214379
-1130832
2729877
-1383920
-1980281
-984601
-1548212
-9747125
-10266431
-2477843
-1774691
-4596366
-4900613
-205768
-6397928
-4891736
28519
-7896290
4954578
3461840
-6967836
-3440427
-8041142
-4029309
-11019333
-7485821
1194238
-1957216
-8819506
-4679935
4966249
1601245
2282051
2965393
-1628163
-4097494
-1202037
-9374542
-406208
-4222481
-7876465
-8384836
-10843085
-652952
-4299421
-8553785
-1873767
-1309302
-9892250
-1676687
675146
4045947
-5373031
-9061166
-2247309
-6938513
-3829377
-7539393
4140995
-4548619
6508786
1746531
-1306945
-8928125
-1293288
-2143017
-9453509
713440
-9798147
-2578024
-3081772
-4355845
-2342763
-493159
-653988
-3361462
1332385
-1629286
1503356
-2001257
-3377912
2808468
-6563609
-5681421
208994
-1167157
-7080366
-282721
-8102937
-5103107
-1611166
-8230063
-7900044
1573095
-4507154
-768902
-2560713
-1080897
1129629
-8738741
-6046047
-3015729
3069961
2645634
-10091772
-2724317
3592343
-3151869
289019
3108041
4622822
-7600767
-1249905
-9634915
4858133
2645780
5139470
-202904
-7072992
-11090526
-6876706
-818148
-3652800
844340
-3539329
193989
-2527803
-4353976
5054417
-3022396
2085253
701107
-5823385
-5172057
6541334
-10192693
-2339950
-688073
-9152409
-4211685
2945709
-9136040
-2851587
-1340127
-4812549
-3548362
-7356828
822259
-8063497
-262828
-4515917
-6529856
542748
-9033715
-3446220
-2543635
103980
-4531512
-475098
-5397205
4236858
-6189673
-7863575
6135461
-10181174
4702613
-3663283
-5062141
679385
-6298997
-3567283
-9216069
-9602646
-9695186
-10394084
38443
636872
-2985492
-1292541
4276797
5000149
707462
-1079001
-2306825
-4963409
3042673
-4239760
-1596993
2894995
-5254715
-3601125
-9047847
166544
-294824
6107432
-17404
3949135
-2065992
-6386713
-8517734
-225395
-2144945
-12251170
-1871682
-507191
-1214342
-1450234
-2654285
-11318156
-6897167
-7720250
-7645456
-4748451
-6506688
2495206
1305735
2351740
-6966037
1129411
-1592052
-871167
-3215074
2034440
-5098185
-4683907
4565206
-11262394
-2536064
6692011
-7469217
823635
1979790
-2045591
1769960
-5989031
363758
-508072
-10609611
-10130547
-7920701
-5686574
-821311
-7690098
-352193
5426273
-226493
1108333
-93938
-7307407
-253895
149557
-7013408
-726893
-1109501
1677375
175854
-1436910
532931
-1495720
-3785654
-3091697
-7003042
2793780
-4893002
-1494495
6159723
-5694223
-3439514
478505
-2102287
-5519871
-551621
-4243169
-7021849
-7705954
-9816050
-9357291
-8428055
-9811422
-2780117
-4427567
-99422
-7888889
-2177551
-7126975
-1259445
4629842
-8496886
-2308488
-2719360
121648
-7790899
-5685317
2547287
-1473336
-2938023
-2552969
-7206554
-4717203
-4777256
-9273043
-5323426
-4648116
-9450526
-1068492
-4527123
-6374464
-9142047
-3897315
-1667686
-10111412
399287
-2886012
-1619549
-8378566
148798
3433620
-1861302
-8594557
-5479006
-3962788
-3753983
-1649855
1771759
-289265
-2128917
-1854045
-7540415
1677211
4064736
19697
-7944137
-5838311
-7876819
-3890522
-1700625
-30146
-4515786
-2187129
-1379512
266406
-10078616
-10546757
-3331679
-3924956
-380481
-2408984
2975843
-7926307
381199
-4535718
-9507251
-8030092
-1758473
-4044157
4779237
-2402814
648637
-2201014
-4073669
-9994270
-5143477
-1879204
-6697549
-8071271
-996975
-5663269
-9146753
-4369949
-2415407
-9639612
-4764384
-4785773
2488537
-2629368
-2667870
-7849271
1995357
-11267996
-652671
-9034291
1153680
-7257423
-9680981
1478710
-536257
-5289582
-988619
-3865413
-4208878
769267
1900276
-6125348
890065
-8000641
-1720020
-10520414
-6634605
-7043756
-5394862
1822015
-7820842
-9795926
-6215679
3558663
-5984888
-3545951
-290203
-7546662
-10113000
-8727118
-11007809
17251
-2470531
-3949644
-10136042
-1287381
-8488347
-8991597
1525546
6077498
260298
-5001609
6554996
5466
250441
3243231
-6356569
3187573
-8865463
-8903270
-6141261
-9287974
-224235
-1272423
-10830202
-6416899
-3466919
-6854155
-77025
960812
4196908
-9633501
-3555520
-5304773
-3759089
1370605
632929
986713
-7109640
-3467849
-6982014
7900367
-3719733
2117310
-5222517
-348286
-2572226
2690960
-4688502
5782752
-11385804
-2683121
-10291952
-6269614
-8416718
-349789
3439166
39404
-1876306
2373214
-2796872
-2219891
4067656
-8475660
-2512384
-7483292
6961229
-4213328
-6863645
-2222566
960323
-8919645
-2176189
-2923364
-10037506
933557
-6007586
2120855
-3882467
-7098383
-6262699
-221692
-8335466
-6645834
489963
-3598222
-11119935
-9170085
2266510
2372977
-2099234
-7164036
2865116
-582935
-5316267
-7338485
-925069
-11874792
2097090
-10061020
-676856
-8946359
-24045
-11857731
4186444
459018
-10428795
-11069635
-2929994
3369321
-9925471
-4329027
-2332523
-6574508
-770252
-4038482
-7886226
-3833308
-9315523
-1379660
-241107
-1260555
-10063768
-8092563
-7289707
5718829
-6010574
-1214571
-2788787
-1929581
-8377594
-5458997
-3210097
-1715816
1025472
-659329
-524730
-10523442
1904513
828751
-4415212
-1260538
-13100546
2597709
-10873673
-4528617
-10776727
-4194138
-526065
-5306420
-8994809
-28322
-5520961
6777359
71035
-10168416
-2662517
818154
-2275720
-2547411
1243509
-9388731
-9581056
-2204392
-3545145
-7917621
4030643
-4712142
-7982522
-9485236
-2104449
-478143
478313
-6826377
3658399
-1877272
1612679
1670137
5486718
-10069819
-3600706
-949005
-96283
-7689900
-8583959
-5031147
-3694729
-6427540
-3101906
2054258
-1000108
-1399510
1574847
-6518869
-3108027
-964741
48532
-33096
-3989339
4172604
1325781
-10628033
812607
-5726504
-6499549
-10106992
