714684
1298090
360966
4532580
2532710
-578211
2674530
6008373
7846460
5720689
-339993
4063236
2815432
4601241
-166798
-2395289
900377
291174
622220
1452991
-2101851
-1582182
3529607
1225131
3218164
717434
891414
-606921
714308
-2112306
6511189
304116
-156313
914511
-748035
5975391
4359709
6199520
5420281
1007454
-1414882
1889633
-1334748
4512671
1523741
807091
2696148
-693348
-829785
1782314
-3329871
1073104
61879
4099395
4724353
3624631
1131310
-1322165
2953882
1430577
3103732
1936825
4163263
1471142
-942233
-1666090
4500286
274560
4222501
3777269
-470917
-1472528
4770563
1429814
-1374526
4987917
-1269917
6538696
4228218
4705777
218705
-1511129
-1017846
2565439
8022816
376369
3592420
2063882
6706679
6272880
-926371
-637597
1813300
7508212
4661785
8043328
-117730
5402428
3956038
1941953
4069974
-902490
5902946
4052045
5194854
3868741
7967958
-1212774
409461
505741
-752647
1672312
8500473
2906528
3032867
-2180396
-1357191
5592908
-263080
28355
594946
3188052
-1673955
982611
11307
7984417
1816375
7116133
-2229289
3916056
1645685
-57489
-648962
1035642
2032068
-511535
2687787
7917922
7782354
-613265
-2156285
4789903
-2917873
7684343
1698917
70303
-591519
4929685
6083879
-1168781
2959843
432905
873353
-3223250
-1979751
654814
-348991
3170165
-33260
2604809
5472065
2648313
4982394
4983525
125033
4600107
4665911
10728871
-1071676
4843425
1926679
4387536
-2617837
-1240988
1150769
1506363
1589050
1857849
-1205013
380477
4074814
2696974
2568333
346446
-293036
910599
7477686
2205299
664538
748033
-1881529
-331449
938337
6060261
6684388
-321424
514402
-274969
968217
6043970
-46361
1641540
-257216
3758265
-333759
2950125
-1265908
-3546786
-1820837
4221716
957715
6850411
7329815
-1121331
2632602
459851
-480052
1476457
4018679
-182706
-986617
330091
6842870
4841050
-1015144
5297275
984127
1757310
3772692
8979077
3111802
2037828
-3850828
-1611903
-796907
6125554
7476959
3193366
1994890
4673173
