-8433497
-4043919
-603495
14537
-5508049
-2951170
1062966
-3737356
-1557813
-9706348
-914520
-8013703
-1717407
465494
-8295326
-6871348
-478256
-6190141
-5150984
-4719082
1637997
-7983101
-3018471
-6038949
-6503920
178319
-1577449
-3267969
-4400092
-8418557
-459013
-970986
-8949712
-2256185
-6743722
-7990352
-1092178
-6680940
2584875
-1883520
-5153525
-5519088
-1321252
325439
-2664986
-6909913
-1426626
-7737331
1369344
-8026044
-4337613
-3763460
-3873014
-7839952
-6889709
-4536070
2227777
-7448659
-8862075
-5290254
-6479824
-8002661
-9021077
-5235521
-37851
-4918794
-4623998
2307993
-9156664
-7127955
-9222708
1004088
446033
-8041358
-6716081
2409296
-2120706
-4308769
-4245026
-1686330
-3551800
-4043040
-8644658
-6878113
-7143035
-2888396
-9662931
-4272480
-3666259
-5439823
1344299
-929257
-815353
-6688053
-4788090
-6964874
434057
-6407607
-3981334
-10283760
-1561444
-3464692
112753
-6166177
1913723
200592
-1017160
-1818865
-7023063
-2790476
342154
1201479
-4183444
-8368506
1023985
98156
-4422544
146073
-231357
-6865709
-205635
142780
-112923
-2622475
-521212
-3302664
-4171095
-8053574
-1749232
-4399254
-2918396
-1139163
-4347957
-5834866
-29485
-3447182
-1955972
1783085
-703599
-9817625
-2044417
-5745101
-1459202
-953465
-7738056
-7609455
-4527172
-1190574
-3199761
-1727289
-2978124
-803996
-5998129
-119860
876445
-1585249
-3197349
-986191
-5505936
-8166369
-3459876
-583953
-8575725
-2663029
-5150257
-3702909
-7896832
-9797459
-6628593
-1850013
-959270
-7467104
-4332421
-3019970
-885349
-2309457
-1394417
1330499
-2145700
-4526450
-8394294
-5199532
-6515706
-8218957
-1622171
-4097958
-7180036
-6782067
-356951
-4485761
-10663390
-7295605
-3155491
-955041
-1360039
-7425703
-4180221
-67369
-2501455
-84186
-8097132
-3848972
-6562409
2930226
-3379981
-4037198
-4810624
-187640
-3997571
-2405332
-5918166
839052
-6583649
-4022919
-9600055
-6609129
-7737115
-4290923
-2318977
1376661
-8019128
-4164339
-2835820
-3830315
-4708503
-2241511
-5856491
-4957406
968655
-2034222
-1825660
-4661066
1352652
-1165132
-5282971
-7972662
-1077412
218290
-229204
-1428405
-3381303
-7816320
-1440946
1413811
-4703940
-1761814
269503
-1751504
-5841519
-1083662
-2900447
-4143007
-6502247
-1462850
261288
-6640002
-5759506
-1064198
-8389488
-8855191
-818879
-515088
915155
-2749640
-8747439
169104
-1898265
-1248963
-5656518
-8079197
2059330
-3357239
-3703401
-4637036
-5148625
-434204
-6375566
-3027333
-9809676
-8589493
-1520300
779378
-7274318
-8278297
-1787540
-4235247
-5737396
-5095703
-3808381
-4539527
-9824834
-1047326
-6173555
694405
-1854812
-6811251
-620698
-8230340
-2069861
-9082073
-1462814
-6305709
-5829235
-6854432
-5288861
-755545
871656
-7445526
-108275
-7934086
-5919274
-4261190
-813419
-6798070
374185
-3640768
-8312316
-8169756
-954557
-2481906
583394
-6838550
-1640664
-6909158
-434127
-5636519
-3757687
-11415867
39360
-658527
-6025611
-4522522
-1659225
-30639
-4874374
-4816769
-8141543
1321195
-1462828
-8022408
-2924318
-966958
-1757900
-3513361
-5182472
-4507546
586574
-5593100
-9153817
-2758265
-1509781
14172
-4923200
-10040070
-2021557
-8108056
-8331458
-6921507
1022174
-3685823
-7719516
-5930256
-5639474
-6008862
-1819488
-6161251
-6896974
-6276884
-8814323
-9863518
-4289458
1033456
-2989938
-4996657
-6970607
-771801
-4870117
-3649052
-7333818
-4980334
-405398
-238347
-2638001
-1125409
-648006
-5505286
-7053028
395985
-15364
-2450657
-620610
-5414900
-4126941
-6968167
-458762
-2168742
-7252655
-8301249
-2324937
-1652587
-7601035
-892238
796267
841399
-6811258
-10182284
-346687
1282085
-5571605
-391986
-6329298
-3682119
-10406020
-986458
-511834
774931
-588624
-3421726
-5555908
-7776787
-434748
-3678091
-2440691
-7493651
-1118802
-7201377
-8734737
-6897845
-7141614
-8772358
-2684475
-1143974
1188108
-3099942
-1821614
-384829
-4584281
393538
-9188914
-978859
-8120458
-4314158
-1314774
-709095
-5490380
-4865949
-6923502
-2503263
-1544783
-2608647
569842
-5701151
-2399568
-7560950
-6821191
-5513299
942650
-847498
2002060
-3894920
-2980358
-614717
1190468
-2533875
-4293677
-99948
-2305869
67827
-7109864
-8926162
-2955672
8199
-2685206
-5832644
-10803314
564958
-1762294
-8289843
-881362
-14133
-673114
-4212597
-595596
-1053653
-2404799
-8895728
-1799682
-2622099
-673572
1500749
-2130005
-7869725
-7567518
-6046366
-6508391
-1366555
-835966
-5595958
-2707959
-7826112
910298
687381
-10373133
128509
-3152585
-1953452
-7134199
-2872108
-6990030
-3753677
-4884468
-7964044
-6664381
-6976576
-5605908
-4501214
-5901929
-2797747
-8698658
-166128
-7747754
804977
-6348407
-2704228
-5547412
425262
-5982772
-1380108
-2367789
-6772191
-7630765
-5947858
-6759882
-332954
-1264983
1410893
-1053758
-7505425
-2051253
-8258183
-7696318
-7479807
1502518
615683
-8754797
267684
-3179109
2484490
-2395572
-567029
-2166105
-9173086
-4429396
-8991697
-3202079
198587
-1959905
1999989
-2591140
-580885
-7544684
-102963
121869
-886771
2762935
817128
-5852508
2057006
-2292745
-6795384
-306981
-6769509
-4270656
-8916067
951305
1711921
236097
-3533680
-3990905
-6603830
-4096729
-5492216
2968985
-3183645
1269720
-2208635
-6039190
-2237123
-1566212
-1506100
-5908245
-1201667
-2264751
746115
-4248499
-7360331
228420
-8575225
-5250539
-2651057
-1671886
1503026
-1105020
-2194554
-7494176
-7145610
-7963976
1350686
-1820154
-5518709
-5257312
76033
-1595648
-2397912
-4101707
-6673394
-2431257
39000
-3616634
-275252
-1007285
-5714566
-1657178
-938154
-4734723
-738886
-5742074
-6855981
-5553120
-8443583
-4868358
-1265829
-3007756
-465283
-3678409
-1852104
-4754281
-6000355
-413866
-830983
-1848143
-1756517
-3265625
418109
-8115259
-1477762
-6397163
-8888275
481022
-4393550
-1643944
-538067
-2595686
-6327410
-3760685
-3620083
-4618709
-10333081
-404872
-5951167
-6973887
-1875500
-6140704
-2650139
-8117146
-1444706
-5411219
-4889799
-4665386
-1196496
-5227650
-1137817
447596
-853311
-126604
-10473516
-2577409
-1965559
-3053973
-2466647
-3568005
-176851
813223
-4775620
-2519857
-4532024
2135419
670216
-2748957
-6336891
-465208
-540824
-2005176
-6300293
-8107234
-6080513
-6492429
-5924552
-1365473
-10799004
-6869228
-11815812
-4458384
1014872
907978
-2367745
-5562372
-3103716
-76794
-6554724
-5706289
-3397471
-4918311
42433
868295
-8133640
-7529086
-5209389
-3492275
-5208869
-1434861
-825090
-2464841
-7490244
-4496160
-7060265
-3968631
-2780498
-2179718
-5690636
-2478901
-6580522
-4968800
-9313250
-5415091
-1664373
-2564756
-1610836
-1060637
-1835569
-1131384
-2007116
-8473218
-4924050
-6047957
-3842764
-2160301
-8220398
-5091254
-235541
-8393513
884785
-5409212
-3113831
493233
939658
-5781014
-745477
-6534473
-3728972
-4677125
-956232
-4303958
468942
-8905096
-212446
-6685358
-6645717
-4119511
-6744560
-1327838
-1048535
-964525
-2409480
-2771629
-6568508
-2608446
-2011301
-244592
-2331934
-5835827
-5606686
696941
-7082778
-176409
-4768227
-1170102
-6058884
-9015662
-1438693
-1200604
-5209512
-2655038
293481
759159
-1631973
-2078447
-164381
-3272291
776331
-8444029
-1580453
-6730921
-8571077
96248
-4682482
-2613742
-5230298
-1390826
-7293578
-1749233
2658994
-496451
-4406317
-9823826
-2345452
-8226378
-7528067
-3241860
-1311464
318701
-6518878
-5131571
-234433
-2777343
-1275286
-9527463
-1054868
-5244449
-5514971
-6873285
-3316511
-398820
-5210719
74339
-7935224
-8321351
-1141757
-8066353
-6633285
862969
16836
-4818623
-8396793
-2606540
-6880621
-2277293
-4948345
-152410
-8775298
-7731577
-8085189
-6642790
-8784699
-3814231
1632714
-135484
-5986737
-6436468
-208684
-6884605
-2899518
-6873583
1151609
-5270479
-5230392
-910559
-8751758
46334
-2470831
-6927061
-947703
-7844185
-6523742
-26775
-8715852
-3856082
-1907294
-442667
-6513328
-5343804
1133136
-4330699
1268670
-1161765
-2496617
-5223885
-4664340
-3807647
-7353092
-8050624
397073
-544769
-8144324
558265
-1679723
-3611194
-8770197
-1186996
-837610
2320276
-10465479
-2432777
-1522947
-7288829
-2628337
-4133462
-2060729
-5754263
251160
-1819606
2865052
-2582961
-4088334
-306504
-2134480
-4750767
-5970771
-5089406
-2657632
-5775192
-3708373
-1079955
-3688779
-9000372
1292311
-259875
303790
-6119023
-5648086
-8033235
-6328542
-3024641
-8676804
-5915379
-1039124
-4694812
-4825198
-6787894
1137798
-6166313
1861700
-7764281
-2075019
-1067361
-2742663
-6322145
757783
-7113703
-2782030
-2438368
-6608728
-9426545
-1713377
-7315528
-1268715
-3400927
-3671070
-5351646
-3731159
-8540554
-5421181
-1638137
-5168456
-833498
-3032016
-1558358
-4341658
-7768202
-4107557
-5419932
-1934870
-1303153
-4308962
-6670895
-1009052
-1782136
-8384217
-6909847
-1135090
1073017
-7263058
-7374552
220222
1880709
-5467507
-7817861
-989741
-5203403
-1670589
-1328062
-4026763
-365947
2244300
-3203424
939707
-8446237
363752
-223489
-5008810
-8218410
-249692
-6726499
-8455402
-8487938
-6824779
-4537648
-6398930
-2909535
-1886138
-5659931
-4525603
-532177
-2874995
-8136716
-1162816
-7018918
-1089289
-8865676
-3729478
-3798981
-1696608
-7295633
-4500653
-1609775
-6356388
178910
-2912154
-1141541
-1299977
-1085836
-3812070
-8483857
-6979156
-246420
-4231146
-6209292
-6992109
-4189645
-7873308
-1377007
-1644185
-1001503
-5486622
-8510109
-2031592
167034
-8015563
1274221
-1986506
-242637
-6503481
-4192532
403957
-8705746
-5921340
-6177650
-3189833
-487093
-8148085
-2914028
-3476942
1023261
440423
-4402372
-1725167
-304389
-1791955
-4705587
-2419388
-2211474
-10534964
-109060
-9049691
-2143559
-1196532
-4790941
-5795565
-609019
-1992511
2032879
-1940046
-4315343
-7509421
-4253285
-21778
-7486822
-1231175
-6111731
-2892609
75480
618429
-5288085
633408
-8047355
-4473301
-2818999
-5202716
511117
-5711071
1067324
-6488277
-3249897
-5427552
-4562672
-5670313
-6420802
-7635206
207329
-5753037
-5662009
1831392
-6383966
-5303664
-1758104
931099
-7682753
-7401289
-119773
-5806014
-1038608
538918
-351843
-6970209
-1013094
-2739826
2319426
-8527936
-399873
-4532230
789210
1616790
-4646362
-5047101
-3749644
-4573849
-3187269
1564695
-1238972
-1176746
-1294156
1802556
-731281
-3575663
-3907946
-1250784
-729105
-5861233
-2591624
-40583
-7623642
-11100576
-3705580
-5347902
-4781688
-9275895
223060
-3184189
-9678624
-2132133
-4021864
-7769619
-1379392
-1371313
-1928239
-4178279
1106446
-6532707
1605722
-481619
-10104428
-2048601
1252498
1144717
666646
-6375771
3592034
-4668645
-4984490
-6141862
-3899881
-3536022
-1638236
-1966762
-1093376
-6953651
-6086401
-2214349
-10366851
-918615
-1174174
-4609617
-6159787
1482897
-7681683
-2215079
-1978405
-3883664
-9868162
-3498325
-7593675
-4374159
-8486514
-198014
792744
-2386546
-6052995
-1790313
-686641
623537
-745112
424987
-5307177
-622216
-4779322
-6281419
-1087070
-5732706
-1131826
625242
-895828
177806
-6545169
-614800
-1336580
2897040
-5820179
2526955
-4782474
1088196
-2760165
-10640679
-1789663
-10576574
-5794442
-7609286
-483044
-2340046
-755054
-3459787
-5324379
583935
-2866529
837609
-1813518
-3837223
-1022079
-865604
528068
-388417
-8006683
-4828443
414767
2272642
-1722181
-8441319
-4080543
-6634211
-4995903
-7003022
-4525145
-2849757
-627500
-4525742
-7524103
-5440759
-6633686
-7174395
-10558217
-7335977
608546
-3089088
-7734552
-9365933
-6085542
-4750765
-5073943
-6258588
-2152533
-3544708
-5797325
-2981430
-6750145
-4353447
-5206270
587930
-8151305
-5597644
-7071230
3127417
-7112035
-722485
-7859597
950399
-7580625
880447
-5740646
-6129295
-7207644
-3730532
-2528529
-4103509
-2169358
1275223
-312550
-5864549
-5647014
-4540966
-6119560
965871
-4489713
-429983
-8985513
-4888210
-638716
-3685304
-6197853
-5688671
-4658266
-8312250
-6220210
1449596
-7621564
-1830626
-771326
-1356550
-4529464
404894
-716716
-3069036
-1803153
-764702
-7722099
-7994082
-5972993
-8842774
-355598
-4058479
-3730993
1259102
-2030405
-8229021
-2934043
-41275
-4448350
-4936102
-846176
-7317020
-7493648
-3762394
1553892
-1224988
-9818577
1091772
1739133
-5195526
-1990690
-4998254
-8137507
-5990829
-4687191
-1473662
-2497364
-1737882
-1348688
-2325724
-6862237
-5622904
-2106690
-1313251
-2646954
-7153492
-9995851
-9529656
-6178615
-7180946
941623
988612
442956
-4120558
-4047202
-503116
-1048337
-4325448
-1430724
-4625041
1820245
-6666160
-5584619
-7251208
-5932903
-1823814
-4989779
625471
-8332531
-5332625
-3091557
-3678880
-952717
-1104859
-9375679
-239169
-4941432
-7843888
-5543696
-5178462
-1533470
-232325
-1515965
-3050773
-2350772
-9104701
-6569684
-1364327
-4176129
-9513802
-93049
42323
-5083772
-2952000
-1791295
-9407682
-3294206
-2097350
-8639666
-2152864
-7785605
-8292355
-1457831
-4829866
-7498968
-7472415
1002074
-6641128
971879
-9324875
402270
-6468872
-4015341
-1002782
1400042
-2602158
-6507077
-4941549
-1717999
-471161
-7045332
1130236
291220
-650949
-6620973
-229646
-548341
-8522759
204356
-5920421
-7759633
-2644222
268062
-6661359
1055997
-3352470
-3729094
-8664633
1930999
1591458
-1770839
-149301
1108999
-6171141
-6076706
-1491981
-1625052
-6968756
-2271796
1535600
-4501844
-464227
-7282236
-111892
-8427223
-5798090
-1172012
-6659350
-7479365
1053244
-5721462
-1036903
814915
-4252778
-610294
-5034540
-8551772
-9267025
-1639869
-4006067
-2635338
-3641591
-9855292
-207073
-5016412
1265302
-5754979
-4085018
-1550827
-1275750
-2623662
-1048208
-8326318
1256350
-9541857
4060463
-3969222
-1585991
-462035
111174
-6914413
-6794402
-7185335
-9371542
-4450543
-1010633
-6229318
1309361
-4947372
-2388305
326879
-4271785
-4806794
-6635967
-2540048
-7896777
-4675973
-739811
-2110165
-3822681
613340
-306587
-4401608
-5027040
-4504182
-9738882
1149104
-3325423
-1031207
-7019859
867092
-2891306
-2437563
-8643047
-4755492
-2984869
-8836970
463396
233670
-9226576
-4017611
-5681021
-2260413
-196776
-3736822
-5151798
-7790983
1109255
-4438862
-7550608
-579084
-9391599
1653251
967229
-342408
-2527306
-3000408
680159
-1727092
-6776577
-3469986
-2364101
-7050617
-1503498
-742748
993061
-9843435
-8332530
-1789755
-8352209
-3667175
-6241744
-6595809
-9257754
-7137659
945391
535814
266073
-469888
1423986
-4247892
-8462222
1873309
398657
-1681562
-8078063
-7710419
-7263520
-2701494
1150697
-4036552
-6740999
-940802
-5800294
-2485509
-2650774
-1706605
-4265377
-7783189
-232846
-2574023
-642656
1946482
-3803702
-10634146
237299
-5384137
29300
-4558855
-4743514
-1404195
-6932539
-6277792
-6744946
-1182998
-4560122
-5673109
-1506839
-3693459
-3765897
-5365780
-122059
-1895177
-3630184
-953549
-3146224
-6992706
-4392241
-769442
-5883754
-5554809
1560503
-2970017
-6927604
104915
-4031495
-2316982
-825228
-3435452
-7160503
-3914759
-1489475
-2589133
-4261830
-4978768
-9352895
-2146174
-1797642
-2277515
-3857682
-4902186
1644075
753381
-906228
-245826
-1263609
-8580656
-374375
-5405872
-8365437
-1148590
-7129697
-1968179
-6152377
-1845650
-6422307
-4859087
-422444
-7986783
92633
-272429
-173874
-6130692
-6949229
-837832
-7787506
488669
502751
-1876024
-7745722
3479256
-2608458
-2110470
-1235085
684037
-5795936
-7745232
-168945
-6413634
-3081390
-1912580
-2962659
-3879267
-1832361
-475549
-2049334
-7024873
-688236
-5146924
-9487938
-6787076
2004047
-2515108
-6278504
-1951373
-4215199
-8177678
-6272707
318972
-5896001
-6903594
-5802146
-2318533
-7097418
-1054223
-1710444
-784764
-236620
-3867221
-5243269
-6561898
-7993248
1315470
-1315633
-3735897
-4600233
-8205875
-770495
-2036579
1132878
-2052419
-4949542
-6980965
-5335557
-8352234
2861972
-1580507
-7251983
-1979576
-8133121
-1523014
-2624149
-6697852
-510881
-3782766
-100734
-420096
-1259591
144820
-5333515
-4697154
-5492401
-5627648
-3628729
407604
-25226
-7106579
-5503582
-771854
-6401744
-3496736
-8949338
-9006216
-174169
-8981385
812522
261073
420667
-929006
-11232321
-2322934
-1003884
-1830029
-2509887
-8462626
-9560796
-6065419
-6941181
-7995155
-9714883
-8227806
-7307859
-5340227
783778
636414
-2926867
-4311509
-2649525
-1567927
-8157609
-116324
-3082583
34501
-6466379
-8711161
905863
-2702016
-9241285
-1251891
760555
-4586285
-5493810
-357956
-3335028
-9623864
46091
-5181360
1978964
2780557
-8372287
-70240
-6719648
-1979065
1308216
2743788
-7259844
-9001653
-1274205
-727390
-1014970
-1740792
-6906581
-6481443
-8427092
-2323636
-1004444
-7394400
-1020572
-1417801
-3928235
-7521850
568982
84901
-4443003
-542777
-7843203
-3018726
-5467698
-4139779
-8658153
-4163495
-2424274
-800814
-7426104
-718488
-2309217
-3200566
1859915
-5989000
1169601
-7026981
284977
-7900313
-3408398
-4629126
-2296528
-1028455
-7952367
60953
