3587576
-308147
-483725
-328268
-839580
-137135
-724670
1691511
1029989
2074489
-1228438
1658537
1195682
797995
2901237
3073439
1658238
1646441
1278885
1627156
967742
-859786
-424489
199212
2599131
756075
389144
3334607
1894284
2325005
1924657
-1177500
-478875
2153819
329103
-1076912
858159
799890
1366394
1734628
-788615
-614052
2833622
861960
-2037223
2695178
291248
-5652
1189775
-54485
285716
124610
-1775331
-727453
-954930
-1133162
-34072
2173525
53909
-10446
-615111
2105904
-372644
1720660
528041
1136826
2955456
1648331
-569096
3474869
992327
-1699288
4114912
-561102
-1401687
-2734922
-521970
-1203889
-3342994
193080
123815
660158
-1792192
-55325
1852492
-1284096
255737
-345299
725623
792983
-1243429
-938493
1161870
3382240
3943527
1238836
2243539
2920001
-518477
4021079
-2312001
-628395
1907220
318494
444190
1454234
-696527
-193783
-1030995
-108218
3028641
-277674
98484
-130517
-1045395
-700687
604043
-988071
-1168440
-1994075
-127722
370240
1419962
2835961
4210863
-1456501
191613
1182137
3747838
-653807
-152720
2183855
3808877
1797689
446567
1527995
265263
1351232
1896023
1005669
2369638
-725469
2007123
722603
1232792
2237677
-2211438
950542
1698862
1270340
-300380
-81197
-227349
1897252
2872572
-2706316
1827091
-111637
-1957076
1633083
243051
-530163
249319
2942422
-62194
782125
302721
-748873
574719
-1118241
-2323582
856082
858402
262009
1101914
1482315
1363245
77663
-595580
1600067
834319
1193606
-1524676
1240347
-739018
-517636
404265
249330
-1057951
1273798
-692433
-701426
121308
51196
1712197
-1258188
-280781
737641
1149688
1647825
-209039
-198306
1910383
2088659
663554
3252374
776690
2305310
3266608
2760283
-134610
1155911
-443046
1963622
-277605
-1408163
1966699
805650
-829195
314195
403420
216237
1460263
2481052
3410209
-1746329
-933736
-563119
838161
2043647
-947016
-1845163
-3005530
1024696
-1308210
-575933
510196
1521726
-940465
62655
946081
2612583
1702923
1269887
2212366
1554750
1502634
868131
511572
166936
913007
-931979
-388091
2673369
592517
-547988
-706409
1633804
978966
-1881337
336206
1390684
-133615
2071030
2708680
-702839
1145309
1246394
1147111
2771946
1664326
730367
1754770
2358765
439734
915629
-418348
-687449
642225
-1722369
3084629
-475887
3381866
-387647
2327319
2439091
616533
737909
-102908
3918095
71792
-1281331
440105
760438
2197963
664632
2670016
-274364
476132
754990
2401819
2538577
336163
3793692
-224276
-357771
1676875
3547213
3389255
1940467
1284064
-629818
212660
-1437292
1229483
1486458
3352199
-234121
2852024
-1133285
11231
-132374
1243140
845069
276550
1153345
366555
3233463
204087
2578084
1501445
-656569
1443504
-595951
1601909
-1508237
1643673
-3068392
-593005
1973471
2915539
-613043
-668918
753616
-1468749
-1713747
-1242438
932590
1611867
177507
-633372
2415885
-1538827
1098637
-532175
206547
-1207377
756515
2644604
1532686
1195815
718196
1048319
2317054
-79903
18507
4112185
106442
1374742
-1142908
762541
-1010549
993562
-511437
-854391
252872
-209368
769266
3661831
1123131
120753
380692
511732
-277783
1831568
-902606
67548
255725
943384
77749
3345054
2299159
2564456
1683131
-1138882
-495154
-775079
-1681767
-263586
-574866
585498
125763
-759247
2410144
1067478
528999
1000039
1901797
3815021
482292
3000352
1587977
2330933
2823763
-1416787
-588126
2314562
3787743
-555733
2765997
3704098
2066965
638288
2924069
1864605
2360191
368906
-248484
-114696
-448337
1288397
-1514933
795933
1763977
-297384
1824926
1043515
1055637
-422193
2513780
2012178
1558854
539566
2465557
-285718
780208
2453680
1042675
-158405
2431160
2234282
2100828
2295269
3638236
-845125
-939679
-469311
2641130
3604780
3031723
1892046
2242175
100616
227971
1360530
-71174
4558448
2471044
1302419
-1187059
-995486
3895470
-747749
317000
-1090005
321241
-46382
757626
-547740
-540394
714837
319373
1201758
3564744
2490778
-1071993
888859
1324469
1077602
2667275
2894060
-313987
2325489
724757
1720480
288134
802838
-575242
3529593
-860829
1191389
-1273584
-243124
4390963
-1290771
-1287862
98225
736425
3169343
57107
326213
1476027
2560812
-443373
921570
1184861
-1216792
140356
2226690
667739
-1084745
-29327
1266780
816594
212102
747745
4847
-42022
1023482
-358542
-1804736
2912222
382643
439031
320310
889154
-670798
-666729
191158
698924
-2067838
118058
-975365
-676800
-1865873
1739660
724542
-927477
-803866
1982928
-1122545
2626382
-462744
98801
1798675
447541
528176
1242366
162521
1920471
152357
1022570
-23069
-683607
-1013032
937289
-318392
153133
-2391848
4040797
1926705
3317583
3615324
2305777
-1390030
769596
432369
362584
440462
-885595
3656311
1681174
2033784
1658143
-228853
943839
878860
1449715
1728897
1142304
-23306
-433881
2649464
703244
-2223491
202341
-1070018
2017630
3781839
429187
210820
-934757
-611228
-742637
-172212
1955351
1758776
4230191
1179436
2735157
-413598
3734319
857785
127019
1817171
175729
3023030
338709
2078510
93304
270759
-163645
3001155
3304190
-699487
501306
82490
940806
-1102389
532722
1095129
2056264
-159688
907514
1107075
1643383
-1591856
-747230
-622258
2276185
1159280
-982053
-1198870
702497
-2049077
-800665
757692
-2017511
3384958
-707782
898324
2101516
4241824
-1531411
-917481
-436343
2747143
5460
287088
1526681
2260034
-645899
-128934
1470887
-2534429
-328639
-882900
1223022
-410950
2730651
2155573
4254587
-360858
-426461
1640111
-30943
-804095
3702318
1680773
-331357
150740
-1526599
222927
-2284083
-166361
-783910
-1021149
715992
2742632
-1183889
-266359
-687037
-102652
1575157
-1764414
498406
-205068
893042
-70989
-308731
634400
1013248
1554802
-915974
1849535
3160546
2422126
2285758
575588
2706918
-2394987
355954
360701
1172987
2353625
2844461
201234
848517
3340546
-1325872
1491962
3455268
1743082
251948
843603
2490976
-1061717
-1495063
-149019
2201050
1348113
2331024
3746259
-718899
-1022864
-46902
-858622
1358616
3574428
-173657
-219896
-899356
2230668
-1482828
3548567
-441284
-930897
1066083
2144628
754947
-185087
2624572
-763530
1414141
1928460
-1170242
1957156
3608432
-273287
1562997
103070
363170
1413085
1646043
15435
-192844
1704757
1159319
515974
4291449
2850334
-639514
1259240
-1934552
-117238
-56020
-990050
1475145
-304274
4303566
2233241
897904
-552790
-2343351
1188692
-75961
1086317
2088990
163496
749844
2690616
238068
-1065160
2225696
45239
3807266
420792
-13524
2824938
924784
418865
134802
2139801
-651873
-513029
1240853
-195688
-1601062
2330949
1516385
2603930
1571945
-383883
940899
-709253
373967
-377742
231550
405499
2504272
1838583
-600627
198272
125586
2050426
452903
2116087
2692025
3107131
-2412077
1079682
-1960393
-76947
-89324
1317111
3904417
2514625
599603
1080809
-2642251
-510657
584577
-2382237
1989780
605021
-1522761
1553636
3412634
-574465
1000846
3515880
2870399
1330032
1911535
1021044
1837094
143798
-852094
-1145177
1220982
3140802
-854356
3138128
-1511752
3324096
-1391085
733094
1396067
-166280
97238
1782273
-910680
-777828
177148
3465742
2106255
2244534
966837
110885
3248554
-1850253
3299102
781687
-1773455
904102
1126398
-729083
2676729
532529
2426960
-1140450
-554571
546322
-414065
2837107
-43286
1504493
2182450
4041742
3699805
3690117
464138
-964183
691242
-1066093
-396699
-1551831
1623246
595037
-115125
2513106
3972772
342681
-1537214
987577
-562294
1918425
-856357
5548
-335480
-2658342
442384
-1847825
-198494
2057252
282971
2862488
-277847
-1832754
1858887
-2285730
256178
-1619609
667981
-1523522
-535280
1238404
-533342
-999479
-200882
-60588
310405
602963
1829976
609058
358183
-1636658
1204968
301778
2731205
643156
1424304
2447402
242499
1388726
3326265
3400922
4323265
121364
2036354
-736288
-318846
1081064
1828351
742084
311763
1822138
1961163
1751233
1895605
358920
-1693606
2533720
2398386
1482983
1412568
308474
2239705
-386281
1431006
3003201
493879
3901463
14913
2221507
-1622359
1767894
3156078
734321
-1789134
-872153
1662499
-2181782
-1085100
-248329
-987147
-186332
-342831
555350
4846375
904823
1210298
-324124
-1468665
-1082399
338749
2347759
-1805851
-925864
-147844
28854
-129845
-1154546
473522
-1210554
1312735
-159653
353771
-85981
1579264
-4660
2487991
2991064
-369892
3608724
-1017631
1204205
-1298087
-895179
2987198
-231395
1908917
2700914
1003912
-1378283
-728444
1431037
1160266
-361879
-183238
1855006
1637909
1003533
-34851
-1448557
-1344045
2428804
2428172
2441023
-612560
85625
2592284
3078921
1888387
-1133933
1175315
19546
-31797
2149259
1166395
-334876
3605245
-523296
420101
296608
1326558
857474
3731036
769931
1791736
646610
41062
-748065
-202680
-46115
650618
-596265
-41153
1529119
-405961
1171230
-859114
1708614
1074108
-264578
-620953
-1189757
27336
1174363
-195937
2112968
657343
-1048586
1641109
83261
-718384
-462215
-1240371
929202
179870
1106821
-189709
3032058
1656013
1126253
879916
3795656
-1454806
2266512
-1263331
1515261
4277257
-390500
-1636864
488921
-1034533
