452880
50486
400540
341433
-292018
-47522
417828
66490
608115
-11280
96002
344673
920609
364170
39981
-134300
-186491
-238287
-86148
514649
-186112
303869
301045
218574
488599
35174
292936
-94249
66221
503151
381023
884694
108587
318443
-153052
955939
594599
520856
635064
1120051
332535
1003561
476701
709305
474837
405506
-167738
-54739
-132792
-155332
314137
26322
-122188
332159
378451
549943
317307
113347
331634
717827
604888
1057645
-353152
721446
476555
757730
-293231
627530
463754
570690
611637
1219026
162205
595806
235187
724823
219877
125648
566304
384593
462613
219989
45018
957518
797893
-318488
-24679
-9768
392748
-55449
444321
901290
246459
568862
-215660
233973
393652
262724
276833
46630
899065
1185281
-41659
-56650
860016
817618
315721
233930
426465
497363
441382
-13839
259978
89001
822619
295422
-242694
415751
85286
464422
234398
347047
836467
-131176
192595
1186181
172721
-294211
431645
-253217
224485
165906
505292
172531
-13715
492345
-525752
144147
1031558
655130
99466
827770
68508
777227
1130468
-1501
288976
232500
591855
807458
267269
-137902
209941
545423
22685
159053
567448
461176
20652
-133556
549020
269794
-164557
-249604
484011
145607
816835
717695
-143234
443724
644152
301938
534942
-231133
-27717
123805
621160
3574
-38950
-236952
562784
279286
584642
423988
1290906
-111925
104018
599389
-107290
74028
41346
767136
526228
-29643
107200
451992
474963
1176649
499743
-37853
-162491
850015
362795
-64120
-119177
770501
468789
498306
587885
230706
-22346
537739
426021
456189
71789
66313
850589
528428
471456
534326
359563
421930
365809
688303
237282
-325720
635996
-326942
269393
-285258
325576
490484
289778
422024
501281
29393
318937
9758
555119
278886
671354
890883
-190315
331039
1017
457667
653401
263255
93230
196248
527451
-118044
-278997
856135
-57932
338238
1098
-140389
255557
694933
88126
283400
330440
-131360
73502
-39878
136976
58902
525559
684842
15110
14235
159911
375695
318985
562767
80840
862255
582439
188346
424299
1059598
481955
990404
1173894
344040
-100986
945967
660330
556011
410231
118065
449794
68900
280159
940216
462613
792856
370519
359585
283523
341326
190692
223677
683621
708733
261769
523478
-205620
-71468
74772
556318
497672
430935
-75893
884661
434124
223018
607912
161751
723376
444929
448451
23049
-445232
455530
484395
536291
-28179
-45520
721643
508337
-20831
746629
166738
342621
98605
621943
553558
637954
555957
307329
738701
27651
53629
10869
-45714
416330
548210
545235
344480
-112028
75776
338353
887503
932313
798841
948377
200844
459743
628751
195724
36988
-82832
625931
82506
-240185
-231423
886746
379237
-50917
585723
751149
-356693
-342819
901012
405186
927200
1231710
49230
49202
407213
802921
223769
471668
581527
425221
1072610
468904
404259
67020
459184
718215
104671
373332
744730
214641
734665
337071
-93578
646488
678014
783032
146797
353300
723454
1053821
-156477
215144
525335
131516
348091
907411
309701
4591
295053
551089
419331
415620
537032
-167682
-253865
135263
259900
832150
281310
60131
-96284
820697
126127
112995
845982
2313
654194
371143
223755
553708
-497889
-174749
303220
806165
234269
148143
521399
547766
705197
806753
-116486
114473
534245
250922
159402
458541
229434
-117317
755988
644404
885272
591578
362633
792475
913683
953504
-120162
-59697
-54665
520394
426575
622259
877140
446585
863259
807557
-121489
40567
37054
178585
969926
268522
-38326
-101437
602656
541745
-240352
425007
382098
517512
696478
479720
238539
419407
980956
297629
436134
117298
208670
527588
494702
869689
399861
-195077
-98240
20646
555967
-270029
118793
51464
64936
590482
670735
392758
308356
70455
901747
303414
254914
536099
-189015
605323
-18520
1029600
260564
681634
893857
531776
147232
560076
-56256
580188
1106788
393227
-23726
873094
224294
-46203
307343
-55449
627096
292729
1063853
170381
886487
466161
-27824
684505
343490
610875
253687
664167
337159
628837
584915
289929
3622
260445
553481
37624
473761
696862
615986
-170575
297770
572636
214154
103768
779470
-231954
34492
1059665
651010
435855
-157138
476081
-67656
-198190
109742
1003207
-2274
-123846
167709
-4527
142218
408274
769766
-170057
499659
650056
356078
61755
386805
254579
431074
256551
566584
465844
208005
1000181
486158
478131
-134150
269885
475496
788829
-271458
548601
436389
358852
436006
452544
422722
556544
-14226
438760
106429
292424
314174
85752
60902
722594
292360
718532
566340
-49305
76432
188568
477766
-14571
315542
-66766
-74138
34164
844387
608779
280944
318430
148024
758539
174130
830257
382879
305964
21854
-243308
368759
604477
-324918
285638
63704
386753
435188
287863
69745
10900
89103
278382
21657
606302
-130686
162184
-108189
50060
287184
184683
189227
140942
174467
118546
201020
862487
82478
798484
426534
37489
526793
266121
604411
245187
519493
291573
134368
418575
481810
678896
737905
787892
439678
604888
1261006
-138384
805392
607317
293380
352273
-279808
466047
675618
562140
67434
10
664681
543620
-531143
228285
136725
786874
48170
797445
402271
523034
-63031
281960
17564
349004
332159
38203
-4246
169465
290502
920477
-95704
557732
529197
481733
514317
-114804
360676
39686
-43674
350783
356710
192649
356133
923744
750628
725564
662430
82014
-178540
83785
379479
898685
385622
168171
625522
156461
-230478
210990
238365
367003
-125901
452161
306761
693800
738695
762071
189797
-113829
277961
623230
275590
1004604
8301
129217
670372
185066
-233897
1007190
-127035
69132
473624
325679
120626
1010480
471096
1015235
-153501
386345
841267
197460
288136
43392
312648
479171
677889
730913
59361
1072672
107529
-2576
901419
469335
688182
169934
-88053
317253
24656
653322
111298
85068
-6382
165639
197696
114564
162383
-59501
307623
254579
-148690
436320
162004
565567
149626
73650
-59608
346206
-73521
428997
565409
302020
207625
-116711
-286923
56328
170570
686917
203445
130848
945732
21779
920807
661727
241432
432295
64729
45554
537423
-68624
287479
-266137
218373
424479
701737
498426
52428
716956
212582
-90151
370271
421118
788036
128096
268815
-44624
155542
397746
-133067
668795
-72801
164015
372153
432520
951502
352907
266627
160071
716522
714492
438383
-115597
349366
385553
993671
29167
465893
1026796
152587
838043
404179
2748
348574
-193594
475659
503379
1228625
98894
-186932
279795
361066
207905
134912
-79132
813281
767151
44433
214203
852262
237640
583071
987806
894680
311605
47030
579755
318736
1125113
208652
404207
-42671
254222
298407
727943
470430
-54923
417014
83332
97488
293846
574235
658610
529812
315748
324783
-291469
151840
222850
612233
37624
417497
719813
542221
476332
872722
425760
1034537
647219
63019
601458
-36309
780394
930458
-116373
530431
315343
635095
461045
-33253
575640
797874
-290269
33517
1180713
161055
447469
509531
575436
444899
262847
534403
-85194
688310
370644
348112
236298
600248
403229
22331
204371
349152
46986
-89636
-180011
698461
-102258
385096
659140
-4227
768116
630050
-202262
80587
734689
309553
-115653
306331
67799
436715
30176
269400
556540
882107
534138
103603
619087
-75893
-160778
963709
71485
408153
679945
647456
729002
861377
20550
-167097
146288
1044961
207662
137871
-240273
977626
291994
-100515
563719
-293027
-38904
175845
449885
270548
186509
416472
441385
804972
-55790
625040
432611
1059243
-81153
23837
733291
283335
204524
167266
700277
-71018
236773
-37857
451736
995083
90172
15434
684866
-218649
402760
288694
382681
790932
675254
-277660
987972
345402
908860
668295
573752
242151
390288
-150127
339612
462991
712578
343276
575062
-60603
394539
496780
-28705
651006
651111
733272
-136290
-134420
172408
-162228
93698
453245
898608
174300
949363
647105
163553
444250
357642
619789
-79704
155876
739
640630
362870
-33663
380000
519020
343935
35937
-125559
597418
75728
326511
36249
769335
5614
476309
653937
382404
538606
440083
530157
-178161
208582
-70708
148203
475643
177321
512689
907411
-60382
1087717
-266168
984614
-52342
-64952
-167833
668300
181426
-47918
-210769
608544
276283
623156
4392
-67470
269330
146409
-221816
590500
691935
167974
566145
126217
347200
228908
608921
852854
-109355
568874
593558
1196853
84776
158249
211877
103237
403257
31815
930663
-21973
6959
37244
-50783
403029
779413
643880
742869
545150
-359838
-32061
923043
378283
634516
635451
62336
967990
491780
733223
-190873
636921
409522
615366
887516
431913
353922
-7114
243216
-207196
57596
573913
77451
33233
235376
807355
254565
190618
424704
523997
299131
1082643
-267552
469608
318187
-85369
675425
655001
795740
-334157
187593
690549
111797
223031
305754
217999
374114
-54769
82172
-179148
905850
108656
-46730
124561
293452
69287
934156
643
1037553
89816
200545
-77210
357500
-190490
452839
-286178
286400
226300
599755
342179
1136713
46100
36090
-348550
144919
442489
996186
199078
427671
346872
117819
590785
67528
457964
260817
925938
-851
10038
446146
818640
25928
549476
763919
6004
479026
189277
267502
503303
297877
-107066
300147
593344
37592
563674
-181931
-53826
517528
149213
855008
308893
970969
510170
625485
305964
499068
953865
442992
846252
-106198
1078587
599691
235268
444880
1087414
729213
-95163
447808
-152050
327066
481212
1096877
521391
374558
149754
146423
165159
577540
251442
765591
117890
549859
530216
121457
654070
403372
241964
426679
478677
452847
596536
302624
-220347
595708
-2977
498487
308739
1036483
239662
724084
451454
774499
532246
-88388
711147
313204
748922
-218150
1146296
879960
17972
382524
360342
315292
85796
546335
328482
350130
756156
-41076
13215
641029
425677
109033
241181
105948
20484
449097
300031
1056008
31306
881681
1171052
54951
571359
-142722
760941
-250141
-149308
-130202
470472
516886
-114046
603489
649891
-116504
82354
908953
173433
698414
359999
-96769
-22296
526077
597984
925709
550118
311211
176454
447499
253510
17516
168102
-3563
-206056
-271458
-158715
930786
190249
415411
710998
470659
230247
833498
-272642
125931
-313416
1083149
640747
633288
446492
725175
-110918
658914
526032
915303
178415
511357
555965
90489
218927
496653
323520
830772
856489
-94058
551005
77053
86259
-300215
467247
756785
870968
915965
653024
699218
36656
455224
298906
132513
-208510
-138344
104553
589915
1100098
-33983
322726
578296
-228910
717911
952478
-120829
1170965
63533
8089
-185655
432039
16271
445752
146351
267207
301557
698856
290463
1120418
403816
629881
247081
413735
-195965
51423
134716
15803
501436
729928
402189
415871
761181
461650
618746
575065
-33001
-258922
433699
199975
324641
667814
347397
536773
458851
389257
993867
-42346
-283972
366311
851238
-2815
-209759
198282
986281
199702
-299986
678842
398011
415728
644237
377264
-128096
-162047
237381
585765
-62552
-24669
684561
418889
-154278
62535
79722
312827
-55717
229015
447828
708889
368464
236505
-75674
337055
402893
394351
443079
-12393
71198
733226
1057125
83788
-10017
66220
358486
891580
477019
988653
-115361
438115
123333
10278
56861
470146
729693
507890
155244
368694
-4220
435676
793854
24445
291740
138946
124198
147509
485744
50917
658979
1023827
55796
63729
378445
832554
253604
526921
359593
21692
544522
339080
534406
251615
286876
385923
290794
429075
280884
542602
385148
574552
962891
-100953
981689
897971
168701
706074
904060
-420160
597296
515263
373029
583593
-174255
704426
30286
-337220
473744
401987
647048
33618
1062303
258794
688002
1021647
557452
202727
108975
-103861
-6101
433432
5549
466234
370502
118138
408786
-7179
457524
259407
213216
65033
118746
174343
918154
749257
396439
900955
239444
434939
629138
156212
544064
380673
370167
517213
871971
35017
199812
714892
130094
217582
430459
761424
113985
-344613
744660
615214
263830
784822
699219
193132
316226
420786
466180
233791
258254
-125901
665702
579388
196056
434282
699852
82770
337186
331217
115919
345251
353294
445975
159135
21349
181046
158249
635174
1039954
690551
1034254
446508
668671
-209207
-226857
576721
-289340
536728
406948
421634
234158
721666
348799
642836
253674
353352
669855
857398
176422
566617
-108554
467224
458902
233382
1017
-366921
509371
92165
-14882
469611
725034
253186
448407
194145
517934
307140
659084
631153
325852
722031
771352
763585
-405353
366621
164530
-11735
-53975
674150
123530
393006
-51755
978536
312886
-8236
45709
1013892
366848
187207
-286414
967276
77353
677340
972680
-92714
10421
738535
575850
-45158
364525
477433
376557
685501
653024
267975
125170
346132
686986
1056896
784889
850139
253510
-124077
631527
301099
57786
1225364
260453
494858
555957
227202
40751
-141015
535283
736070
111795
-1590
-309480
583005
507808
-54661
11706
913995
20763
681421
91268
129788
744320
820734
105013
196262
399713
230984
598702
1067177
-36914
122929
-178161
-45159
657939
822883
676443
-164715
110024
364028
1178834
-109721
695103
-54807
474749
267985
244652
198394
-17927
454083
244665
314718
433354
820501
180605
508674
700991
-146135
434682
-140616
367966
251918
519880
19374
-18958
-434693
-77023
792155
305047
-54810
649020
78692
514317
29506
556722
-152688
-335557
-68937
474616
49566
222761
-182459
702719
425746
572805
-58213
681421
212952
979801
382885
521240
307124
580943
555793
6877
-119173
596931
-14914
-11538
555828
265839
250473
18117
-47781
432332
181141
596758
509400
549962
275027
130921
36280
319517
-29981
355658
330397
-102402
-141214
615796
70145
657281
-11857
-37513
323958
-58597
-100948
400750
487483
244487
-9147
587145
392597
-92946
-115923
525667
54906
77030
368328
287696
-122847
1166061
132591
873963
768676
223556
928872
33171
9934
321540
705031
-462488
37715
-138111
500420
548522
422432
240343
330610
542475
409171
407288
-54164
584743
454838
738535
908867
302678
83585
632670
764650
607944
897400
247904
273998
42359
871656
-281594
299594
-126565
210550
-354446
553253
923883
412108
-220341
106123
824346
484138
149008
249903
168988
826627
320229
669751
745703
504022
471540
-128590
428486
-69593
-108917
382484
-261041
478033
990764
413191
568354
332514
953909
59197
59596
330211
482835
160176
238636
105013
-75693
555957
-111409
-369584
990846
477634
384383
-146455
489499
-25340
649358
576133
793232
-199207
226024
-28179
547456
1152964
568073
645642
1031146
867015
306105
-65021
441835
372702
227820
497426
292696
879504
457670
1019313
-147855
810662
324568
450826
67412
319999
490088
142778
289163
-450021
395288
433735
1039555
-79928
924408
992652
261608
693356
145697
248613
481435
-317287
462311
511898
-187271
159599
485046
394633
478256
-32961
708733
761757
475915
-88999
114202
138881
319397
526577
475062
181061
317291
587511
647260
591824
-65160
670799
862853
1172237
-32212
20444
547798
671933
-128609
310946
735314
896902
519783
336592
198970
220605
282224
-153701
748992
-37705
-208547
618445
967973
502274
846850
119485
164810
615214
26922
-190452
646961
588941
-27165
427996
487048
-73163
254332
293039
56930
478844
88138
428503
667912
40560
733426
466844
595374
472166
-112479
629808
484138
367129
680328
263389
111130
355701
583748
-156776
489047
269251
372961
901784
207419
737411
549208
414284
430269
32553
287485
565690
69492
-22172
-134731
420120
-65353
73758
232121
5339
299600
75637
1139686
513996
643716
635700
658710
1037304
886114
-56715
-179736
610822
975153
549466
310946
-108733
213342
246360
260361
442053
942062
35939
516007
-378073
-60026
-240141
-213361
1543
246405
610980
163214
17611
56956
663868
842266
465498
-466
815259
368417
145136
357002
271200
-270769
609667
632191
372747
489762
370354
208968
351540
-82837
-170325
455788
1015317
66250
250306
-251784
508359
-66857
12759
361766
643936
573409
339841
1041950
620093
115506
122748
252454
846078
659084
441794
423384
147873
155068
205216
328361
644254
645689
-104403
130316
52030
450730
-123956
-147587
847433
68745
20608
105209
388937
392878
-1000
-220816
405180
-76654
-186539
152621
-396508
710698
-185475
214293
600825
430707
23888
713509
-33117
944505
-167231
462550
941942
36294
201883
-156883
489293
-172948
983013
666454
457948
373970
-192594
283006
761287
313812
302366
627199
918324
985004
-161532
-70315
141941
821221
784131
-157086
320346
1148484
156856
500251
450477
5163
384940
258121
753121
260142
383713
139579
-180348
1141738
227042
315303
502574
862316
314439
650862
257036
232312
504144
-71671
525861
75869
-108128
402393
296111
-201800
555862
512109
488816
-357026
290737
977298
905671
195864
342466
364177
-91485
-109062
205821
248866
67248
991083
276844
-412877
517347
651954
368202
317979
108226
-78759
568534
644831
522732
-322622
502594
837385
339843
-194630
390219
202589
1180713
412975
32293
485831
415438
383010
257071
-24246
419650
487603
941516
487386
-4803
6119
564355
154116
330740
102074
624110
277548
298394
135882
159664
36997
960369
112408
238110
129471
417840
50131
546815
-537
1035364
-95642
530354
20040
439702
-214105
349847
463813
288668
-7353
349127
-341159
-396060
736886
574920
526175
69256
364882
896931
299576
367381
132051
132713
194448
1163924
757945
54072
108033
421354
131597
-283509
1018644
806323
906341
401924
229431
352603
581528
168445
891148
89925
-43880
612031
267760
325943
802300
118235
515533
649365
259498
-226128
423899
586442
889874
299569
250198
-393630
-198395
92626
-149559
403339
806370
-243471
604475
985578
142388
716305
452631
-171764
151515
900016
514878
579615
325962
964029
165595
525386
773497
29251
-58680
49484
380138
471138
188844
743083
577005
511778
688462
60853
953780
561114
1088916
63941
220475
257215
592536
871411
630856
1024925
351182
-193864
-14644
1013892
406309
584213
45729
439374
375565
-152823
561580
1068394
206944
452895
408335
-307699
247395
-21606
-163453
-38718
403919
765881
678340
313823
619087
239579
366395
-90997
119198
591583
609515
664433
542636
334378
609274
-224691
650995
-48923
439383
509760
133420
797438
-34213
158290
809096
210982
281252
464728
570523
183398
126231
660643
-275250
185675
-136909
-118918
977861
980219
1012015
-262696
1024385
524497
979770
672899
53491
481367
613112
530568
1007228
1012015
-196185
171728
-152286
543055
553938
-135710
155910
586946
-67572
297734
-52761
161171
276811
327468
464509
125303
724795
641138
214536
571505
828053
-76982
306712
223328
657984
628223
84675
324653
812776
198130
436292
123334
625744
-84810
988381
938655
950278
788209
421118
1059665
-156356
157428
168453
-73163
497877
211253
448808
326511
-281385
919741
-263197
410598
556544
394774
471318
893495
215461
559690
324039
927453
1269032
13020
-326540
776198
160687
1137476
396647
87830
170899
306821
152805
50968
-137382
723562
154919
350386
-327533
416017
-432078
-7189
435952
673947
779572
379544
725912
773437
372399
876878
454930
612581
895174
162214
774257
67389
180605
-285745
847366
424398
595703
834749
845234
781362
142871
21097
649369
680644
-203194
360430
-244904
-240141
597145
951862
188619
429898
138330
-85364
502533
536854
526085
32481
-48020
40975
154770
466531
396192
-63711
594751
872567
1002232
136549
525895
874943
156384
-244483
-40716
-198596
578757
35358
285671
500003
373123
270917
-100942
522123
152449
-47459
443198
284781
-250141
218574
686055
452313
63918
935498
444085
229212
583214
749346
620492
267008
1290201
-151570
294903
992967
660882
695266
-123846
-214498
7042
184346
381575
183065
292830
-160592
-282294
998938
511464
225645
903082
-188257
-29109
387710
550493
159394
338544
458368
995230
251784
32274
-1468
695633
626775
913567
629446
272655
626625
92045
441174
618765
-413082
597325
120066
164530
-291875
51428
433432
819058
1017498
401924
656327
-49997
268374
465498
937320
-3893
-11154
139181
91967
250766
842759
891394
574282
1071871
524564
229437
514088
110057
163225
334205
2689
680783
1029380
558785
648889
589339
77820
763815
994109
576475
788997
-4527
350436
51540
84391
598427
251651
334980
-324549
303753
417230
99622
307936
753498
434173
405924
648693
1139097
453604
-152765
562756
522422
953780
-322192
690240
695068
347152
1032801
703903
361972
436142
397466
530375
508973
332636
897641
-179790
153466
854224
165533
-163859
-140870
682913
751207
642455
1822
580654
1133522
498753
85544
812442
790339
176797
613079
432845
278989
1038237
342886
264305
189797
1147051
102714
423577
493990
-151718
215503
590548
194647
311876
791079
-50931
-361831
280868
5622
-285190
472896
683012
247906
-57691
943830
-24054
566299
107820
626633
872580
261069
1163644
907036
316686
139650
360766
196339
272098
312715
310907
918752
402280
941453
678014
308036
546578
427039
254356
954449
439250
146318
233641
616660
410460
485595
455958
626526
586332
537293
901227
-49700
-177109
619857
996258
92016
529388
428904
65744
606552
71953
28442
493216
570410
665020
-141068
398769
-475601
1023885
44781
1041207
-39885
652611
340714
332788
503048
136568
119261
831022
112042
280277
588049
-90366
-427608
1116647
-105077
-42342
-108294
786036
676167
335001
768858
429296
665917
641346
453537
378015
760225
773742
240729
34617
332707
606886
880064
535579
379051
-344875
340391
492116
172666
1122713
405385
431360
12135
277177
750907
375251
820496
17583
-111300
280879
769341
595393
145685
943371
310217
525197
-107130
32274
239835
-161250
-67564
26202
862632
94156
-252721
-486151
-409989
589020
-49698
-203790
13932
-8175
494388
113173
148588
991386
213235
28197
-184712
603695
809686
-230596
544476
385884
127323
117581
679571
489100
666561
824381
247574
-109202
620705
937996
441660
405623
435390
-6327
306841
441255
644974
44754
427905
786988
50011
39414
808525
278886
-82003
500420
977656
693863
759910
57437
285232
-15188
76997
539615
266762
594751
723087
229896
404131
613112
339201
883679
783007
-140620
-57883
1012478
449895
162115
900050
-44502
116328
845646
995506
839401
466730
-354446
-7809
748558
-35954
-230340
571425
190811
489696
-2586
1082195
829901
23635
-13492
530803
955964
-84550
238207
76772
-9989
692617
545685
197696
95083
552152
451349
365179
953037
245138
180586
-14700
-149308
736823
775543
849855
202885
294055
-45834
654182
253520
703294
744452
-153054
877117
-79206
979270
1050905
848906
423357
608786
332331
31342
-222086
875336
467924
758530
-7782
418556
449250
452716
331488
256482
654983
503617
168447
666007
511755
-142039
180331
-139582
236641
953728
-222250
-438249
104410
380103
212124
818873
308225
645521
664347
522324
469577
-8857
979907
-284273
804178
971705
940110
396515
1032521
74474
404088
893946
3738
427178
206977
792247
94846
103630
623156
425583
314047
232395
282608
563245
731398
394811
516195
460799
99182
466653
-335158
550402
34187
272612
435122
503617
324891
212207
193592
296132
-57996
8735
478474
637202
513841
856495
135762
854591
776064
443392
1170965
876361
262929
885414
-293006
164783
-458366
-167559
-207793
441301
273496
864774
-190324
361204
222235
-5638
550759
390093
428374
977656
4299
234896
501285
-121972
958946
-133241
196357
19946
351959
487170
608792
631678
838608
40239
581744
561152
-93083
359293
354171
460024
262739
-211913
320947
621947
-175018
567080
-155098
704456
252427
309310
530932
73191
203989
283945
290195
595678
528591
1048174
-66421
439535
205143
151757
-159372
1001681
-18168
497019
215642
334252
517101
199723
28893
483054
661244
370784
40239
-86932
26677
774294
-120516
362674
250328
490082
487985
486751
151505
211618
235152
-341936
10917
135281
692957
631285
35713
991339
458152
-20226
691388
124352
119229
93349
180376
678316
53719
304542
-106981
520506
-251951
79244
191255
190941
-151190
-451537
289163
830281
194338
694222
-16894
590090
348091
474722
20444
216991
932473
-288263
566105
980918
435996
44846
140704
645835
-277370
434593
756820
839425
634842
11572
263428
736481
-334533
168818
446796
375013
-109132
393932
-151031
338255
367376
237059
923780
-233478
-57844
-139725
500807
-89363
796143
345094
992228
153181
165208
190175
-102594
54280
679252
610717
238927
5032
1211692
83713
385791
771240
325020
682456
842516
435983
323148
-39674
539433
-247168
-152167
510984
510388
647456
671749
390243
-85687
793700
-274286
17941
139020
265957
358712
626685
3931
460407
451950
252501
-312712
410527
567533
115818
-17010
566510
34001
105798
490413
206386
923510
577065
-197457
-151993
594645
421613
234413
35029
174469
377159
367930
896212
548483
247906
985929
65333
128477
470987
-170205
-95642
642836
137647
294458
-294517
307453
304217
1072773
320943
440938
159509
492897
491308
274182
185179
769995
782639
729087
648881
737874
399139
-373244
460482
191428
-356487
67681
-63137
1148484
534983
607784
-127139
629246
164606
355051
665186
830873
292852
1070178
352755
-45293
330217
241548
828093
549913
720025
424043
204881
416877
588413
244342
384049
-183491
-229032
326060
-156883
419939
674482
348080
-26160
-63225
458925
186109
717740
257970
773359
415751
-77385
186702
344866
275964
1022308
171593
105963
-123814
842075
414188
776011
-72950
299959
523301
342891
-99569
240152
618572
147421
308503
368003
1091735
354566
357776
-78802
200121
229405
192465
89885
309049
121360
109821
794257
19236
508932
416703
408361
-112586
726262
381362
465506
510125
278071
452236
214239
1004555
593628
-38950
1119334
-134581
572091
78353
970520
-71776
928567
424771
1023109
508848
498803
311980
116408
455294
8953
621670
95666
-81390
870265
418556
275934
928220
419311
126231
755116
523717
117006
-49098
1219238
-236574
768542
-165627
475133
207462
256058
659410
29041
-118097
226170
476975
1077844
611658
628731
28791
205134
566340
450655
361744
486245
-100413
41168
668671
-403929
-197260
25945
170051
-42906
444959
969008
650060
213851
63299
-24923
-39012
557996
193400
107257
196315
-78947
566814
498099
-180421
382019
-5329
153894
446107
-202607
889900
568345
73495
-74113
199842
404200
549972
871712
325171
511501
113795
-184562
713483
337487
-115747
968901
-141299
227969
662167
983604
121706
524229
800585
26158
-13505
578370
198338
-105756
403774
403599
-239419
605588
570475
-239321
462646
423296
47215
4659
441035
-46195
848219
55307
270068
127569
73354
-44572
447315
29161
319681
147907
493435
-340788
690481
287650
61512
30095
496090
-80267
-80882
378081
-82173
423607
465339
-19532
197828
-389722
-309426
897149
622031
-67048
317528
180118
96428
373777
325171
423847
373500
832669
48166
-43174
337966
754108
277593
-19985
30787
229437
15558
468956
653268
603188
474952
226147
993887
296067
830337
549210
418398
627716
797298
570126
-334
662793
667713
-97651
1249252
952450
622293
-380461
489304
407988
450649
462952
448154
104564
-405293
-8446
243060
267844
504849
-81754
397160
561410
913567
193602
988116
610875
-288503
822883
194386
85042
262407
657499
389624
922586
230706
761267
-226165
292936
935449
-153029
-31571
675836
524777
-112651
116743
501628
323141
511509
907582
1234315
373511
21289
584642
878208
105110
-156654
641786
649666
-101556
842846
515059
-55753
-52827
616101
377891
972204
716416
537719
61359
981070
452502
742415
280884
104945
525737
124029
27345
575640
64467
372667
676851
26322
338778
-13095
323740
25458
318739
223952
745658
91549
-260940
713983
798182
260612
-178651
1000909
158459
-281204
730999
-65286
233605
168956
305628
286977
584943
546422
672278
640210
276490
461889
84569
-93455
195136
298200
327627
387710
306100
57973
-191040
783315
-131685
-13512
550017
577627
325110
211391
73650
972397
-142232
674256
188514
610420
421320
2093
89103
190581
296290
1164108
278103
128524
57973
1080574
116875
-63038
-99664
-157061
4349
1217986
547382
146214
618629
316947
66156
464801
345058
122724
436135
187747
841497
562530
150670
-151434
135534
267830
-107295
448029
510826
241228
561286
381678
-108294
115109
619926
505629
646557
269144
750374
368870
174239
-293987
550248
-271411
-244472
-159869
39410
-238579
-129182
-227030
307615
850062
31162
540045
-65600
398268
147348
3802
210785
461019
460790
-24403
-2618
1248366
302705
-64398
493879
-178055
288174
310022
-255491
99935
-239379
-48049
260496
-158755
289795
220018
421494
-96323
537926
349991
962577
851469
383034
893333
-119322
290195
-71771
-123262
497972
515482
303063
-52306
354814
420307
-59275
-285468
56516
288813
118470
347377
503928
508137
-101745
784376
844615
263814
694206
1093613
87574
109491
-3294
1149141
517917
577207
-290977
-27825
662550
370554
393450
712379
498716
477598
74637
40074
731225
-442672
610376
439474
229503
810285
278886
1019544
662172
387521
308395
800548
-71637
940530
34434
219249
246391
310473
266185
80432
554836
562169
239577
662640
311776
613513
679872
-211268
649369
-14202
164745
490669
453065
715134
214652
439743
-186817
-34001
541638
190802
-34264
184106
560896
709079
-247221
-120641
687068
349125
670978
644560
158402
119624
137013
-175376
568130
382885
207011
445774
56488
622270
502145
530138
-29981
94562
503289
469810
-224376
5322
217070
1169620
118972
-39306
217827
880394
594484
80019
56854
-101211
319223
543190
665615
339258
181625
708311
1080284
501829
-129269
199133
1165093
961039
328895
619790
200121
140883
674435
915230
360823
109209
264356
-178103
-149360
253319
274160
866642
413937
-104241
905185
525895
227042
288247
513760
291649
312335
-182410
661142
415611
-103706
1151624
327066
427996
721576
573070
539777
-207005
545273
270746
173626
875641
1036643
533993
117987
644503
575912
454028
504498
-8108
106204
1011960
652539
638366
496294
256972
441440
-184522
283999
696779
-112686
511062
-148414
37875
486162
104498
666141
691542
160617
357724
442738
149754
1032059
-177092
417398
-246338
-37687
671068
1149373
349551
1059639
300753
461538
450639
555149
1133380
-243314
337940
296461
511028
127938
349178
987972
537082
303476
117987
16024
100884
-285408
523401
953814
441372
46416
1068621
174469
-19937
685663
559812
73495
173946
679630
35691
185231
9894
310688
798855
611235
-100082
677685
515402
239152
-31237
-67752
670368
200786
229015
391437
713771
506524
922757
-220139
150783
108592
106121
547890
42981
103928
258123
914948
-183072
537699
602513
1092423
836305
481053
276885
115292
471557
552232
254784
394719
243160
720814
-153392
502817
563283
332514
138664
151951
780048
212494
209163
-15525
-108720
549472
186455
199172
95573
210982
-139368
-140476
544420
-191719
206953
348001
-181133
426471
-97342
418416
352220
10096
823350
606641
617611
49902
639825
49303
577845
520815
444314
21686
454148
754510
764870
830877
430717
238806
682035
847675
15948
534643
798081
611637
364408
-29844
943014
525073
455224
1053670
463829
-329449
120623
-101857
637468
239476
758073
365463
43189
326450
677124
779598
404485
308866
531471
-158794
770386
373630
-165376
495738
992692
873348
713615
-112092
26883
255465
924773
60672
197341
599459
348167
632593
-58491
141611
413846
395646
778432
-182081
653335
595621
618529
684749
913628
437586
128234
428706
-57472
191189
692984
-242830
776832
454472
30176
562568
-277828
340710
130623
70587
19574
-114324
92889
664791
-72105
236075
42742
869186
263032
-123262
666380
-114991
-162133
423320
385740
-45043
242309
-100712
10356
182976
185066
119662
253463
619617
716522
9742
545792
315461
1082643
390555
307030
555008
722285
166413
-129592
-15094
516692
466495
458633
-179302
190548
442198
453521
43487
-250141
185394
558437
-129648
-242323
690729
479891
398880
434554
784778
-241308
243677
113206
569574
291377
196161
172360
816289
684416
139387
1120908
764802
222850
22765
544910
103736
10149
231080
-260138
-103442
-146742
27622
92160
314948
339965
1099175
291840
266895
600363
935147
170422
-457757
172227
437586
121020
-105696
868892
-24948
140308
78528
-290334
233720
951669
573080
430329
479508
-71389
394156
472470
594669
168964
165563
-141749
-302234
204656
786595
133308
950367
367925
284842
871347
319218
1044525
334229
973914
445379
332077
449683
-95867
714130
937763
685912
283540
487534
-208418
336295
289481
325800
716943
-248409
641470
251715
124394
574155
543190
318904
867905
-264137
-3295
275262
627520
682985
167251
-232004
1060652
776053
112947
608289
1139097
758683
194646
479010
795557
537536
628266
579851
255535
813488
228455
612195
293360
133456
447730
254684
303492
437015
-203589
-132507
489964
954494
-51413
148856
134924
586310
684767
85635
103513
-194551
960832
306587
219004
-18179
97658
777283
300869
447699
14617
-73375
315313
337230
980859
1109967
-85294
762147
-341697
773073
473981
387438
-99297
423060
75153
167097
486171
908587
-96834
-116405
330314
992120
424709
-182103
589591
948938
872149
656161
131149
783177
588538
-3666
245927
252493
99872
144669
454801
218509
777967
-267552
5941
783157
41602
-329693
815633
308866
437684
282576
461988
-74779
585016
304651
428706
1001003
102031
3982
477101
746629
298237
661214
367778
765561
94774
9368
-196960
29070
584915
-221410
618093
296643
650695
86324
-72059
393720
522771
541535
748746
648861
820
-246148
266689
129083
197620
308081
-54251
244446
495565
547334
258336
375452
-222633
-413551
105784
-73022
341944
315253
121025
-449629
322753
-10707
-68676
359481
1039550
271473
-482542
179678
1052134
743188
218213
155639
33060
316123
327251
28255
408615
525690
-70820
227814
825122
577796
623265
618129
218936
524127
152755
-20454
1660
-28344
25137
384368
281926
700566
316319
8721
396266
-155093
508312
500251
469453
921147
388292
292006
464479
-11556
181005
600599
791954
-18181
-174416
-277536
628181
-303171
511433
437183
179321
-209307
592083
465293
-177746
212876
837516
-329064
593331
45572
-66834
362999
9554
-31357
-94577
490125
50486
-206549
945026
953037
798110
-66341
661891
130064
523427
453003
462106
172725
975394
-275554
564903
-140939
992812
262593
234285
552888
218588
-285495
868266
194204
224683
365153
-132375
105629
197002
292358
423799
412421
-50035
44676
462246
551196
1157
-225723
928735
889104
569435
270604
-162283
206565
24038
140526
-94163
141791
385096
230455
1023102
392068
74307
820361
194869
461891
725562
930786
912559
-94606
-192663
286396
788786
612581
-95543
-89926
156632
207619
706905
-414060
824191
558830
-451
664416
512917
-17914
-41008
594783
1019401
-198460
964587
768875
616524
339965
465584
796490
431626
86116
-101610
473573
932313
-60154
723238
517345
19191
350227
-74239
699300
653722
986718
198006
402793
215144
101906
262177
29251
776011
128148
690113
367930
-89409
-161532
653350
10495
-45676
461518
701409
-83587
363135
288831
358486
107502
44606
156913
-128547
571539
-147644
167045
156970
573531
96002
722937
1185956
68900
530993
148516
155300
139480
8786
883827
267871
136858
23920
-148999
419775
730169
672289
555932
423581
801281
280371
-57605
569702
471658
444439
392154
630701
389563
444056
449283
659766
318459
36750
250478
545627
544498
575407
-145421
530619
-510981
684015
610683
147689
434145
396087
25094
85196
95273
306112
307794
319660
-2866
539912
205436
468750
821971
-73423
687205
-351373
474230
259187
126789
-301640
116979
-201181
478183
387925
395277
670029
180957
105507
708997
-129533
-91044
192952
128252
591882
-240220
-82167
700239
-60802
432265
258406
285838
-28869
129633
147592
341825
242925
336303
651114
-186378
801209
243106
426583
108209
249200
-212065
214090
83191
660006
-58099
730023
-268387
437027
1003771
380209
666379
489709
636226
127941
346768
-130144
251619
804021
-218150
135406
533632
100907
736774
135384
1436
-134528
100907
857974
732340
638794
819781
646646
513483
224718
-241953
282630
283397
575049
215717
1057115
660603
466109
1043103
27915
307140
795011
261980
1018502
33804
703182
414326
139424
514285
141769
-26539
828929
671938
620669
407621
37799
627809
347709
-273778
741691
84910
115249
725317
1207477
155918
2882
551515
404301
252682
985089
455774
720083
1075821
1207286
166905
128761
487489
-198305
324774
165220
816255
508674
631056
1134729
181933
398436
577772
-370429
290942
730815
-88001
1035069
479851
493879
-345269
102412
16812
383688
411297
351959
702691
825444
814605
-13957
242560
147902
817375
-114039
-287868
763906
115960
606804
1132622
555932
366237
27346
476768
332017
955795
522113
485301
-244790
-226144
755217
-73295
533637
434598
796459
420150
220878
111899
620093
-24920
-34429
15305
936530
-19195
821560
320886
625368
221940
352114
469137
272083
-178910
331601
-81263
292001
549243
160887
167266
818645
80920
1006504
-19206
445670
33447
301322
604018
-102706
182600
1019017
219588
-73199
608902
993246
536720
-179562
505557
-142974
9392
684768
212335
842450
393946
-127569
271237
879179
23943
-11391
577477
-46038
1063816
256910
525134
603353
913280
821981
142140
81463
340873
271358
1076836
335001
500368
-215006
117111
401253
585125
630735
108101
698374
596154
402081
903082
579574
930720
184057
537192
346801
460623
-173451
14977
532493
6281
560542
430162
-52667
-191597
690113
301282
76649
454085
1005847
453241
537376
679596
692832
382005
73630
661376
226573
1543
106018
704985
367006
763741
-357440
66926
484077
-128169
527102
-235123
597611
382691
143165
678941
988878
771033
686440
148317
1024759
1209012
-214523
103390
511039
-76154
328707
233331
431357
881217
174851
-327253
737592
315138
1035668
285227
-194452
192309
-68345
112890
-261111
-79086
239342
-16693
860991
207808
441929
-16380
675687
-21606
-47327
263286
-137459
1036490
81224
624873
-17500
1060652
447633
650001
-75211
3814
-230010
184674
-141923
496508
160887
208738
480679
673684
839351
659057
-261041
334752
215067
634115
12829
763151
281319
660832
-133781
424987
554835
580939
-15062
918392
240171
222776
151972
1025600
815859
604248
-129345
661660
566971
-15350
668955
760501
864540
43882
796106
250620
279071
-308219
-132685
619968
111406
-228919
485159
361156
188070
53629
-193216
-336687
396279
382019
152727
539650
760050
320274
-37197
141506
353334
840363
568966
735816
67566
59779
796468
236315
209956
67826
1056287
498022
705218
387649
404266
232323
741905
1035961
-245321
885933
128870
524268
-267347
447755
-52906
124057
-163522
761425
-10648
667192
853407
464967
310907
281485
-320148
-109288
193371
185617
739461
153355
70249
455696
768520
-127210
956101
692448
151313
795153
687165
378350
282992
562367
21779
152449
911758
-208009
348094
-75183
166766
-374822
-352897
163954
91016
-101082
615128
-22863
119662
311600
338508
19938
552459
87906
343189
371444
386661
200161
731550
-255637
444939
202071
731258
467701
-92931
316929
477483
-80313
123646
661975
-60693
734173
615450
-250721
396291
185108
553934
347495
-124633
312640
-211867
28732
1129090
233669
67696
554983
-59678
1175178
937539
800653
1031777
947159
676932
706838
472103
803180
378193
278901
39930
234810
122799
523792
152811
660366
959970
1080189
140960
141368
365781
114978
206944
-193959
42397
254332
13683
-248409
431061
635147
70318
-218619
389390
553373
316894
112175
533704
113125
205893
859066
756493
390625
773465
426309
1029127
384254
892220
-397325
1157531
-101094
427191
617497
857535
81280
-338379
18353
-385230
79661
283497
438254
-325273
741687
11279
765999
317392
119263
270309
265376
169609
78875
153464
447730
1181092
518990
234660
241906
-64954
587179
82348
385553
326208
-41514
386310
-202695
239389
223202
513953
800619
595924
10379
822890
803221
284329
299362
30323
258140
514507
412000
537501
674626
722329
503195
84007
565136
344939
382866
-175695
1031504
10828
151641
748985
261
686203
283418
278306
795975
349442
-154689
445932
562828
-220760
143782
412897
-59687
60213
-527114
121961
-222444
449607
-69460
403430
313235
780013
672491
-111565
577853
181146
750844
72758
321449
808282
-220842
326918
538740
213644
533408
102330
653036
997378
442151
981855
626004
1185119
521524
-108136
-55200
-97130
804294
153495
522802
546940
-29031
873843
128054
154716
-11088
771765
-18958
27345
1034352
370751
470647
283362
483552
713458
934136
58282
-119212
305910
513213
88562
-226502
250356
670029
361794
596601
126239
462626
628534
564437
-168166
488950
-136701
897891
-128594
392878
780853
967077
82791
582608
330695
24941
823086
153947
560603
1090589
653937
76638
101660
293730
524456
603155
-393630
93845
-91169
122679
214070
874513
777087
160129
594906
124063
154723
618149
135993
39229
132220
852457
158337
254049
468870
276395
524905
692060
1157
1023909
-265354
-226577
966296
350685
413384
618837
487439
-433979
-152673
626963
330964
701894
-415938
-99118
1087240
-70974
984946
30904
879626
583812
820397
549310
819591
157185
689538
430420
338831
450267
198588
-85566
979044
434408
383792
322767
1013314
482576
716494
841312
199925
30774
865857
625465
586343
757085
732089
-104644
795276
509048
909468
658111
-66552
343334
826510
1123427
764055
225813
644222
468844
193101
834381
401257
510167
-145187
45143
-5570
387365
217775
319278
550793
319361
194711
-353152
172056
22011
831666
773967
379692
817339
4166
376367
112995
364647
594265
76988
340502
437422
339373
449095
458748
941998
937596
-20245
642834
126943
392655
374682
105391
-77529
-81113
255642
325324
636811
-175015
114132
-440434
1069019
168798
-163609
479727
447508
188893
111913
292023
455240
752974
185010
313258
204493
-122728
270578
-172333
573264
-249883
293833
309281
414342
567499
829
387127
-175752
358484
43732
137782
605044
643094
1015195
-382366
1026795
348391
166799
951643
896564
926926
475976
-471601
580066
990600
291857
-81751
532263
268853
374108
80750
383877
373954
121858
265263
773069
48771
266302
778001
282642
241548
375388
512375
-64354
338308
-83258
73758
-172484
500847
864765
-179606
-35119
625522
359250
185012
34957
16057
-309501
744225
274734
-140281
1027715
220938
868729
810581
462860
303211
316226
-197572
785127
190443
-504397
978649
690588
236647
-25713
472166
568721
995495
923129
644554
315466
647521
849884
295321
643162
49216
144728
431993
199314
589118
-216926
528907
824079
143389
238220
-102006
-16143
207812
22540
809995
-174156
-407065
134447
503055
625403
749974
379669
220208
647932
29160
553318
-7821
244722
249036
367822
383034
333387
284455
685112
429682
333687
3551
512646
366665
902943
162474
988381
282170
713946
856297
404999
618629
56539
-110732
681183
538284
624042
263420
211467
463812
-230478
-91741
281473
-79350
467388
587753
-171911
1636
173094
103736
524465
170513
-105507
41521
603605
117987
578296
357170
439383
-285914
813570
-294398
-203634
375718
861407
144893
520545
229148
115625
520708
383247
495250
-201800
-76513
-15856
86934
887629
284604
-43049
496278
310426
442478
-226776
-275250
816819
-34478
-2647
799501
-299062
119511
761314
765588
55366
-53465
207057
122351
374895
516170
306565
555634
-4111
342702
1077840
362822
459596
224281
160766
-181567
130581
368765
207561
521899
875336
-176380
1180438
37091
630831
818065
247568
341831
316249
114132
435182
179477
115591
252240
803451
544081
25150
317178
5080
800158
-33595
732640
632787
153947
211772
379051
758452
427996
144396
169219
588217
223427
-245109
372787
374274
163191
335386
949873
-166300
796159
387497
947333
-235794
849910
495104
594455
484225
698816
512765
638213
858379
1037818
713375
-68742
696478
364220
73688
18545
-69806
105874
621960
18865
275090
520508
289611
687358
375105
670735
539299
35755
411591
-98046
-97761
152799
-84512
315738
852332
-150594
613079
51000
-195730
138717
552995
736446
-3431
285188
667747
-149369
432403
220830
996671
158310
682305
572991
583854
767112
131745
306125
-326466
531644
278165
69474
111983
802118
448402
114718
569279
315547
-288199
336883
736196
1093512
1107764
884385
313458
168818
597508
396384
510112
-87993
-309242
96205
923258
489304
594555
79846
-139779
-113696
307265
-346991
192059
118693
-306385
48994
506996
832444
738728
-125854
453827
453833
197715
223230
471305
291597
726187
-276220
352557
310135
434019
378039
-260097
284570
-42759
278536
400832
-196784
32293
129942
622327
218676
464728
169592
226300
336090
426064
68393
139925
477376
997434
587753
748660
365546
348094
-327186
305047
128633
316537
824524
821735
597048
393063
119595
263848
110107
110026
125895
-91122
479703
823495
793614
526146
149733
338729
730815
471557
-108337
734434
171493
644051
563133
538907
310051
-172606
866669
-19294
-44971
654975
864242
763747
330913
57711
-38028
135052
449250
438662
651857
157375
278590
396566
483851
-71850
-14840
-195817
-120996
227904
24944
366473
330309
22615
245669
-66314
531736
637202
27714
366406
478602
778629
357550
783536
546335
483552
-113849
355144
726888
-166788
921540
231786
312236
969749
651339
304231
273047
849996
731550
444655
781761
759910
412660
644803
367148
-67949
-475344
-101199
821971
139975
543982
1024056
395315
775443
-79438
684974
86069
327005
733984
258257
629785
1043711
668023
-321577
414032
380528
464998
501799
544910
378520
-194464
63009
174718
722115
368447
64496
553318
1133318
489186
-324549
-230983
290654
625444
592075
722900
-52261
-141570
-346271
633421
363832
263602
-45545
1045857
252450
-350086
265378
167299
665614
735358
442238
227969
276123
913799
-43416
152667
-77385
748375
19251
473897
849310
520387
334786
-350776
419644
736951
-77248
483522
399101
671619
414501
419854
-153676
121711
-11822
393685
271801
255517
502319
336532
741688
388906
711196
318384
817591
125946
-227854
573865
274116
267412
369535
938773
649795
986829
-434352
144248
-75543
321081
440465
374978
540990
-207282
1034352
40709
689362
698482
590965
-284517
444394
70299
9459
79747
-251767
463867
407985
597362
964349
193559
-308588
535423
48992
-92617
479940
382431
975153
-181415
-368596
70098
190670
1050000
-356850
-49045
63313
192169
128158
227042
385312
-83236
4496
-127846
418422
68895
46847
843002
509525
528191
224604
395285
432584
610351
31162
712183
392341
184241
971358
695533
345031
108916
272251
-48153
821950
642910
145317
-237884
545318
-264242
561152
302819
935813
793292
453178
634769
1208339
652389
370316
-214866
-69327
519832
863168
997179
-299947
122168
144064
-241310
403919
-375761
277210
345532
694222
-340681
15576
306004
927679
793261
813111
62535
20047
876561
558346
509936
-281266
563552
121891
-182812
-75898
-317453
1011361
555649
499629
-197077
479431
725705
-113894
-46051
649165
-111432
383974
-236453
1152910
1078587
164090
888405
139831
422058
-321577
259710
262014
599613
315777
22048
61749
473914
317991
-167762
249903
-137817
437056
-165289
693603
-112632
508097
-326192
197913
58151
690360
802187
309701
16566
491948
51417
-309612
-86601
1172496
342660
420810
47951
490997
556517
-111634
457716
607749
-139194
179894
341962
360993
343602
-353997
71572
287448
950051
-48160
371490
297163
995442
359931
149011
352637
260612
58731
378051
1018003
-84482
295879
310276
40709
66066
724465
-27921
288353
-222391
473419
542012
-20226
412042
449648
507421
57239
482368
95278
122813
372995
8796
328133
-163941
547028
184327
672899
157187
37725
-114140
615809
995599
-38691
491645
-34982
208467
-166759
89208
499929
405795
362515
1111969
10149
443156
868770
390667
835280
696115
52478
2704
26779
591730
306841
651411
632853
693356
182217
261321
329658
799501
452960
382419
912926
-151993
210637
-190982
863046
271160
414355
586216
920990
8745
960914
614562
28233
1056968
431837
-28105
222614
13552
959546
-314215
-292483
486673
1219623
512646
109339
8879
-55833
228313
678754
379281
-34662
646911
449875
-253423
643732
994573
223395
351796
236298
-183805
163190
887283
970215
317866
755707
396383
585951
314446
133610
605865
502645
57505
634216
-216440
294526
729630
-235634
703760
501167
294722
824079
802061
-135654
425936
409874
-182367
214863
305181
126944
70146
238004
1017
-379936
290057
35254
578266
169415
1185956
306321
501541
148008
225187
563168
246276
471490
821883
384222
610225
-288305
186509
618949
-342934
40403
797555
467230
462866
315097
169864
658111
85834
501510
407835
517081
230771
160424
336944
487483
930830
527362
365546
1102510
494526
221477
698887
243289
253482
-155784
560429
110404
225345
442478
603582
36286
204708
714991
-23613
708615
96924
-265923
361703
48188
459229
193871
889055
514357
270769
158016
-87059
-180275
803368
814965
104992
234447
346768
433570
210262
-9787
461044
68748
365462
132713
-195525
-228379
758512
311644
99861
69939
-52286
857085
1062068
-186481
56015
323751
914945
587229
888156
-22515
-193216
604276
377484
254749
414027
896708
74708
705205
-413760
362063
375695
319107
179218
412105
210743
59999
-194167
910211
-119177
102638
615750
108802
361409
819591
219380
-48153
-221361
489755
925665
1122713
-65654
906278
621092
625912
501614
390359
818683
565281
567511
371472
430935
287537
228058
27162
265982
899976
270604
1080574
323110
967257
313480
-128988
130223
535097
-151099
279236
690345
138680
71654
224865
301385
496498
394299
85746
-54912
641189
1040024
429726
-229816
548483
188987
1151127
196456
117987
202276
220110
-74184
695787
331778
983836
531053
683454
-118834
363060
426352
21692
276019
-57009
-2815
-84297
267961
361418
-85580
982847
298200
746696
958712
127216
945732
357582
-72708
5421
514904
205078
468978
691519
29251
788253
602422
-374520
681020
917865
110534
766195
-205797
225792
467387
446835
293845
358090
383663
805932
91515
71411
178000
-379351
-134404
531429
550037
338574
1001407
51714
416575
912155
-7892
187265
341938
386497
-10674
142181
346460
584865
-9230
-497250
975158
-84482
-204147
-228585
189373
-45632
407250
553461
157101
402649
4484
-42780
-147778
377544
84671
432868
661376
91353
-96769
-213645
-225532
634716
228007
-127745
329355
-245785
131868
673153
1018071
227669
393653
845264
706669
219451
438768
555904
495599
397846
10766
778622
342811
589739
232662
775552
623619
503161
390243
877252
1029816
178047
609499
401526
603155
1061660
449601
-377284
728652
20884
408705
235594
596627
385605
-97568
35628
1041207
447425
571064
1005676
-257909
382205
170462
738111
58858
-297342
-386896
754723
855272
528971
809005
919209
239395
1035157
360118
-172862
-798
377637
-126803
-392891
1043359
195611
673493
-114124
-188933
360247
304478
613978
384705
-154278
26245
-354079
77832
353115
-37094
-82891
551791
708531
891148
-68411
442048
-179092
93252
796245
528080
459057
860268
189569
616597
-65563
360458
543370
400978
76168
165564
-176860
-129574
453959
298468
1075955
-91524
11320
-19581
-50934
188705
254820
395961
-10877
703407
277670
766620
463812
516237
553980
871665
549095
400412
601761
391998
87910
354950
449911
301031
179683
61083
-325569
21499
22183
391126
201698
600296
17502
530441
133710
18239
407543
-10844
281711
863519
-199949
287926
560591
754948
209163
-41214
521524
487261
666262
566947
330245
780929
537724
390155
46971
116347
744964
905395
377543
530102
-10666
399739
293908
879965
-257689
87490
569851
920650
355054
1101530
355434
793291
-116439
114847
454513
424376
843871
-66284
815211
471770
526121
395716
508735
679596
127721
664583
294722
534366
486158
48732
546721
453144
-101307
-273147
-160592
-176504
214078
369562
517218
339948
41025
595289
418878
244973
308793
-370434
320039
717166
491164
424070
507529
123868
97022
791034
125581
267331
585698
142839
506022
-235742
589422
764964
202101
617396
764728
66427
387556
197719
309815
434191
-475230
670215
87775
725269
646270
451886
509834
193626
882444
289499
221493
108892
-34841
1184293
577507
-102796
383779
154427
158435
520445
446569
960669
27566
-96238
-2055
135987
-135169
-330258
22679
-143266
564610
11387
497406
566376
430123
-134764
156595
-34741
319047
744581
262799
518482
144326
535640
543670
387321
143031
-8693
-43487
853427
592595
551906
638439
529345
204125
668832
789877
-66408
795122
223475
588409
324174
148084
569739
159170
609448
881171
276970
533485
762697
-71018
88625
99079
450022
-271975
414078
35119
-279771
-219102
512903
1130881
710818
93068
545457
336616
517114
274711
181029
574244
813488
663620
638198
-192216
512002
377371
851618
-111191
227770
571425
-73939
495131
538138
254831
184440
717740
-180592
682377
719292
592534
661660
-191700
130486
236244
397780
-66157
152820
323722
354108
184584
311959
512585
376570
552795
447866
611235
235095
200204
233041
476749
82229
212154
859727
-16315
622490
243173
106189
397570
75702
893070
40450
263954
27591
477789
-235253
556400
185326
572991
461986
461879
-361096
361143
458091
-61314
910020
295292
-107123
-7071
73791
-64397
352208
555600
337317
184909
160373
19946
738695
90087
537872
-20351
235372
563940
666498
917948
162878
672717
644237
461848
896175
642719
8923
956698
707510
623987
198486
75016
-60382
-443019
418061
297612
61668
-79503
245738
919710
492467
239228
115530
404896
-230455
178737
316174
24341
69928
664141
-249284
858234
412190
911489
223069
120021
146206
55512
716183
522915
561080
546485
86398
386446
283659
879264
56770
-260132
297543
325599
-116980
565219
241669
-83849
719295
21699
543058
-10700
556109
37168
529863
568345
457043
267502
475133
474767
273373
63613
706564
457362
1061742
521091
950318
-244485
259787
537626
-29216
-17348
953504
263541
250197
143310
97014
443797
197347
-310993
1061742
651339
1088003
111683
749346
426744
371247
36830
2765
6762
141279
-145974
655130
557945
-266761
-271552
-176747
1265267
-92302
309139
671749
179823
43275
234415
409281
-18377
-124176
521741
787206
215229
254222
-357510
-67248
-310999
491263
816848
107470
825661
479301
721862
510608
418952
744850
194520
-175632
386222
592004
129013
427543
246478
505438
261947
438745
899942
-191237
1012323
601758
-203426
791159
176027
400780
433596
-6004
-109288
434374
-113961
-184522
703631
905804
-46877
91479
477058
1120312
904794
-58031
260608
410474
145093
681470
652611
36222
54926
351862
709374
848852
-295297
-56663
51822
-127210
26884
901567
-144418
85552
-21111
831353
413699
620050
459312
503051
155623
626304
994725
48361
50771
1034359
585677
503673
219759
868083
154680
678214
340919
314596
763710
56278
-266644
223036
137362
634506
-198924
917450
694877
333543
104003
421145
-197786
513784
451639
-44119
22181
858111
77884
-39642
327100
228238
851236
298407
866807
738250
-228515
68872
156949
232938
127938
728493
671991
177655
908636
531579
118706
175656
426614
-158421
263566
1071265
-60692
248879
740357
715868
-102
-74418
75197
182577
741965
742462
31664
19715
29178
426166
618572
1048501
387838
119767
563447
315296
870794
543520
307188
663318
191368
99017
62316
349378
601128
471170
-157242
250006
-146435
56743
301279
882144
268326
158437
797260
-257589
389968
796111
475208
-198478
70119
378060
-275364
495061
847295
-14830
81093
-30832
680063
65595
581046
151651
866980
-78410
1070382
-406572
280083
-378315
644503
100813
-79111
-391414
-240887
763543
-30482
329428
482781
-110571
198548
-95867
-37917
195561
1054370
512505
437135
160346
254158
-429956
-138542
642842
-99953
967942
-97356
808501
801881
-36770
257394
935887
355190
918055
-12753
530484
469634
-346600
-395002
281319
582529
-164720
-30782
594783
86757
142992
457379
-53691
862806
66824
455208
293872
164686
541742
-160353
293272
34154
518926
376642
568755
350841
3199
-170711
613616
610336
11240
394660
721296
646356
-352886
-66321
361659
338758
-226557
451075
494896
398450
459281
135987
144914
245584
892437
-72447
204560
497129
-327933
31955
242131
447740
50896
451639
-130645
413384
316479
-80704
776094
119695
-247469
811315
315547
375813
722115
-3893
740217
228126
35755
820594
907677
220903
221093
291568
-247845
93000
-103701
510813
-54707
635451
382295
483011
524200
529583
532897
97503
470406
609149
362937
350058
-133633
590090
52751
89836
965694
349847
204524
474555
466079
344571
-52827
898201
139745
288744
326359
465223
150556
786353
-209759
443865
398450
570059
910903
288931
351019
-144991
-137382
748964
173085
103411
351369
48406
388715
394660
95309
-89199
786071
585127
570428
373709
837707
181771
590046
-118420
246504
1194895
-140978
390933
476020
560714
303805
-199620
129074
186402
727072
823495
-352269
594654
41232
442091
953814
815259
690113
-125072
234130
813259
439790
368417
508976
449291
-165153
-15420
334253
546751
53643
302834
35288
772564
478131
77167
619309
161361
894907
-48441
345506
477042
581493
137248
-117965
-89001
-450828
5061
-331106
888451
188085
-151354
546308
608065
394828
544995
263650
384638
836974
-189491
741576
1011859
139725
378880
506711
152815
241935
584081
486120
-55171
36354
-75421
285566
538794
18733
598178
-13226
228238
838938
220849
-169791
388584
293845
-40716
893768
238410
246028
285289
29092
231080
878983
351145
342119
991131
580211
513424
31232
-343048
49842
-27368
654591
810006
842881
-101784
497730
667694
43386
-95757
1109179
334252
-32740
-107551
322618
-323077
-41228
-453463
-80273
1130493
471125
846465
-204458
901997
417834
265582
-141429
-234629
-247446
-113293
37691
82014
229592
313274
463281
892800
397547
1022863
173040
232192
616930
202589
869427
443272
-57986
-84056
-103981
129309
177655
646628
491543
623319
-23041
250110
-52202
-38164
-54779
-150489
568862
239154
164961
130130
760536
3211
531567
578735
5245
121437
-611122
664676
33547
286899
361846
361070
814593
371939
157696
371026
1154010
272397
-188189
692098
20444
1036748
509250
536748
418879
353276
-55529
670643
283788
368132
-249
598365
120403
178354
275349
158016
-81424
746984
167274
-178441
36140
745868
933827
776697
-187348
589213
-119695
885748
534238
408202
231917
909659
599016
-182410
61997
720045
548693
691947
752759
46661
29160
242031
705096
132934
261350
397298
428308
278662
623639
596396
1070382
32283
930458
-197263
-156739
812329
122032
235477
923616
-249118
883289
578824
553318
244529
52424
388998
546699
385124
514285
342994
-68061
566500
94984
-21462
534115
-39306
297132
222788
520557
522574
690584
612996
278963
171240
-83294
649408
815110
263960
528701
612493
518209
-114058
107910
-117043
570607
1238606
504925
352369
721357
117016
388417
820338
804288
480487
296418
-113501
123833
557189
149249
40622
676632
406948
465593
-25743
605588
89746
359632
-119884
650071
-375855
995842
918377
791370
142629
570168
-28992
1290906
635246
666841
490146
895774
127767
556591
685169
96847
10212
931610
-68466
810596
790610
521285
-147587
-3932
376447
391478
450245
1029476
457588
848597
448225
664200
153802
255030
384492
743988
595281
-259829
245396
304103
857144
97455
884022
-148690
-132608
56844
-12071
441301
-197991
1006196
238539
203695
909309
511542
591695
155265
279044
387602
476975
596706
-148524
791395
583924
287657
238013
31834
-223006
119298
57808
204023
989318
589573
1016841
-96183
893333
278423
742378
615046
316357
617167
529121
552753
649891
435617
546494
-26478
373271
282175
360122
26302
214309
-376053
523474
435855
522912
-123678
229535
233833
575448
198534
347923
849910
-32596
57250
625403
31196
576886
99969
773843
103603
799389
16782
286533
1165480
639748
564325
81876
118262
458740
120797
74484
535802
1122800
420993
18784
362768
726877
160236
-29476
320371
-199812
-39992
-13957
81108
420689
131552
420478
591196
279201
-140870
333731
93021
-219940
460925
521391
489909
282646
-463946
838044
80999
95959
378002
527349
297236
105983
279970
141498
23428
119274
356180
-79260
474530
872550
210413
204231
987312
401791
802362
543585
222919
62535
-229816
-79745
277862
483828
919381
85293
841985
204349
555031
429726
704569
-8800
377485
682676
688798
170184
-72459
164379
319047
450846
814464
237230
-232970
358582
260439
-188263
204298
-293390
-231707
163699
345452
83494
569690
361390
234130
-72345
144945
597533
868071
352304
213189
54290
797113
474892
813675
250766
472150
130126
69035
186109
352140
301279
382691
432452
-394686
37091
-102179
55265
-92475
447968
-115606
762430
811333
385891
821996
238857
304815
215108
-88456
112825
160790
698482
409997
561709
269587
174111
98588
148630
406002
512773
280552
618423
-40797
-47244
142839
296074
78801
43600
385362
45773
-179285
-497501
116271
607894
-49865
188242
-274963
608408
908580
393652
468053
402565
93908
732102
587759
909994
191155
1017151
50742
-172815
64946
191255
815411
487401
-21576
800721
522802
69735
270596
645858
-202517
464530
856718
-18525
-7372
-275983
-285340
356213
711966
114245
528971
341138
468939
-249437
-97838
1026186
-231692
623381
566924
121837
-343547
1106824
523146
138452
-63425
738716
694850
540326
-92444
448278
279327
-257793
73226
44044
320390
347963
396645
89685
898167
1101065
1009871
377769
632155
524185
109406
514910
-492228
471929
510252
-18525
395598
634597
-141643
342458
1002520
624833
-263527
-63138
162393
730676
105083
685461
455748
422562
48188
891169
-7818
-114828
271834
93021
518063
353647
-12713
-23179
147552
585677
390915
452372
508491
468047
-90546
717031
941562
903545
-47769
371990
1204467
576216
710207
400085
84658
189883
682262
-140430
361217
668485
-98046
373162
878208
913799
618815
495443
958371
-28529
-120855
502695
-208614
656576
487790
621823
296609
258081
673730
612513
-280609
597530
576402
-95522
607712
-146455
-34906
606438
594823
230344
288475
283236
435768
440067
1140343
375800
299056
428260
-147837
568073
26904
-61397
739681
134983
340108
657372
73495
635278
844800
754775
71360
60576
121155
-107474
664773
364251
68567
-4072
707600
180667
1086166
416499
348287
140883
-100413
169268
-120132
528080
348479
628408
447493
432849
563314
169232
93891
92811
338146
374888
527077
817229
404644
459748
367116
65354
804704
797438
334299
230279
658051
-65894
625948
240923
18737
739834
30885
725671
306494
-110321
-124176
280499
187526
471318
192525
-470586
-29549
-206097
-95957
111150
495000
207243
1208477
1017099
216920
933902
-69814
832836
995600
120872
16363
661727
588865
179759
94514
1129134
353166
20195
-121489
91631
5373
192420
606833
310668
521399
135224
71051
23438
-453658
867160
477787
-26470
742863
282326
611369
466316
-124971
-73911
113678
235990
545150
599749
-975
290971
878611
743051
649723
303359
258530
-26671
623
721809
53279
500268
-66265
344802
97054
-253112
839910
367707
293289
-17478
426724
1038845
29569
709183
1165304
-66341
571781
275423
319637
84406
-467491
172626
60613
191590
392883
741140
882587
265411
614714
-60437
428570
867406
162391
258580
169615
337159
190604
879844
730844
770205
335911
461676
835471
370734
-13996
42840
806112
1100540
916844
686441
416843
64056
-72059
441270
-37316
304321
675994
1016256
361300
352659
-346047
882917
598744
32414
824075
14215
179467
607967
147509
318352
166976
994762
227159
329197
506291
278953
285341
554970
160604
4299
623057
93027
431072
292109
927543
38254
660764
944505
679683
442888
-89409
-23266
-243895
-82891
897677
150008
-116257
-217211
163639
-113404
308461
1083897
288957
364278
399606
434001
326511
105999
-106130
755626
387633
-102970
185069
401485
558408
-2647
441569
759409
402453
112212
469524
344353
358724
1016964
-52418
-30234
348169
-149501
217070
371949
107085
425434
576172
575806
81731
316650
-199141
258336
453752
496426
670346
349452
719887
186835
477303
236863
292905
-58168
691781
603844
883695
-325971
617167
-36579
175204
49630
76927
598461
-3288
143240
364250
999265
-89080
181945
270376
-38477
600605
851597
39544
-216259
221206
174251
-118405
487442
248304
41404
506618
183817
308081
-286556
543761
-93356
417939
311606
-165794
325483
126721
223058
146025
573253
590539
386418
118408
807638
345045
458925
321141
-304942
111547
760964
321705
218088
426309
178611
490669
-28195
-53368
457625
8710
-218417
-198554
-383614
334329
774499
-47127
314941
-123450
671302
629943
80249
718920
936612
636148
72794
-107095
100246
266795
387649
400469
725625
691909
174357
-17097
154583
-821
366849
-100423
235218
611538
177321
-45658
-126926
285724
339758
-83644
655888
311843
778047
253012
157340
-369701
75728
532669
1071015
-28642
735652
380838
465974
719985
299560
73136
663601
158245
125819
768733
-166543
418281
654194
306253
-335415
672411
-154569
149884
429863
-127311
428012
1080887
-66968
101536
557209
668592
560499
809230
336296
453566
1174102
335500
-266554
311843
284676
520354
679291
559460
708311
409143
1104687
315971
260377
-47596
541084
759477
-294100
245584
-121407
865480
552576
465458
646254
354259
-26671
67631
393227
726307
599756
812525
43269
361777
230271
513756
529057
261833
745498
588473
1138708
289271
252540
287861
855008
9575
-253155
375726
81955
842019
208140
367925
651566
388780
358484
256588
-23945
232280
167784
-32658
546130
113483
740935
423177
565618
469683
585166
221752
512002
168068
753112
467205
290838
439954
52428
315030
567448
544347
844544
8091
-39806
-141388
548099
517185
50299
459146
375806
627743
179415
492861
18925
342666
688010
287780
421061
-256086
111781
454475
31615
-262439
-432063
560111
915171
-101531
931610
-53231
294605
280026
367959
-78659
467778
602250
340066
761267
37799
271367
312895
42359
1097860
21302
540703
137945
767292
343133
249891
814506
-3718
1156094
240589
699174
516486
-157329
559360
596951
280410
479309
286673
490420
125152
557014
298254
212966
358724
-153681
961612
-20757
765954
596699
312549
941029
282567
130761
1039655
412003
368266
115244
1248348
35061
-108389
-71697
-166650
637611
87831
79284
709508
586905
166465
156792
267707
362986
59413
-282483
-122390
-119541
-180830
241070
-61759
1085060
49211
143632
638534
578377
360907
845413
134714
-224985
139181
714991
551491
750426
346418
-117613
1024055
645490
340276
497043
278408
1006768
792568
333298
136861
-214649
438323
12098
204397
222622
1013805
308416
234925
-108138
280103
48118
38807
683674
400728
2081
821747
223428
497638
-42180
112589
624639
345941
227850
-189086
668881
-96538
378577
624538
410452
307845
-226625
144
391417
890741
557960
539779
-149729
-128341
117517
583812
267414
218658
127343
262739
453959
216930
365550
213879
531751
113125
510933
-64903
834222
261213
-14641
-110698
650836
169960
208336
93908
-38226
742131
-183032
1038955
-31539
314713
-256427
579228
-53901
669096
-155593
-869
359374
354086
1156055
-155816
343104
216472
672354
439110
-79774
179705
953613
549658
354842
425936
877708
-210092
795557
359348
351864
291097
949182
318680
795842
732789
569627
273260
449683
316099
464328
-85531
216991
-82707
423588
139031
565558
402207
-30301
776094
383289
481123
201892
394161
-132226
408621
474722
293289
187593
713954
125813
267022
330059
597143
354407
515040
579301
-2680
940404
146507
340187
372399
623865
718447
136908
194984
319361
31685
-66723
233450
558068
159327
233069
690951
308503
101058
453297
162004
520445
68039
-255188
556192
684927
644237
951943
18623
367006
1049504
-114706
208865
194599
276438
217111
389563
-423619
103014
815955
447217
345540
-53842
582362
195163
-155592
202276
291915
423536
-438249
-148263
720879
251126
141638
489601
147873
632244
508235
430680
-95721
-127567
-54009
335781
209262
1155651
366336
23079
-162907
520002
743001
551661
-23266
742549
181334
-55833
816111
642835
632134
185069
610896
-150219
-24722
1203604
345822
274219
369339
821422
803026
132728
56875
147882
63718
449687
-74147
-84056
459551
929110
179081
485301
540482
459743
995040
56743
179713
386300
811828
385225
349642
957798
252501
909614
671122
513914
321382
400542
393377
-36697
443995
-39889
997605
337566
-26093
365818
165296
863715
449111
-369213
258742
1017221
278255
171323
-17234
503003
165317
605697
594689
668691
7663
894069
518481
343181
182682
129132
951465
-65578
258666
627581
-190450
783159
177553
-51703
-46525
934496
457379
304649
509281
368272
617982
-438954
1104456
655082
237282
485513
550273
431216
385622
232312
846616
373642
-18012
55083
872839
147125
339449
-60603
-184490
651444
309552
690345
299685
565409
884344
862060
782453
243580
425898
192552
-152413
430964
124491
-24994
315283
112408
-18335
8042
581277
990428
333484
-173798
638478
-158527
882296
822485
227478
468415
822908
272357
557342
557415
417228
-60692
118814
25542
13800
798261
171991
397961
-183491
771251
-75833
728277
471557
210921
245215
602847
278927
109531
847675
558006
-12228
573253
446269
-487936
548908
516303
952407
872724
475643
560259
81663
27725
274617
512609
172118
394393
828739
645964
359978
1074973
311527
463029
784778
455110
881700
352282
962286
150395
322139
550715
164605
864242
321753
767225
200846
501285
63977
-302792
440517
12478
492517
296754
601
537405
563282
-228559
303451
-338321
-72504
559004
-204271
281608
-224558
1094589
186375
587061
471658
-241987
60147
-132414
-30067
396291
-211588
349976
143014
305472
-267674
-31539
558930
724465
-81390
343814
496246
-103788
63281
901969
42122
47705
837650
144453
166860
491344
-213253
-141988
821944
390921
147689
681363
-117400
-48796
63594
1218951
-92199
-230687
613660
317911
12993
-381303
297894
448297
342952
974890
453385
92388
-102408
215172
-66265
194852
575224
344200
821560
493905
1137224
-101382
468844
354611
294703
483978
506812
490088
765018
-20963
-69671
1206826
328062
562199
100872
21317
498234
-167708
597700
461014
765624
886809
478967
782067
356570
239863
24697
1002232
239655
-78576
35008
394447
25429
-236000
-417011
449733
1163473
111777
-55132
700304
257850
365403
363174
602558
853879
-56213
396087
-77474
344939
357831
245669
345506
530441
84086
425353
885272
1097934
72074
481630
-127846
171683
438233
1071539
668155
678049
301612
552125
366008
251113
576508
537591
679683
262861
887503
208234
958590
-87428
77908
-186959
-64584
-84528
256910
-6922
253692
-21691
348651
241923
442016
-55256
1065850
30291
413014
621169
333123
526493
372010
69576
119109
786556
779206
326918
226156
355528
87634
-210539
220313
-12858
166860
245603
199500
277676
280210
874784
117111
381701
152105
253611
633837
519936
663350
603431
-72089
-191862
57893
559779
20949
740663
315977
511218
684513
657168
368838
837170
930996
-105729
-76857
337903
126607
586943
369321
767590
84509
1044243
191368
321753
347874
340597
751633
170647
-92762
531850
-101027
453366
20480
-72975
-62151
-105163
505893
-198208
498521
881530
95278
474713
668412
305438
533592
702994
1160235
68827
-58902
580622
-457251
990500
148437
1014461
633562
966599
1065083
532187
634827
296290
-103803
329833
618184
485299
-220638
247894
-94647
-37452
469165
488625
331488
-127035
854650
625407
323148
269959
630396
478200
376365
547798
623865
-118569
40995
1125289
373192
531806
260887
528041
248346
559844
626630
1116463
-337395
318749
93853
3055
-75856
827709
-4070
135868
428955
107029
647383
-160778
578904
169474
967137
129067
-14245
385661
151998
501167
663921
633554
921676
594092
-219336
-112029
190384
521325
139028
244652
-67414
-144380
25483
349908
235549
495287
127240
-265451
528458
276101
212937
917349
433481
975041
872977
66427
683331
1209989
332515
58299
581528
607084
697461
-105557
144052
689572
219272
13653
-272308
329716
94233
811968
534287
529388
263629
197765
14220
546520
803728
307691
1088100
81706
-129920
409935
285145
526793
384502
-124278
923976
-271814
220443
573335
421354
582547
223330
447309
238340
30288
540929
491987
180248
-289215
-497250
-117258
1087414
120289
564991
871529
456596
1059665
478814
339174
943453
655654
249118
-336032
827634
40093
-99673
-4542
234019
560859
762165
580123
621899
44058
438560
307761
70726
-36337
105144
8262
476542
376400
856961
46085
483684
-137985
293491
43421
417993
564962
282970
465348
-146000
113522
143295
626131
-5647
34957
334349
1013679
619561
722232
122443
920267
119485
473947
-148760
892523
269048
425622
559720
-239118
920143
442635
82789
892220
645913
-1807
1031605
376736
968791
60307
957247
285175
184622
716399
467421
271382
379759
528350
390253
87805
123483
305448
124975
208590
869680
724723
-110982
-39523
75770
619623
670969
96943
456277
602778
402038
730005
-86998
16078
199383
1144677
-166821
527304
-158074
673233
807372
525102
109015
45670
373342
798095
425794
-8780
-157217
82886
-12334
-166691
314
462783
113101
75197
298232
140308
202412
334967
-244825
-89176
46263
569744
570358
461189
-64450
366245
-22080
68954
-44195
340964
46460
346734
119274
575300
310124
378668
582408
375576
-49889
170489
525438
241038
117251
847959
544747
-156730
882241
547175
698816
441963
168701
383412
296754
222920
243005
415081
903082
964994
362818
101173
-68826
214460
833821
473350
603122
679872
149289
-1590
154159
436553
431618
807372
-166736
674150
502719
846585
387336
-14937
1003320
18240
5083
570104
92991
649530
61083
1068354
707200
554091
35568
323422
938613
714279
-160131
66815
528996
661651
606459
332490
689841
115701
325587
323045
525322
186402
375624
-46857
693806
431570
113483
581528
513615
-189382
1050000
782753
346875
439104
-154709
248111
-108748
771920
149240
101126
899676
1098395
-93940
474530
1148474
83270
917543
770559
465703
324065
666501
311154
68508
-22704
-3116
496054
366263
260143
256003
218128
1165480
347628
619277
127994
110641
222032
582490
-260533
506852
236113
422529
207587
-8595
-238287
135527
-131248
421908
927365
644628
963998
-26014
536289
414811
90636
687714
-30926
738531
369002
1162984
-79005
-221134
261304
-103442
686441
299560
-91507
525578
513297
418068
571539
-103087
326548
981271
714970
579134
919517
727722
-105628
126229
44979
-308363
483437
278642
833821
-69330
866716
-166194
1029527
594777
-210182
549178
808993
563234
167729
60572
345254
301099
353611
226522
-232693
358724
112757
298843
640937
714492
-231961
56670
122582
966733
991519
702124
899830
-159599
219617
-102185
965925
162378
167137
-172896
444915
466454
494526
-416705
437468
225691
604934
130540
213849
461941
-98808
33573
60617
-215037
387988
478013
-79385
91759
705994
-119443
860917
287747
442243
457332
272965
51163
758073
-20391
664141
-88996
864161
106711
184658
586340
22741
644672
343675
-104329
564092
-109260
541766
-216012
-355507
178957
97265
518566
152943
925348
285290
863083
-92350
371856
568613
478737
325791
-220537
328268
-286810
364121
19236
473914
334184
747068
-372152
1054332
300928
-287868
490669
442940
1081049
467230
-57764
901227
547049
246597
298126
442948
255955
927230
406190
437533
62831
193460
1112827
612566
394931
729447
788852
-251784
421630
-143747
-270770
355527
-86314
687173
897641
661141
-105606
185396
658048
107942
487991
605976
157428
523306
-123212
505748
-404
219053
493186
284775
794795
103907
420214
454994
637968
563730
99308
552998
491691
770268
658004
299625
233992
174992
844544
732519
330135
367706
-33277
594692
386497
139339
398750
294422
-321577
-14363
382848
524616
266895
488213
1081113
327472
782925
252533
902670
-70425
249536
528313
63436
337055
-413056
608367
366849
768520
-149892
499648
839253
443285
-106104
-369524
597197
75445
848624
-346735
894447
965362
329553
492119
851320
-134315
455734
157660
271518
485744
128246
663921
140383
729000
571448
257817
681682
-137365
321540
661311
190814
880224
753931
768520
555119
356632
1002932
664003
931502
453144
-210856
295700
-89764
213606
57378
637700
-81864
528606
227856
1015221
-169058
657461
-122866
443795
244973
162961
544656
697550
-143659
-64038
135647
323141
603970
101660
902428
-448344
579358
492030
239364
833810
232894
257163
840221
304321
991569
70774
581827
237307
92388
76434
24841
-79111
532010
-122013
54656
73136
483055
160244
6746
896902
492623
-250397
294104
307265
-164827
463775
482062
-1306
703995
31378
809935
814506
816757
250658
577715
143667
-133123
492116
531898
202117
377371
1106801
217185
327314
217137
-255804
773673
668583
-8651
142789
81968
329642
804931
70066
850573
244488
521490
444178
375649
409330
898201
909880
302517
46073
244158
205515
490959
1044535
-73521
241643
275009
479005
384082
472150
408924
625556
760571
116482
198479
570787
310124
42925
920494
299085
484225
91311
49211
-131967
147421
-80448
617352
466357
576472
1066472
267985
330309
493840
184857
987875
1148474
775800
409390
-214683
233930
-274828
205080
465844
458087
666745
319799
-73844
294458
273578
146379
-86165
692177
130321
74307
-249437
438825
-92921
693097
681738
388961
467014
545648
275736
669185
36263
-338593
-123307
1040587
-123265
6807
621899
884119
473419
666332
263547
206035
977656
223708
369527
516499
-241574
526067
-308836
-76551
561815
-15856
746122
538063
249410
501586
446839
327251
829
-110590
968460
29499
766905
1206080
325684
391618
401490
969642
59544
829864
158645
-87664
437422
172275
-2055
-179117
236753
645945
339174
-45524
394618
484617
317935
769995
183682
464970
812078
256164
74949
383654
141622
164724
389495
-15040
70789
265561
126800
223592
278989
312131
228657
-461143
659539
319953
178634
284821
304044
275964
303274
232106
777123
-157019
310816
274806
1104650
96638
-154569
33280
46395
567280
808282
813259
592582
-236145
-288636
347976
284268
1098121
842387
254831
480624
4392
369872
488471
17564
135219
577251
613411
508848
346872
-5577
546273
212124
-274828
8071
18441
-438640
255479
445975
792631
-98980
-51449
448483
-85687
313018
-187301
-362673
804216
-105209
404846
712485
-77947
1062241
-336032
956019
909457
138125
1174075
838846
130272
1010344
316880
-66274
314554
334497
366612
63159
272124
1001003
-5672
553476
350716
-48206
138330
-156942
946924
422121
-107223
597928
970489
-297568
13034
669185
688249
31772
-242694
22732
480127
396232
74472
302372
122698
-66321
508285
693742
652546
507269
499968
202138
298899
418030
177590
326060
520498
832331
890741
355170
465355
-4334
874591
-19797
143654
456136
-68951
130798
583657
893857
579221
504457
517584
77457
158280
113672
98040
1066751
226493
21762
690377
101222
-38356
460573
632827
370634
454295
-187271
922360
345267
279631
222608
-27165
433626
345938
423857
132482
403969
1147956
303926
539762
139964
576989
6986
345180
568451
305529
406741
531275
45434
-201254
706419
113253
155967
437745
169011
187005
110107
101848
-30782
158962
778938
324012
-208918
931265
-349015
415515
-171654
132260
606137
348919
115869
-14319
228175
677925
64033
861212
174977
-29216
171136
-3156
712578
574531
144285
385821
802318
497528
397349
-98806
167488
86728
633427
341757
128936
545047
991423
520200
-1338
-158180
443444
750963
215173
387304
1119424
513841
-231533
579216
215260
921535
394774
112947
-228526
266544
645689
-32413
433551
140293
980543
939522
127918
213849
-299032
336755
466107
-156295
674716
163134
1006768
559248
-86352
138135
349676
267685
632709
223961
-105195
-267569
509717
858863
7091
179247
53643
356398
-178246
561170
574792
-40331
344137
891961
394633
756889
278574
39041
-295611
206445
481724
618594
-110845
243763
144738
405617
865253
946149
665936
122129
431236
752266
290226
645804
543130
-17086
395104
321753
-290688
318695
63281
364142
44424
-7974
378520
330395
464850
299475
465996
191782
287214
313681
-92865
397992
-203684
1046511
377010
213858
-225896
152957
57462
-266084
473682
191146
466592
402685
584858
955193
615780
52446
-56183
393720
68429
462363
250245
372737
580772
103830
72554
196262
337435
434750
388737
602285
107535
162235
399162
431920
50503
443116
530908
481791
313204
741599
547982
541923
294904
489696
725565
344968
279113
786258
225278
486321
253233
946288
255603
-68571
102474
202520
610546
571840
508798
883485
-295926
128740
638647
164168
412690
-118498
679526
710354
-111534
614066
-88322
27430
64325
315672
489605
513819
810097
124605
26115
68735
628085
1027988
345435
769512
279583
573603
403919
-160320
602959
248790
242954
474254
522794
12135
103775
405464
367545
115739
705953
27483
61076
-275416
1141075
723562
-190307
-8261
902589
-89484
351176
967942
1078309
103703
151843
899400
396236
413929
290055
132946
-52418
377222
698346
324660
652862
-194404
550128
-155963
338258
385288
544986
377674
-211930
668627
30243
1021510
343598
640702
824185
673550
-304978
845889
442635
26050
940323
644608
-50122
601221
527313
302168
536391
934496
-128444
206948
926885
74637
898594
151641
516007
527553
290971
518741
399484
446394
-297342
551295
312769
614186
-79256
446677
397725
-403149
70122
152485
1154713
614391
474682
760894
191151
291377
95837
611223
841671
552499
-137902
452870
893563
520531
436973
575745
83462
520394
487135
500410
145562
80398
485931
409074
68858
372092
474072
252899
634056
229405
600374
101656
633867
-194685
975
240027
724655
-203339
-257022
323958
-50413
-21893
-262591
-83828
9795
539671
202316
807993
323294
431835
479699
378199
-104753
483268
458371
527839
869455
-198055
979469
-55671
514778
-87624
-191371
922582
993137
509583
375333
445634
452534
688205
-36815
10865
251367
509251
451350
452335
160559
234409
384825
-55649
513809
-26847
330245
312597
763363
714553
1091816
37875
140767
397714
948608
-330393
684679
505971
267230
852691
556472
623290
255398
789303
-25751
758674
-141429
305438
666104
731714
401055
557757
167142
474401
-79396
114034
-84810
-191594
358277
802319
470704
442061
652363
545364
1218951
-35822
190009
-58077
690407
-122828
825498
-271814
336198
-118739
1051062
375452
-66047
840596
576351
77160
244644
367215
306215
776208
209245
752319
916034
920060
161878
818956
283593
329593
42883
-54923
15005
581808
506998
262564
-141214
322698
583765
221152
768907
768047
421632
624955
59974
-320959
668614
766429
443643
-154031
-353997
243294
370471
554180
11845
617534
579348
852471
-110732
21644
518228
1044525
397846
339174
318006
930706
142388
402270
746377
648222
-69733
527451
807082
686295
533569
663655
433387
608609
431006
88309
213045
525894
16819
423302
71953
1203119
291888
327934
-19474
-93662
1055531
-43533
217409
515708
887828
-398129
-94743
-369899
385
188324
236875
70238
261983
25121
62663
266716
343059
804767
1037693
28757
284177
-8667
294987
640119
-246061
135403
1197440
699762
1148649
492885
65450
-66315
-66638
432066
306253
285482
757583
149626
279715
-268354
-17765
468421
887498
531559
70843
672411
362493
176293
808539
632570
-167993
909876
788209
59095
498966
324382
421028
145696
535842
-22172
-183132
429394
166773
809516
1046807
794795
19494
-140592
-53698
540122
320518
317113
249139
266426
-33007
235654
1089633
807291
433955
468700
447740
427229
249118
-207119
305614
529740
535577
447961
689134
-290043
270558
207896
617225
68430
901170
-415364
261473
939692
-2102
44899
30
-18162
568881
806742
546815
-4071
599465
935662
321925
828698
1109012
445396
403029
356922
55652
399891
713956
-146576
264438
776973
233093
-57303
306712
227559
320672
75731
-167708
29161
995964
505326
103985
499766
693870
748388
43890
837183
403916
-253397
-231818
451960
25971
57015
29314
24676
424428
326639
386233
-161691
31340
83228
-113745
7544
190802
986416
436816
474580
81108
-91485
113736
180722
56875
215108
285838
901747
-2493
-221071
366407
177590
134773
16235
94709
685578
564179
-254830
562678
-46869
84886
350455
574637
228195
906055
-132712
-404288
122568
-260077
930229
920267
530803
463775
124026
672762
494046
298540
698486
490621
432732
373598
1037388
33595
20340
317058
-362546
435214
105985
-112586
183378
346956
225078
331349
226652
617418
353146
431645
854084
464854
953845
-197121
366196
261255
-209683
65517
981271
-247064
391927
365377
12852
453339
513847
-231692
803121
37876
603133
292462
497715
498768
-31483
113990
604998
133610
813570
616343
617377
173165
272990
987875
864268
1080094
886912
613448
176575
848
214309
-132259
-179453
319871
635442
101391
2514
282497
342241
-898
292734
546162
449412
199840
69256
-115502
451095
27362
953375
273365
184442
368519
1087893
-392959
-31974
-79818
412926
671990
-17927
302408
5447
146531
635916
587334
116347
-117347
558726
783122
-342843
189380
534876
36755
564710
105300
422993
643599
418388
714684
573253
359920
487872
369741
928046
1137865
603065
798733
937292
244920
919624
628552
950283
428976
-221398
811437
479014
210822
2200
290730
970720
140517
385892
174453
-158516
112249
463487
-25538
705196
459596
463546
319161
613464
-97898
467057
-146008
903677
85002
721704
350332
817768
486103
279966
-29109
496527
398166
71317
703817
-148606
-35749
694222
524784
699219
194166
43617
397337
193992
763151
289755
186738
448971
904165
417101
32316
-199045
432845
517244
391153
284482
-155592
631080
265597
-22515
-37853
171011
21499
360056
234562
583320
210344
-86284
149369
-88685
813810
76578
559045
24697
542867
493764
510003
27567
73134
801711
-72234
116915
677855
519411
959901
985578
-277828
485451
183644
649368
-199771
65512
545657
314153
-239186
365179
119236
600825
555154
-179295
391111
905271
556648
-211594
661424
81990
251084
332331
479939
701083
602391
466137
548590
544084
819893
457004
402453
454818
516982
128560
516473
565160
1025330
59138
734287
-35118
378263
1024161
48321
187100
1208339
533153
560683
-230706
10
401803
165386
379318
320925
394151
242656
-188372
-92199
555793
-283530
957455
553938
-54230
289407
327527
322548
67157
-14830
1233952
227280
-6122
19434
272818
662848
327100
1141416
-117252
464809
501
545375
1032811
194306
635018
685546
357831
182272
258812
1086167
-1409
693606
-214436
487452
53931
-199620
614466
649290
-35647
516007
1009644
-189038
1261662
430312
180010
687313
523905
92199
320121
296074
399040
-123358
581367
254603
51970
162816
100759
650737
71360
-180362
784915
354647
379290
156198
270240
-217700
923071
684749
-144864
-143255
-83949
558533
481581
1028161
-298111
330118
499260
465079
756934
493995
712183
544879
837370
748656
107064
146757
253843
-44051
165595
-312808
334459
-252282
490879
144937
1026780
158618
1124696
292654
379079
180241
524828
670412
89925
408171
18876
74302
295312
415574
589716
869186
-143240
568721
-92372
498621
771235
1002186
300691
-41426
419941
160777
-38049
369741
183958
162214
269192
683647
752692
157513
158368
451649
-119884
683656
348602
766091
200844
-146844
740753
304815
-71771
485155
2622
-207962
-249819
592847
16223
-122017
553253
119668
261975
61807
-397904
83106
313568
543658
396123
413066
18047
651339
332847
603770
318739
487854
452502
34782
252296
221426
530698
694548
753446
-380465
560896
82737
892084
280084
577437
58535
587252
181490
168453
120607
491164
60278
105053
-36770
138125
993411
-4253
645238
875466
798124
482340
787837
567941
654182
412298
277515
357881
445959
-98935
-29891
558703
-66451
492022
240875
-32413
453732
946040
403919
163253
464650
306074
197055
798842
190079
93214
497715
395277
478613
774156
18178
272655
592020
533507
172797
625931
107404
278294
246512
965875
-33879
75526
-287057
243274
761935
-483362
297539
263616
83884
906871
-174861
984946
505454
81035
151762
179981
46293
-33355
252673
439374
272518
596740
1023982
148113
-114302
143782
810969
269048
234246
126944
371681
234447
1100098
95833
-335017
430588
830346
652735
45233
-82003
940747
718876
74163
718444
302486
110257
638649
83775
163036
-95388
-177725
26883
-63137
774913
447078
-35721
-253335
738649
568347
355886
466316
-192000
54614
362872
409482
372010
374472
-325971
1018962
-109479
-211913
174227
386113
-114705
708574
1023434
911489
-198203
301612
395856
185497
136762
7716
-53625
98402
409469
-107734
223490
55156
458417
-15738
399990
963265
514910
639602
168909
335165
334679
598272
418944
212494
334019
536407
873348
574531
601871
592534
653286
686761
214436
-180204
871229
433001
394920
683165
544807
327889
274965
30434
80510
800826
-116405
-40505
-347872
484096
283989
1133045
707367
303360
-173333
808050
446799
-156255
23456
-20551
528816
723051
641524
-245083
492751
827729
347576
419058
879313
784685
612664
-201520
646238
-224561
146904
210526
117324
-277389
-41073
173626
757613
-23748
-8983
320105
562342
691931
696115
972381
321575
256551
-503343
251422
249052
210058
-263093
539832
-159160
64619
338496
908379
792936
309704
411692
107762
372985
645891
342226
-414167
201008
-383339
546556
521103
76663
-95939
80701
-112297
346956
954826
319758
854912
23064
762865
-238519
4299
81957
380819
-16107
1095127
562453
-180469
477669
633577
824975
-346622
985009
1001272
857892
-477453
-48779
-54064
432308
405770
223428
189564
360390
374353
575369
533880
428862
284483
-238519
117298
213477
386302
420916
872337
-100907
396566
462026
748141
471312
-403504
-85292
238636
88408
485428
335229
515545
441831
1019818
15030
-215895
630321
487004
56786
1196588
1185281
13852
144575
780650
1069124
159483
29195
400353
397711
828803
485431
-250529
27763
531389
-211206
203586
267366
529128
1050688
-119142
780424
1102123
415728
478546
-285914
-85560
73497
257880
5141
547814
403566
564962
241594
-112078
376954
687313
255948
915451
890883
466462
305628
1124068
399565
730579
-26941
319223
717827
321392
64756
552325
137015
154467
730577
-430351
-233835
-156838
115969
209542
438122
-72649
593694
275218
300427
712600
1164986
415792
414219
-230152
445573
141212
568862
565214
-284322
517464
297549
71146
10775
-240434
817284
696554
1148365
-38326
608689
633874
640824
595521
395520
352268
-93940
-497270
664042
-13512
-62689
428804
28791
155699
364388
-10056
187207
428030
261959
670133
11954
-180925
74324
-218594
-25208
84949
7844
509149
250594
342385
181519
792769
-63137
766500
-136059
387880
703077
143468
737114
139229
369348
315778
271678
65025
339691
239154
-293295
481361
565910
962286
-62139
653401
517481
686203
307406
21749
149499
-277828
869408
67631
493897
-203623
108226
340605
799700
839253
366421
531277
-369171
488939
284132
-109509
498813
315678
26770
203744
412550
-104581
384053
-117555
320505
691412
129942
-14384
53279
1098591
316357
775646
72898
115183
417563
385124
-443588
445167
705218
113042
615325
390048
158648
-141387
166465
-4774
939425
554104
240619
270568
-271800
249181
-337490
308919
126265
-50116
127647
27567
983855
156824
179388
536728
205649
712090
-451045
324432
396491
869860
-281701
-76229
295423
590706
272630
199902
653549
406551
-38232
-348075
769264
733638
251080
682913
-169137
182350
457466
687100
311876
96421
71426
381023
382357
-51090
717444
204705
485624
94904
744677
566595
953037
920166
292817
-146077
495112
549321
358724
563676
191668
636014
84239
928055
808623
613484
498038
677185
708637
453708
355640
527841
453267
682144
-194167
461837
97962
-43661
-5329
537376
-376053
347152
394393
679076
-19319
428308
371393
-108770
20941
592582
-31873
507833
660718
434585
892156
568874
579134
-71496
120442
311887
1107474
873979
196192
12943
84830
291384
76276
-125374
-169812
430076
540814
249932
638072
-86851
-23463
846252
365841
-65054
644052
277207
346765
510356
474369
315940
138437
20040
651498
49630
498625
640132
1047997
258587
1184230
809177
253592
356415
395131
1041820
26579
334642
897034
600574
1105570
420583
-298951
551612
-29018
165199
864510
519558
-16607
-38136
806192
167878
16907
376962
402649
592582
703764
350996
-206302
-151708
80976
-145372
940280
1038848
132970
378276
-32979
138440
153000
-18884
196460
620187
66824
389665
498862
320993
430459
240559
-109144
512629
327869
345254
1020873
605226
797874
300926
-126133
490033
183254
255471
26501
1049402
746577
138163
389490
424832
-110090
76650
772801
287448
811794
-192472
355553
128378
415653
721104
354634
-68213
-179453
-68213
-75914
635588
672741
89244
638090
-72059
227159
-82817
233653
419003
584178
402651
869127
15305
371804
855856
778734
255248
446289
-58409
-40445
-348497
992312
380794
444800
-3418
152805
630306
799209
-320607
839500
471432
542260
660832
-965
284959
-262095
828200
387131
-37013
169534
589216
253911
443876
165787
-13324
600223
1261006
206806
-94179
887197
-183789
6624
134603
1074431
-273572
416017
80978
841187
-7397
705196
481121
460895
427039
-200147
423536
919901
469556
532101
750276
151375
46847
1031436
415420
710954
379124
843394
47615
658507
433279
-166270
649672
170926
171594
817309
-230812
-114372
618105
502816
873455
-300215
384255
609102
409802
45408
442845
743231
246459
535585
466411
372447
121191
665532
289860
227288
550399
-139920
422915
179259
96253
-381598
139361
-75197
746003
-153975
570176
200396
968836
626367
430247
190875
372612
51136
479279
137065
1023034
-213996
398151
619510
319409
393973
577112
996882
-182046
394767
-108667
527660
-11080
66313
239159
-377513
75197
300733
759179
224989
-141672
125895
649197
459204
901728
776882
558068
314795
233069
266976
660628
-139779
564072
576609
-346622
155158
939147
312895
266296
677764
405763
429871
803728
763685
13552
408495
-503139
667017
597242
349737
439644
-98733
468098
500224
-30645
-67752
606264
-239321
509114
-225781
815859
371532
-137439
714523
350880
-131500
1117821
1001681
471163
138122
451464
469810
725347
372269
596273
227017
334329
56154
520284
74800
107085
216930
562945
572061
464772
880720
666668
280534
667179
539747
301099
585874
60174
344715
-424647
446444
308933
-83777
905464
323808
-140939
812776
905610
199861
-197121
653561
380986
-312307
34921
751473
343214
682336
142035
877252
166512
387438
525198
236658
495888
465085
424205
758182
756493
-8667
180387
208543
76313
420521
191280
844584
125897
613412
20652
150172
408817
336652
517882
533599
509116
599638
197415
-205620
409421
555957
456282
472336
713951
964048
91590
507386
602208
104992
136067
445634
915303
-190431
710486
341091
461892
908183
548241
350831
168701
330499
852988
220004
453273
426863
1050903
287324
-180242
1167372
542038
-318336
-191040
-368876
-225896
182148
881801
954477
510897
747450
217708
483933
906341
165217
830346
470618
577369
331020
618866
-202517
346753
-134724
1162904
98955
76147
-17400
-57682
273882
234437
109663
145825
-27906
426534
6557
-52319
-192942
192474
795557
466448
543432
309761
-48559
-125108
-130567
142
395150
268310
272673
354557
610276
685661
888193
435390
-10694
130902
1091429
1014546
530628
380968
206172
389052
691799
155699
1036541
333558
363322
778793
311643
205966
267961
-141282
220179
1120145
393637
-203927
40630
-94083
589641
447972
223592
-467755
-180864
184564
-380610
1189380
-66966
320760
253888
628413
-144895
1019742
559824
816231
256031
555008
230957
317656
941004
305255
832429
660641
-262890
589172
-168511
16557
176712
541192
562814
-88398
562206
421708
57507
260314
-148897
371532
495113
365539
686181
373225
650056
257132
-113070
-46741
142871
309704
-163044
764774
385105
1008502
934217
449648
259577
811472
-76154
384493
934374
836858
748109
285052
462277
186119
882056
-132435
705589
-11608
-148616
483569
496052
136198
638885
843885
1185091
-65417
39229
-151628
167878
577317
1106619
511410
266158
-137459
69492
453959
257285
990303
416140
205143
-176289
395277
-17089
812681
936124
170647
275886
282630
295695
754165
382691
874652
148469
367324
59736
-77117
524944
226041
709719
324133
-153501
584937
-31306
921676
97844
547814
521326
475599
-231829
111695
253614
637180
519106
362154
49149
171579
684161
307369
715099
543279
-190742
720727
596618
-40883
948917
375722
-54773
763658
736597
670871
367049
36591
-54211
602907
-119752
620355
5250
580070
245899
303805
39148
679872
6762
766688
743664
-49305
1031666
-259537
275700
929169
656447
-130866
-268075
-11454
611579
755100
680078
-224965
109013
259116
561672
496507
495131
85964
652861
-68345
-223035
58814
437109
828982
6857
-88544
301312
-251992
-256690
485616
60529
439773
896112
375404
938398
33446
474369
655728
-17500
-284059
642834
793286
-325103
341192
457458
-185973
171848
54504
74135
348287
-65021
544636
-149698
1205012
806465
798186
446231
936139
577471
418389
521102
760941
575448
-125376
816709
832198
408463
-9787
83032
748070
353207
486754
456275
669705
534923
165199
528368
-398368
691637
578735
713100
159261
580810
-131432
-98344
-257890
744672
-86265
514625
15578
725712
463918
-127802
457811
309243
148292
50564
912813
-51773
261213
-83484
-196714
841595
636660
1153027
160231
697550
600715
392332
1109179
