-1610389
99604
4572052
-2371204
5410778
-958566
-1210047
-1961808
506994
-2905737
1143895
2812991
-6596895
-3633171
2924472
174332
3558116
867955
-4522829
-560051
4646044
-2213681
40564
-1106606
-1455709
-5076098
1486269
2429348
-6784854
2141482
3555801
1904460
-1785721
2524430
4708697
-304247
3293531
-5874027
-415108
110458
-5400879
-2818042
-805311
-2325001
-3298506
2485327
4704171
1195315
-4880173
-1649435
-6857125
-7549248
-251758
-6678794
2239587
1147731
-3048199
345445
-475469
-746594
-1059035
-153340
-5671095
-2241083
-2153395
-2886579
1162200
1557823
-7818261
15848
-964547
-182455
-3313614
-1926884
-2480432
333240
-1803015
-2337774
-3015749
5861848
2255804
-2550727
-2775258
-154861
6000871
229609
6523227
-4182468
186211
5087827
-2882886
-710689
3497033
-469734
-1880629
-545099
3230295
1748211
-65982
-770201
1670920
-5323973
-2611735
1911435
1722170
-3169811
2151184
629450
6920793
689067
-4500665
5117643
3255612
-1940612
-2746008
4635419
-7995520
-541313
-833355
-6153227
4118890
-5809354
-2198996
5961927
5534168
-777330
-4852324
1069620
801981
-1839979
-2273468
1501820
116868
-717327
-6493573
-172134
41905
-4274701
-24163
4721023
-7131117
4396724
870452
-689476
-1063236
-24508
1968656
-5390011
-905334
784039
-4519427
571523
-2536828
5159577
-3394746
2284855
1145914
210560
1228813
-2111106
-1349175
3087190
-5715978
2892935
-1357189
-926579
3035285
2939787
1980493
1996647
-4880919
-123611
3446808
-4339619
-1020420
2517067
-2090301
4132300
-3776821
-5141256
-5230504
-1372344
-920019
1803405
1948327
525350
-4257059
1264834
-3754380
-3762880
-1577638
-292286
-1113713
-1527731
-116741
627676
-1248839
-5185690
1162112
-664154
1183778
1529572
-1357017
-4062229
2425835
1465132
-5001074
-407122
-1080725
-3186715
1305457
4392394
3656658
397134
-4608828
-1079833
3676539
-82907
3214648
598317
-7733320
-946579
-1598490
5124162
-2157329
1171608
-2184578
1667738
909512
-1143348
648852
-2168897
-2508958
1140535
-3736556
2063397
4183568
3088277
-1126723
164987
3626812
-1835039
3878088
-5414924
3217730
2946054
913074
1599754
1303367
-7171634
2247079
-1100998
723195
-3130446
-863731
-3116997
-2787251
-452525
-3282106
3950907
2059055
-5691311
851124
-5377976
4583495
-1381303
-1611380
-632623
-7519612
-728443
-8373603
-3606886
526599
3192926
-7847926
-3981677
-614817
-2028135
-2125761
-5462634
1556915
-1867897
6062114
-6234931
94662
-243426
166712
1573415
894426
-158485
-3438547
3852896
-1432737
1312486
-4789839
-1462156
-1243410
4005282
-8201678
-7298562
-1321721
-2527833
2962688
4022677
3549231
3207214
2300683
-1726647
1766253
-3431654
-1245131
-2128163
-2832237
4327020
-3299238
836060
-1976924
313977
3771645
2560800
-3096059
1512597
-2277606
1666285
6640449
-2264543
1834842
1250261
-1632449
-2436431
-249484
458939
-3154654
-3181076
89440
-399047
-3259085
-3921493
-2146359
-1676900
1409502
-327288
-4475998
-3225522
-175613
-3963408
6291758
5845806
4242382
-6745748
-1098603
-4803100
-3103544
3017950
1884869
-4880816
537843
2442653
5424454
2180470
658450
3137783
4702425
-4207099
-2992596
353960
-2305298
-2170567
-1144696
-903804
-950013
1917949
-5193915
4628196
531128
-5986427
-9597823
4872664
4741449
4974172
-760374
-54453
2581765
769319
488315
4000350
-3553900
-9512057
-23417
-4896442
-1058297
1814205
2277011
2172387
14340
-1820682
-766977
-180990
1538873
393594
-3649228
1656836
719751
-476334
-277544
3827075
-753588
1680784
-312985
6841812
6613603
-842673
-923322
4573430
931892
-3780445
196964
-2804602
334651
-3102250
712193
290007
415276
2096813
-3086216
-2185291
719082
3644242
-2879974
-1757702
-4830818
365524
4175680
148487
4833085
2574914
5469488
-592725
1116801
4864595
768457
3302658
722067
2950109
240549
-2218563
-5184353
-4992664
148056
-504825
-1357557
3065932
-314204
-109562
-707670
-4492177
1970907
3102334
2659131
-705309
-2747158
-642699
5993593
5655780
-1005518
-518552
4084112
4219175
2122314
-7432754
-1521672
-1049672
2064090
-87557
-1371958
-1347138
-5922014
-1204500
-4838928
-1677005
-193581
2002972
841391
-2987095
333155
-977032
-1548610
6155222
-2058049
743896
-3682167
3197333
-319445
-2874834
-16922
2558899
-2646397
-6139356
3280458
-2049964
1963662
-69604
-4079056
-1390398
284055
4988336
2410323
-40686
55204
3495022
-4707611
-8556846
-3492808
840841
-602668
-2727083
2531272
3650492
3130517
-528754
90749
-5524118
-2797056
5543833
2079262
-598456
-1645769
-1350161
1665681
2314186
-2532591
-564677
-1364758
-3687552
-4796350
-5222968
-5468737
-1246687
-3887281
846882
3529883
1625316
-2979398
667028
3610782
3163726
-5895936
57381
2349084
6144860
-1158711
-1329119
-3540053
-990195
268683
1530647
-2359859
-5110761
4358708
18003
1291015
-3610373
-6085704
-2536010
-1314781
-1359150
-46183
-3626007
-2052696
-1650229
442582
1356289
-64308
376653
-4263319
-2870146
-7416915
-724509
-1440761
-182359
-5270801
860160
2080056
-702601
825454
5629200
-172594
4380728
3318566
-2900046
634542
-1782970
1335489
1698309
1212523
3048987
-2338349
-2719248
415669
5791712
-5126121
-2230566
-5987412
3737350
-8702469
4646081
-8075207
-948966
-5632732
2367661
-4136229
2076861
-4319847
2539558
-1310674
-3868069
634947
-1853293
-335627
-7310
-8165308
1549861
-1740644
-1322205
648144
-2083085
-1508043
-6550129
3672712
-4054341
3747555
-540294
3065929
1931427
-2420747
622215
-581734
5648563
731357
1012597
-4643072
1943044
3003459
1181640
-3864152
-1270340
625575
-6736594
-264538
-5230113
436439
-18106
4135512
1240773
1078827
2220668
3045921
-1979093
-1760381
1574183
-3578184
3299684
1551803
-3525519
-254081
-1445166
-1191113
-769593
601843
-3343575
4658252
-438064
1024166
2640995
-1302276
-486645
-2570000
1930981
-4138753
-3405462
-852995
-3548731
1714696
-3717481
-3835877
-4925252
-2527655
-3992252
-3574362
127282
-1362379
-2470022
-668518
5219719
-3593634
-2792406
838778
924827
-2417674
860575
5749972
-6085601
497182
-4917804
1757332
-7210922
-7931
-9084543
-5105086
-992862
-4491795
295729
784784
-4411578
161760
-1165160
1220166
-568059
-2539556
-3626969
2605966
1824481
-2458922
1715928
6550959
-5425371
-5622530
2198818
634998
1416159
-2277753
871494
-914159
-4258479
-5932553
-3187976
2241635
-4727876
3004503
613061
3662498
3527695
281551
-4337025
5614139
1143597
-3496792
-499714
-2504329
-7056006
-1706933
406568
-1569361
-231959
39939
-3829242
-3411568
1150602
4608522
1158915
295038
-1329387
770489
3330874
4797475
-1894970
1904660
4135546
2814362
-492413
-3762397
-1000185
2770560
-754725
-357386
-1840313
-5707858
-284871
354985
-361181
-2427118
2508697
5552800
-449431
-3542031
-2194441
979298
2167579
-7259552
2748112
-254562
710020
7067477
-4385417
-8040525
-5011898
-3504089
141557
-1486721
4133081
-1288698
-689000
1008545
1066602
-1224929
-665440
-217757
503065
2022657
-3016338
51947
-872355
1775373
6242929
-2113935
-1923898
-5676509
-4594995
-470255
-718048
2126874
-1601740
-2640616
-570187
-5826729
-641605
-640622
4686972
-49531
-4715548
130186
-2854809
3037197
4869871
-467275
-364500
8808
-584804
-4481568
183138
-4832404
-2749143
-5140355
5159591
-752252
2325830
-394400
4152708
-52718
-5069377
-1767551
-577410
-2667940
-1791111
-988199
463148
-3226991
6615000
4508149
-3196804
-3295611
3156997
-3280270
-1694407
-1220756
-190151
2987381
-3192
-56556
1945271
2473941
1854327
-5218413
-2232898
3258315
1798125
-1932485
-3776273
-1202308
-527626
1754602
-5613259
-159626
-1602716
-1268572
-5579029
965511
-991337
4096499
-1297314
-5758535
-1241215
-2666980
68894
-2537931
1254933
3651640
-41413
-2836522
-2066959
-6713130
730685
-5820058
1212691
3091001
2525234
-2347910
-1941559
4886683
-132003
-3349636
-1220272
-206867
-7101610
2071181
-431185
-2673761
3183695
1784594
-292007
-2940317
347798
-3142016
-3270332
1519349
290495
-628176
5777219
1855241
-955734
-3454078
445700
-1638511
1678925
-5218966
-3830966
2334697
-391264
2286851
-2428803
-4757238
-63022
2678915
-382199
-1724291
2129147
1338127
306372
-7296171
1543179
-5035070
-3170959
4336436
661289
-2300829
566833
-4940065
-1933367
2013372
-5557381
6378434
-1064413
4614684
-3142105
-2902802
-1582473
12917
-1566720
-2013075
-2034826
212215
2615181
-3720999
-6038628
2060478
-9101072
-1364392
-46838
-288191
-575098
-4612
334815
1992894
-2633612
1889295
-3908667
5211078
-4057997
2433627
-1761050
1328019
2014390
-4350518
-3852943
-3620945
909615
501439
2056177
-4914155
1434404
188562
-1397729
-1911029
-549243
3514498
4231241
1107441
-3648879
-4269323
2102829
-6820879
1511491
-35888
4442269
6227988
-2587312
-638816
-8438712
-253111
-1791139
4042411
257392
-1015643
3502711
-2665794
-846986
-1096969
-3406050
5489488
1050186
2799104
-309953
-884006
-3988126
-273399
1387650
-1646197
1507079
-1033486
4106031
1310556
2854832
-2941354
-2149876
462778
-3530078
2747898
543710
1610258
4861151
-1455645
5203077
5377264
-3099403
1086869
1581261
-260381
-2795506
-146968
-7028735
-6418242
-7473711
-1644250
2838563
-3818266
-3399416
-4802769
-637220
1118139
-2043641
-6341331
-3353071
3431231
-1546039
-1201193
-1146914
2755089
5914100
-4723254
2610792
-363547
5981770
-7843682
-1968120
-6887629
-2078062
-4662938
-44066
-3943952
3663294
1064904
-368933
1462418
-1134300
-4277332
1468186
-2729386
2632888
3233242
5928387
5726571
-582575
227188
-2274411
4839441
-2643178
-5002660
4628994
4495288
-1512578
-206808
-183252
-2074877
1166329
577396
-2718099
-470598
358795
-1284897
-4742992
3063595
3139040
2106019
-3311311
-4912944
4252554
399469
994533
-3695179
-5398577
-3305359
-5463068
671302
-1749046
6128803
4174750
280007
-6761216
-431501
-1062363
1395487
-3769220
94589
-1531767
2283111
-4416156
-6533623
-1692808
6787671
-7443277
353547
-92605
3295143
-283547
1304588
-4438713
-1807264
157899
-2252085
5794120
4895522
-3690934
-5870250
-876249
2740621
-519003
-5898824
4872518
-4346846
-258424
-3455535
-3977393
165550
155426
-2752930
287406
-1621556
275476
-2248080
-7626545
4894563
4070120
-5304819
-5930967
1022665
-56810
-62536
-3444000
-1505419
-1896591
1087285
1368847
-4826453
-6457906
1455501
-517646
932958
4411853
2173251
-2019971
-814934
4961389
2915779
366259
3197238
304251
3264689
3536894
-259774
5821036
2152276
-6028796
-5852780
1972600
499887
3379401
5794006
-1910791
-4516378
-2033853
-1445466
-1523016
-5548653
-3777915
-2731447
353271
-2701196
-2765303
5427529
-3442815
218282
-3974983
1611130
-1259166
-5680574
1820414
-9005912
-555390
3350774
-6994391
-2765356
987863
-5921293
2283283
-2024693
-1007820
5252139
5129959
-4604082
-2467357
-597834
4524131
-257503
-5310031
1903055
-1610783
-1720325
-506549
-5641539
4741971
-2345402
-4618791
3150694
246796
2095885
2688930
-2872947
5184527
803221
5934442
-2060979
-3290540
-622459
-7523193
2005722
-101076
-3038282
-2290217
-555460
263863
1935219
-1944055
1808925
-9157718
-614612
191846
303268
-891553
1008382
-3827175
-3525727
82875
-4702152
3848901
-1000778
1442656
925523
940570
-482023
759117
-390897
3053469
-1898689
3126160
-1138429
2234382
-343700
4751135
-5006912
-1852314
-3667725
-1386643
-2818062
-3768836
4225800
3572462
-3285647
-5812366
-866437
-1352821
1669798
-1751463
-25970
-2831774
-2530721
-2761428
-4376274
-7432315
-1016437
-444658
-2653525
2222034
6375612
-108256
-4089594
-2414542
-5695415
-1820868
-3308048
3807152
-2369026
-8201963
-59269
-1064522
-143645
159349
290678
3444354
4552558
3038873
6018748
-1178444
-3667875
1745512
218212
-264916
-313329
4594919
-3912192
-3570244
-4822868
-2667879
-1362173
-2845796
-5997550
-7378707
-1577641
-211687
280085
-2292052
-397046
4648176
422581
-3037886
-524627
-1450918
-2849526
1141684
-4258740
5687025
3312026
-5803351
971580
1152589
-3687746
-5593917
-961785
-1374952
-1588560
-2155132
564748
-1486334
-1138826
-243724
5930811
4251317
-4507016
3526545
-1793028
678069
-3283845
-2664626
-986474
-202006
1694292
6182316
-1894459
4052660
-1810495
-171955
489066
-770939
2480796
-2461304
-1182496
4708370
-3191162
-3926227
358890
2087136
6471493
2033010
1126831
-1204980
-7355419
-3959074
886516
-160392
-2762078
5733939
4263213
1510974
-648343
-21717
829365
1187713
-1826926
5108899
2413359
-5069456
-7313528
1665521
-5907246
1650634
5797129
-1681611
-8033349
2466372
3344201
3006156
-2306062
4946776
6117373
4330126
-1257282
-751064
-2634448
-2229329
-2122387
-2471400
-2241034
2461432
2623618
4613445
-372618
-2760662
-1288577
-804415
-226657
-2393659
-1410582
1367090
1758014
-4176452
-4788124
2157948
-3734628
1601377
-1812062
-1157854
696096
5495412
10207
-1776874
-3882592
-4339729
-2888009
2065792
2090770
1710246
-1518852
-3234997
-1936899
-3636995
-7493588
-1253164
2875395
5821204
-417024
-2759681
1148473
63106
-3027267
487707
-3693194
-1827276
-2622860
-4017246
4015599
-5317825
1627668
1849613
3352604
3081105
-773612
-3724089
-1946916
-2940283
661698
-2019250
1263657
1792409
6659
763399
3301273
1350961
-2554251
2909929
-301387
93000
552405
-2579733
526754
-3871800
-3145708
-2167134
-858508
-3732178
567069
1319826
-1026195
2416102
-2298961
-422594
2598595
-653525
374025
5971193
-3317423
601483
786780
-1895867
-957346
6163001
708713
-908255
-2658248
-2570181
4453427
-2873668
-6360733
-5386231
224756
-4081802
2833986
866603
-2810293
1846223
-4374827
-6010794
937304
4665180
5740761
300390
2969726
-2437797
111827
2348753
-578857
2607532
-6260830
-2589176
5994687
-8877372
-1820318
-790137
-4090353
-1682340
-724135
-53235
-2985963
-478958
-3623769
-5355326
-2061655
-5467816
2773720
5648275
542976
-6607974
-1549797
-2079933
-1932464
-1410213
-3766889
2917259
-2698195
-6937121
1135437
26620
5762378
4838752
3282344
-1826772
5778725
1324420
4504203
-2286317
-3594126
-1297716
-7465416
321567
-93692
-7327993
-2602939
-7263107
3970828
-4950765
-1036444
-17796
-1599647
314668
-638553
-1282790
-2663029
-1783958
-1592331
205571
-1688397
-334966
1204921
-2386654
-1472658
218570
5269140
-396533
-372150
321694
-539157
-3718294
-1181495
3427565
-806680
627486
287588
-1653883
4993185
-3911602
3782655
-5165414
1569490
1984349
-6686749
-5060633
278817
-974898
-8609582
-4842661
400629
-2119094
1592378
-1099668
-2413051
1512227
3883262
2455574
5048639
6111911
3848258
-1088454
2027353
2742310
-3435611
3316473
-1973254
-2798209
397893
5550779
1423608
168225
2237677
-3588222
15594
-8754407
1070348
-4065936
-5807772
-7805296
-69856
-1881996
3899103
238191
1781329
-1748672
4203094
-2225149
-1544558
-4475
-2895400
-3374178
3212830
1982825
2127539
1907684
555312
4049031
1017256
-1090856
-4369642
3753010
967616
2213878
-1665876
-3270768
-3865100
-3583049
1149612
-3262047
1665950
-347111
6159064
1025538
2312598
-93572
6137808
7317852
2511392
-1087815
-134241
-1672633
-2785877
-2048769
-5202888
-2243470
133174
-5747565
97809
-1085534
-2122314
1387195
-1708918
-369592
-1591245
1372612
1730586
-5775440
5234249
-3585194
1129916
4837353
7222090
3988163
-4867934
1980105
-3669454
985120
6038012
-3568758
-1434945
-2656652
-4266603
-1568614
-1774202
785817
2850951
928523
3514277
-8086668
-1178024
-6133614
-1742476
-1983790
1245057
-128547
-4336961
-825100
139657
4054574
4919640
-5607366
144296
286920
-3214685
-5782124
4010855
-2345324
-4086305
-4267349
1444564
-2084965
-968834
-9013951
1111031
-1344120
-1560848
-2367510
-750347
855378
327800
-5214031
-962997
3356643
-6456280
2000430
1936714
286524
-4254328
-766697
-850944
-3879190
382004
-1236095
-5442479
-496825
-7167704
-6909665
-4324051
-4423
-3181835
-4663700
2215136
-4819980
-852330
-3524645
5820743
-2059851
-1388202
-2046285
-2693173
187386
-1999586
-1784909
847288
4593169
-1512957
5536526
-2468055
4299120
1741894
-37321
-3013582
-3089457
4867490
5986596
-2968831
3899889
-96614
3096388
-7314220
-813486
-3160784
2794355
-1778457
-1931079
-5114990
5390631
-3848039
-4536844
1814663
-431416
217240
6616318
1096793
5554795
-20982
4723167
1972367
-960687
-1295720
-413715
-251379
-3261208
-178006
2190470
3228682
-1472152
1003028
-1208299
-2532637
-1565920
2181944
-2495860
608959
-2464530
1725925
-74998
5989526
-1557764
-4643721
613407
-1470249
839394
-211489
1031016
-2886226
-7416580
-4334342
-673162
-4278461
-3973325
-2589838
-2287638
-3247882
-3455331
-190468
-3053278
-1753886
-767873
3988718
-626703
5338968
1239072
1409030
4667340
-3294438
1160745
5068071
-1946083
260809
185005
-927521
3257067
-5894381
880061
-3852629
1156326
3482698
2225896
-5088293
5222155
5121530
-4876631
-1911239
-6833696
-6465013
-2043534
-1382390
4153752
187950
-613302
-2530411
-1609941
-3572812
1633243
-2449892
281557
-9558724
-3101902
535072
-674721
-219303
-3494618
252239
420506
-7137769
-3455138
-462823
1462466
-5398790
2273432
-2596967
-2750007
-1096391
-1672213
-2016166
-4257891
-1639066
1053331
-3476424
4321873
-5730050
-6505530
-1762669
-1370027
1464188
-1725019
-4810599
-4530953
-4605056
-1034038
-9433789
1342175
74211
-3166429
1873355
-1358806
-1462609
3765345
-2634766
1737731
-6963623
-886368
-3500595
-4825600
-4452534
-1128757
-5798220
135412
-448008
-2439529
-461005
3244956
3252175
637299
1583679
-2351224
1957099
-3394840
592491
138285
-1142504
-132643
-92402
5452601
-3583755
-1822172
456876
-4279989
-6606789
-1687855
-3701803
-1373961
-4018176
2789836
4314379
-1906757
1057796
-1393531
-3941856
4724766
1562784
4395372
-9044553
-688784
-153603
2120873
-1376690
2748127
4692261
252633
-3442456
-1135867
-961143
-1811448
-2861005
-2965225
-378960
-2736878
-611676
3725990
-1130440
-842908
-1167643
2424270
-4398845
-1292469
-319821
1941820
424439
1781219
3038698
724647
2257855
-331030
1191604
-2805384
-5949082
-2258516
-1125884
701026
-5202644
3565274
286419
-273684
-4769646
176364
6701327
-2036119
5927882
-6145665
1057399
3101859
-2278866
-1228528
182643
-1761021
3249791
5513990
-6825607
2434205
1365009
-6764899
-737786
3172096
-3494105
2525701
-1895529
1466152
4549493
-147681
1837225
4341765
-3476611
-3794692
-3913085
-1836481
-2112234
-4796285
842920
76276
1586522
-1735178
-1520133
3363707
5451552
4043663
-3604523
2093980
-717382
-365065
1712186
-1730081
128017
-1171833
-1641090
4995284
5639232
-2662080
-27368
1448400
1016649
705981
1631164
-468828
2813047
330416
2312636
-5245040
-1246846
439794
6360941
-2568202
1459748
3139209
5169595
-1976914
-2597088
-4656517
-2321157
-826128
525797
129945
-3400982
5322726
-1330331
-2269728
-957031
-285453
-3172443
-5096828
-7814984
-4393479
-3459792
3393157
-1266071
-6386445
137676
1445310
-2295098
2185654
-1605977
-275809
5748218
1431735
1639595
982975
-3907084
-743801
71929
-603419
18523
-3581351
-1626245
-1413137
1659597
-2697797
764371
543816
-798349
-1893209
-901313
-4667065
807434
-4620885
1462432
3287739
-2218420
-1895059
5787759
-4810033
139509
-2387320
-7916505
-6091361
-1262711
-3465323
-1272548
18353
-4454172
-3846331
-1512829
-1962897
-693409
-678892
957623
1422075
783178
-7112699
-452843
806382
5836503
4784555
-4984655
-5127311
3598892
-133465
2045021
146604
-5402503
-7416976
-5063440
-1366355
-1788151
-3857865
-2363118
-2818409
-665823
-522109
-4737660
-2216172
-3271191
-95504
-8420999
-7214728
2243848
1803480
-873948
4764378
-4383727
1271461
-4765478
245813
1474105
803367
537414
-2567737
-2734917
-2380493
2763126
-771067
2647620
3394930
1590318
1490082
-3226068
525988
88134
351262
-1267129
1508551
1989380
-5174785
338634
-3245259
-8551821
2354011
-2477121
2157229
-3421976
1634918
1442540
-4816940
-873235
-5304603
-111932
1251729
-2245854
3949433
-6878201
526450
-1587002
1878034
1382900
4988228
-3141645
-746406
1446099
-1045312
-1015463
1093952
-8969334
-2117649
-685943
-4528551
-8228145
4818690
6162
-3124161
-3931735
-1966599
-846887
3500917
1247843
-118087
-116577
-2326360
6665062
-327207
352437
-3957051
-5947602
-3719370
-2836585
-136940
-3301085
-1901846
-238811
-434909
-220872
-888464
2544328
-2838800
-1038363
1518748
-1333122
-1042390
-763620
-5872974
-1311348
-344067
-4915365
6098993
-4237705
4618470
-5297621
-4316471
-1665927
-4468113
774093
-49180
4389010
-1820453
1358287
-394108
1682967
1161735
-1995850
26079
4521332
1531140
-2387757
5018112
4724785
2298939
-3458711
4959518
-243397
2149489
-245539
3422347
-1256380
1609721
3765400
998012
-1665149
-7294008
-1977339
-2212178
2848125
-4305173
-360741
40777
-1002245
1322208
353317
2131001
-428539
-1087105
229364
2381593
-3681735
46332
-5066762
-4083396
-100881
3465847
-528073
-1419202
-3564663
203088
-1785579
-6340966
-3946750
-676173
-3119901
1392214
638975
-2507407
-6000198
1652391
2593334
-175513
-600072
2667472
-5185148
-649290
85592
5811518
-3131805
-338212
2595416
91539
2996567
-1575943
-1486179
-169613
-1603145
-3608163
6323877
-4169845
-2729219
2930654
796738
-2632544
-2243876
2614863
-842800
5077501
6396037
-2685920
-1552214
532221
4354296
-1590295
1039348
-178420
509538
-3368607
-1753556
-493981
5611848
2470955
4491658
3001842
-5092456
2304493
-973540
-1632216
-1661337
1839184
-4870787
-506720
-5426978
5588285
1603469
18035
3415468
-5601833
-2658801
-695895
-1842362
-6769276
559451
1903832
-3123915
-1784037
122189
-1615494
-1504346
732035
-1467848
-4279739
651456
-420232
-4764333
-5158520
-1538665
4726122
-429101
4771062
1624474
281511
225355
736385
-1863543
-106233
-1553815
-2296699
-517244
-1706156
284840
-1757829
365739
4239545
4513004
826780
-4466062
1870061
-8383904
-2158922
3187541
237714
1541675
4192584
1046045
-1289030
-245405
4657642
-2302405
-650802
-1325524
-1568680
1559860
63959
2921424
3482711
3282273
-1121371
881701
17055
1069649
5307859
-5666612
-4261817
-1279872
2747534
-2769468
-1877039
-3692582
-804938
-2388769
1624074
2364660
-4417626
880481
-3645460
5882995
-8812377
-1641966
1442004
-3045807
-1858324
-362429
64229
-628131
5469223
287777
-4195487
-3443105
-1073875
-1318837
1576877
-986605
1331889
-848251
-494577
605183
978779
-2871326
2792376
3888108
-806740
-1438765
-3622828
4412243
-5238549
-5820946
-1745840
-8668218
-3343604
614585
-1240806
950688
778215
1268103
-113997
4447567
-4249549
-2270257
-4351358
47384
1447855
1357303
-52712
-5125042
1967280
4337120
-518109
3013831
-1430985
1221997
-473428
170324
-153956
926110
-3411608
-3269226
-2706665
-51396
-1253341
282086
482188
-1506383
2272046
-3474088
-1226952
1439476
-3414398
3716230
-2061333
272950
-1430348
-8028705
-2262945
304010
4949070
1315956
4514226
408091
2484381
-1816661
-2162677
4389325
-3327748
5228546
-231037
-2852140
1512302
-329064
96272
3617018
-4737965
-468644
-3048308
-426437
-5954449
2921884
337073
696733
-3154688
-1936731
-2675421
3465523
6347590
-2070324
-3115407
1917711
-524102
4020225
4138309
2181367
-3893120
-5562742
-4038692
-1043953
-5159626
-905416
6364837
1023761
104939
-1453069
-3297223
-9758027
-1998256
-1711408
3679209
-599583
5983865
-3601355
-1834194
-1016069
-2307454
423614
3407124
180956
-4674696
-3735055
-6597368
651280
968570
-900345
-3195385
-5111715
-115233
-1165477
-4166625
1890777
1187017
1189312
1916076
5297259
-2960146
-4114865
-18236
-3443179
1410071
-1391572
3321088
-2616988
-2290965
5805403
4323674
-6238871
-1522441
-328467
-2603796
-185459
-5087646
101658
1380354
462906
-6946368
4503506
-3389126
-2041945
-2250849
379937
-5179989
57571
1338463
-1067481
38348
-11228
-2663983
-2851918
-2709349
-5420339
-5694293
2774613
-1614926
-2771256
-4041804
1568591
-3222138
3954909
3434586
2717516
-5099163
-365210
-5849302
-2093931
1561742
-116350
-208527
-4817878
-2754842
1953329
-163703
-4887098
-5361446
-3496242
-1134076
-9137589
4702842
-3289142
1943087
-2522189
3242015
-3245812
-770699
-3450776
-2136701
-4394132
708594
-6693107
-3117352
4974709
222068
-1458272
613720
-5243476
-1999136
-27692
3598119
-7783042
-2173526
-1337773
5580953
-1686040
-2162365
-5500175
-1478518
788833
-5433377
-464098
-301434
-7743525
1775112
-2186787
1395604
4168267
12060
-3708947
-37747
969158
-892829
382784
-9549960
-604051
-2976666
1562926
2713634
-2045610
4805010
-4577927
-7485606
-109254
-7086207
-2996903
704803
4411548
5796614
-1700847
2997454
356740
-4648865
-5864077
-995201
4024618
3390864
-127713
1338283
-81193
1871671
2146797
480140
1449596
1075575
-4619200
-2933977
-4423427
-7700251
-3185038
-8354241
-542344
-5320430
-1773379
-2406040
2332675
580207
1367710
-903818
-1955121
5553190
-2142510
-1699502
-1130205
4441798
-192272
-1587264
-654065
1906465
-1456958
5632194
-879584
409448
-6533147
1116380
-1163676
3166191
2894024
-1239618
3095812
-9375832
4276486
-54223
2943160
-5396902
-66661
-9036447
-2665940
2752469
-6538747
-2440510
-1739924
1993202
1513188
-2094481
4643188
1842515
-4850511
-958471
2503230
415808
-2870440
1235551
-505798
-5825250
1096839
231129
-4385267
3150462
-4803989
1149974
-158254
-856858
-228478
4353458
-1084084
-788506
-3814583
5315249
-2356930
-4047500
-652228
-3149135
1468266
556763
-69917
5799025
713078
-5245046
4590007
4647199
6300328
4362278
-841114
6075678
-1025200
-1905967
-3458823
-564703
605243
755552
-2115244
-6175274
322137
1813807
803799
-5002530
-3468843
1493662
-5238032
-1484529
-2371778
932047
-6940623
-949202
3613512
3031081
323889
-3726041
-3025717
-3823165
-3068129
-3481066
-2289823
-477281
2796038
-2164101
-348450
-1192961
2926300
-531993
-1975435
224459
-3796320
-3955677
717247
-5353103
256734
-955661
-3373754
4915627
1401153
1099805
208725
1750923
1502388
621265
102056
3713866
-4527073
-1359500
4517016
1279300
814886
2826128
2446621
316730
1554435
-3187763
-2453873
2257051
-2976587
1958085
-2383650
-1559745
5808840
1176932
-2386685
2268875
-9013879
527224
-2047471
633594
-2081430
805511
-6078412
-5481980
153359
-964938
399613
-2062093
-2404549
-5274331
345619
5903078
-1433160
4184202
3748128
-5635483
-1922465
-1583946
5296681
-2510145
-183046
2707628
-763506
4031990
-4317164
5302265
-3641852
-2018023
-2825103
-150886
1599131
-3124646
-2385463
-3599339
-1028375
-1678262
1546649
1205122
5104330
2797615
956526
-303831
-3935475
3463176
-4286536
-464506
-4206772
-1370038
1117335
-1413946
863545
3199717
-4705338
-2800305
-5305567
3612791
-4604991
1240771
-924764
2912520
-7591131
-1747733
1157932
-4063394
2546062
-5024410
2195817
742309
-4157805
501176
531045
-1177439
1087505
-1382585
-1046116
5444679
-1552434
-6994226
1705282
3751881
1899761
566003
-5753895
-316633
1869663
-3583932
-1723208
1022611
-442020
1975264
12893
-675788
1780909
547078
-126801
-3631287
3098652
-4373733
-864708
-928525
-7400699
5091207
-650215
-6427940
3464143
3358992
3587811
3217943
3547897
2204737
508794
-1178732
468602
4867250
849815
4205817
-2508872
-751949
-1248118
646174
-324665
-3109659
3245317
-4285318
665914
2967880
-5420517
-1268747
1079462
3589496
-1168530
-2792362
909193
-2891531
1734785
226902
-5484565
-1798556
-760956
-5707190
-6892773
-5075713
-3159660
41211
-6400065
-1752187
-814146
-2764423
-7912066
-159233
-3613430
4849345
-6896759
-559472
1528979
-2202956
2989145
5356989
-1049758
778008
-744042
5620070
4171826
4378815
-2768637
1641681
-5344488
-6201269
2935052
355849
-4221697
-3801024
-6715947
-3078314
-2105220
426249
-1830452
4156252
-533202
4686196
-554592
2468598
-167601
391370
-1005724
-917285
4723212
4978045
3895267
-2452210
-1236789
-2819599
4775729
-5482461
-545032
-5633148
-1559431
-2736215
-487237
257284
-2137350
-3945895
1462119
-1523719
-1924695
-3986788
-925145
545779
-4094987
-2034550
-1100884
1483214
-1562001
-5089758
5490393
1116803
-152768
-552480
1796349
-4214027
4887631
-2710616
3085273
-196132
-37068
-1859525
-2727698
-1576005
-2175499
-333612
-1988446
-1577256
-3497729
-1463786
-1837680
-2369590
466258
242465
125229
-2512441
-3316108
-1358810
1831126
-4849680
5308036
1433919
-7772233
2245673
-5603492
-2477213
-919112
-1909819
4782068
2889469
504380
-5621574
-2075038
-3363575
-3676029
-251912
-436900
-2128102
263846
-554933
-5699171
2851029
-2599802
-2321132
747247
-5290017
-1965211
-3393190
1338919
3350316
-3990333
6572699
-2117635
-3224969
-6455075
868898
4892131
-726740
944921
492992
-350790
-2658171
-1318400
-1994251
-3773675
-367241
-3549843
-2059357
6759600
-939214
-1253258
-620531
6353721
783658
-570725
-3189346
-5729289
3408127
910606
-6500084
-696705
3789115
-8714807
204406
-1565976
-1522309
-3588197
-867140
-1202151
2540089
442485
3606198
-1517321
-9143505
-497037
1594175
-2439820
-1901639
-1553002
-5065308
-6603175
73372
-275720
-2424829
-4305904
374328
190305
-175996
-1534331
-4165102
1505315
-1050915
3252427
-486459
-139083
6508235
2177322
-1593786
-6587681
2936761
-3045465
-4356030
-46248
-961993
-1720090
-4935805
534824
-1632647
-5088683
-787678
-4477708
4258739
-2202520
6398469
-2018707
2130884
-2587904
-3971100
5405453
-8648935
152369
-1107101
-1730292
4775373
-114013
132420
-4722450
1082858
117069
4235269
3525026
5844000
-3626269
2174963
-890203
-502942
725371
-2479761
767160
2215732
-4040966
139307
-4019292
-372261
2534133
4340432
-1319459
-1429991
-1954612
2566936
-908447
-3575590
-547298
-385237
27745
1259231
1482333
-2780036
-364786
-4477784
662438
33899
2110361
-1544824
408495
104052
808257
-1289144
-1114660
367031
-2751
2325431
5847808
2057737
5482980
1194421
-2802337
-1673008
-6505994
872518
3680881
657615
-2722211
1016421
1219375
-2705944
-4053204
6315224
7037693
1195525
-7504372
-5504825
-158400
-3232083
3535629
-1692342
-3353505
2227328
618880
-512245
-2217251
1675824
-6520738
-404554
1451383
-1863528
1423199
772320
-632454
2734661
931457
-961199
680027
-1168957
5319678
6383648
266579
-2044414
869543
-2859095
3012702
-2154787
-1642091
92668
826440
446901
351423
19741
2060038
-565567
1847188
-3818920
167602
709186
1618080
-3276004
299635
-7228545
-7226206
1025840
-1240752
105109
2374966
-923608
199179
5470777
104071
-1849110
2941535
-3614038
-1137640
-1439269
-116375
-3356911
-1059897
109233
-1827804
-1256175
-90124
723946
-4191592
-1804847
-2784407
-4998962
5767509
-1464498
5526277
3544082
3620767
-2320437
-4462162
-3263949
-2030401
-51517
688856
-2912102
734598
3788186
3824760
-2909078
3463479
2374052
5038436
-1297376
-2250407
-6027493
-6522372
-1312643
-7718900
3072720
-5719797
4865974
464298
2792310
-2583369
-2602449
-5021930
-2095690
408729
1277666
-1284592
351031
-7095694
-382515
-1526834
-1789876
232185
-5524096
743424
-2386386
1945752
3311704
-2393988
-1058238
-2523507
-905462
-3380064
-2093395
-40935
-62900
-2079618
321680
-5147083
-294549
-1670206
-3683547
-2019505
-1599374
316241
3046447
-2173243
-8743950
4067616
101457
5019542
-1021151
-776674
-265489
-3341264
-1429502
-1076693
52681
-3133555
-24850
-7608879
1058834
1368385
-1118039
4381507
1607881
-5385388
-1787812
-3444910
139684
-3420959
1342439
-6254440
5776279
-3038169
-2985980
-1764794
1933436
5508903
1862402
-537816
-618398
698101
-464273
2484832
-4079069
96908
7493
-4777766
3903251
-5469377
-5197890
-3523878
-716932
-4007608
-5141002
-5821882
-866490
-378916
2819345
-4262967
527337
-5874878
5816470
224574
-1404780
-5775213
4904371
-116616
-1868190
-2312048
595486
160714
-4813640
40231
-3381627
-2880500
3721187
-6008589
-2863210
-1097068
-3033134
-7234119
3929714
786066
-2713244
-2796448
-7103622
589030
-272874
-703832
1092464
4209918
-1353631
3434210
1845051
-263605
-2268096
-43959
-1401372
-3302693
5253330
985671
407537
-5472101
573090
1040340
748166
588061
-487649
-4600431
-537061
-185813
4201357
-1169476
1346109
-1623559
458200
3200558
-1691656
4953431
-5767734
-1513361
5484611
-3542481
-3186404
-4586077
1119339
4491399
1414845
214201
-1374708
5585194
2799
363508
-2124782
251108
5497155
-4528490
-7687134
-1698975
-170897
4156199
2172691
1306439
2194905
-1697287
-3224564
-1704557
-3646568
1161160
3311788
645972
4103834
-1929708
4688487
-2633571
-4106689
47761
-2037236
-4402709
-2598528
-2146640
-800077
887297
-1537300
-271118
377971
-1289268
-3179166
-819043
-1283012
-158213
424854
-5526761
3248029
-5769020
-6224324
5760273
5297144
-4144170
-3520724
-1022473
-4190004
-1226174
3528838
1471367
4938370
-502763
5305083
402959
-448379
-3470681
-6017092
-2414291
4477532
-2911757
3205451
-3819961
2779636
-962691
-3850317
-3433541
-3121090
1684244
3640751
-1262203
-8421874
104907
588065
-1138674
-2985359
5965361
4669326
-102900
-519437
4903366
262236
-1769264
-201324
-2356618
-1348332
1078278
-1516036
-2503380
-2175680
-2973856
3665395
3167875
2048884
-2035347
-3425979
2916097
-553335
-2516529
-8619124
-6006739
7080492
-2985196
-620286
-1000722
333159
-2333610
6225182
3638245
-5284917
5390754
-3430064
503223
1559359
1657129
1102264
-3630
4094310
-1617285
-3921707
830973
-627820
-5805113
2393577
389234
5361988
-4661856
-622778
-4163286
-6222994
-502412
-1061421
2565034
-198778
-1542739
6573391
-231523
2243253
2233437
-4516106
-1425178
-2765486
963789
-1904579
-1127039
-3246109
6017737
1694141
1612203
3431263
-85263
-3663093
3315569
184720
-572264
-3201809
-1933181
-3081453
-6045353
2582461
-2437770
913174
-1268687
-1403583
2180130
3939770
-5512542
213632
-194939
363796
1795958
-4821347
-940841
-8384260
-5274539
-28759
3400304
-3470299
2151318
-3712828
-2389578
-561469
2199154
-272095
701580
3405453
4769547
2227225
-2008039
411649
-764650
-2424945
4863103
-4152596
-1221436
-939175
-2016268
191829
-878160
1392460
-2738237
3167968
2163370
-1110540
-2460728
-1077632
1018777
-233580
186109
710331
3702712
-1336845
-284283
1970810
-1936932
-588332
-2011867
675346
-7054193
411886
2990603
-255175
2398645
-2054007
1210792
-3759759
-4700120
-3067837
-1717989
-1292593
-1710577
-2740084
-2781854
-2337599
-1165366
-2353154
-644762
-3193504
-8088185
5855351
127978
4364487
-680855
-3091414
-1332931
-1191915
-2278242
4567157
-3120734
771845
-6338085
4209714
-120401
3790589
686317
1581295
1069357
-6775542
2462116
-971477
1527357
-4989777
-6990401
-3128332
4511560
579847
-1704311
785091
3034922
-4374048
3583036
427291
-491933
1369423
1473701
723177
5559991
84416
6200435
5561617
-336267
200964
-2184495
2450025
-1802191
-1614074
-5184620
-3705826
3076040
-772962
1302136
76543
134101
4624599
-149152
-4893428
-5427155
484587
678062
-623794
352883
-1569262
4646908
1130292
-5617350
715613
592408
152225
778199
-992739
3340835
4637915
-537417
-4082949
492537
358082
1016497
-2643065
3131995
-3104629
1617915
3502207
620897
-2699466
1037384
157778
-3618589
-417315
3893587
3193684
3813542
-2695433
-2471337
3286469
-1947028
-1998112
-1272248
-1023871
-255229
4538865
1344678
1366622
-737628
2571139
-433733
-2088691
-2867808
5284691
3353768
-732471
-2607164
3704240
-1968276
-247218
-4251656
-5133970
-1520374
3270370
-3388374
-82774
-311079
-3682211
-1912076
1376949
1190347
-5071358
-3561851
138597
1211604
3753832
-991098
-2729563
5750220
-6881133
-2323202
115492
769236
64147
-356507
-1410535
-304686
-2498891
71660
-6787557
-5332853
3239388
-4596148
-22670
-3886547
2919624
-2334061
-1121593
3608482
-4705372
-6199258
-295212
3418193
-381021
-2255826
-1809164
-1944223
-6418393
-360611
-8421557
3346257
-1055054
-781431
-3307844
-723056
748642
-7775444
-6033930
-2105332
-631184
6927422
134622
1787185
7203153
4010094
2915480
1018023
1807069
4217884
97958
2612421
-5755120
-2068783
1048598
2574492
-481776
-4216590
5749525
-5357891
210039
-502982
-3518681
478937
-186840
3614493
-8185909
418058
-771015
-1688301
-480783
4101319
-232925
-37640
-1210527
1543420
2459211
-2744976
-4379605
-439113
-359495
5167993
-2516410
-5513073
-97152
-4048623
-323497
-27553
-915727
1014451
-217402
-2936942
2732606
-1351815
6379772
-899232
-1272061
-1791557
5504378
-664335
-8502708
-4080399
-765698
629970
2951633
-1103073
-3325288
216144
-6935180
-3331059
1391242
-683767
-72045
3071015
1899625
-1610322
2976209
-6072148
-3513868
446843
-4399080
3129386
-6909920
-1809047
-2883373
-3276911
-7961503
-1027187
-2003070
-2100874
5940445
-986301
-2063554
4491973
928310
1165953
-2097601
17277
-2761693
3937830
-3536311
2148203
-1341881
-1188874
5018418
-2793309
-3712385
1146200
876288
-2215201
-2261556
-195101
5109656
-1148213
-725503
-2773801
-2531882
-2110209
-3381410
-6701560
-11798
-6717067
1480203
2318788
3105733
-1468245
-7216546
-3819743
964922
-2669980
2617030
-2016993
6580291
-8400276
3365755
-4394271
-7655401
3513846
-2380315
-458483
-3697721
1431573
-3661750
1758738
5432841
3040393
-3665498
-6721094
2068444
-3215897
1513086
-2305310
826260
-1877822
-186638
-897123
-130561
-1868242
528788
1722475
-1094206
4272702
4225749
-5930633
-1269362
-1190892
-81996
3002436
-446314
-2273325
690510
-1121832
33883
-9228054
-4357993
3556060
-1131894
6406073
2982048
-1194905
89033
-231947
4349519
-918322
1085554
-1716301
394311
6503457
-4421643
-5307210
3158533
-3485818
-2316456
-94298
-386449
-3821028
7249456
-7213448
-492884
1454769
4133919
3350348
-1917736
-3222441
-631946
-837023
369020
-2696685
341842
303038
-1937769
-971420
1413306
-2334739
-7307454
-2710554
-140455
3946792
293577
-993669
3131142
1164033
-2350699
-3514621
698305
-371310
-3728606
2049563
-999367
-4787465
-2378585
-5626688
-2364058
-431127
-1165514
-6060477
-1624574
-1578845
-709996
-673309
-1181076
-1581756
-3643466
429985
-7411127
804749
3727230
4040419
1378229
-3361313
-2594995
-693671
-233857
-2315577
-776225
-201338
-497179
-474717
-7511434
1608839
-2135245
-1472441
-1421761
-471611
663092
5144329
-1365513
1507993
-1526332
-1798388
-1902986
-6985576
-7212737
-3895791
-5052261
-1761267
-4378549
-5034663
-903462
5953794
-1366502
-5547664
134283
-4394324
1915240
-3652496
-496235
-4440484
-429460
4146778
-5287018
2783193
545395
-450503
5141379
-5033897
6547393
1580717
2742589
-2121491
431729
-4762502
-4266444
654651
4800023
475567
-535217
-4167164
740794
-2524274
119960
3721567
1073428
2481216
-4762490
6127619
4786354
-5671640
-77415
-4596590
-496391
2187576
868611
975120
-2689005
-4765553
-3826836
-9454
4987867
-1028486
-649233
-2925381
18439
2882478
-3182802
-3698708
-631177
73173
-1566120
-4453853
-2214832
-2685625
-2803188
-210422
5590340
5466848
412593
-1122679
423697
403535
665672
2068176
1845618
-1781626
-1615150
-3662079
-6468075
1742620
6499381
-1789660
-1717310
-1096311
-137986
3217271
-58187
-2153294
2203193
2824328
3293575
316509
-609852
-101428
-754656
3373860
3286567
228229
6761423
-204108
-1464682
-938213
3815706
-2887493
6670070
-590551
1340737
200621
-1611135
-736689
-615556
337317
3769151
-2806102
-2644111
1154605
-2425336
-2612437
-2528303
-61891
-4480947
-683375
-5214501
3546784
6940670
2320566
-428431
-41903
1432530
-5018833
-1297477
3011055
529190
-2492844
-1277550
-913200
-696948
3221501
-1374225
-3711024
4704539
353809
-1304254
5235785
1542332
367198
-616694
780197
1155276
5664364
2190359
-5682529
-1818947
-7680452
2743201
1393602
1139003
217891
-3453555
3261
-7223612
-39295
-4023983
-5397619
-3587828
5378755
1151088
1506082
-415977
-998364
-7466922
-1813676
-1336427
-2486610
3176784
280947
-2933236
3516706
-663327
-1069723
654991
1980691
6389125
-4040750
1847918
-276566
-3440381
-1853874
-4953331
-951223
-2417690
367541
1738820
672188
-329128
797155
1768244
-1157887
-1525506
-4440358
-5803213
1828047
-3245668
-965122
-2349765
-3650776
5002178
204801
4674755
1745256
-1814345
169514
-2772130
800573
1778514
-1356158
-177899
-1478536
-43378
1792077
5975544
125195
-4374197
2674270
-6581185
4760580
-676253
-5357910
340172
229428
1743893
-2641369
5107562
-3261474
-7614094
-495512
5502608
-3238363
442172
1167796
846055
172372
-5263914
1742913
-1245088
-1510130
-135099
-1184221
1456766
-3624330
523653
1661810
-7095371
1622987
2172221
2035517
-1764801
-648937
2158970
-1165909
1158763
-3579988
-1569235
4844226
931246
-5208786
4109248
-389067
2656552
1034616
-793903
-1802879
5550248
2325801
4898873
-1206351
-7805842
4811607
-17643
-2560665
3590520
4491618
-2644556
-653476
-6991671
-3108873
-4769343
2770844
1885126
-3847811
996220
43003
-3353105
-418563
-166542
-84002
2435175
2637398
-1901456
-3949741
176785
-75062
-4164261
1518755
59973
-2869639
-1127983
-1651459
932809
-2333662
5094465
-698048
-4320708
4289022
-5719932
3875525
3454526
-1616775
-812962
-522274
1133834
-5043438
-749301
-1077497
-995507
450986
-2687150
-595472
3148564
-874054
-712013
1633491
-6458322
-8550247
-1676670
-4586645
1882030
-1280323
-998967
-6310899
-825962
658183
4507098
1957527
-625293
2130699
-829549
5106553
874002
2281435
-7246759
-835449
-162778
1413911
-7766706
-1784889
-8436638
3001448
365284
1024361
61359
-2481007
1893751
-1977056
-132695
1157333
1608759
-1209509
-3073251
287901
-21967
-5353498
-3755744
-2061942
1479490
4444523
-2446768
-4543237
-5484900
7271784
4478578
-2771713
-3408191
-7183709
1706968
3914038
-2118118
655527
1042168
-1395730
-619556
-1464241
1410618
-4054022
691261
1415223
-1920436
-201393
-756073
-2895927
376356
3011885
3209699
546195
-385963
2038137
871110
4217906
608065
1258250
-1540430
4150023
3856514
-1941499
-2155083
-4313425
-2922916
3228919
3384931
4911299
906439
1485456
1485813
-4903508
5079312
-5086631
-1897216
3428424
-2963326
-4303063
-2800527
-684072
-1184607
-5205986
1523753
3761421
1478900
-1166708
-2975812
3833830
-5369072
-3778937
-7022387
-1095080
-3657681
-3530030
-1416201
-1807347
3699413
-6157656
1964394
-3692525
203292
2290071
-7192055
164721
2523035
-2893482
1237842
-3553372
-437007
-4454398
332401
1733243
1673720
3054860
-499158
3995
-254279
5811673
5245666
-112675
632705
-7759784
-414551
-1457905
-2144447
448750
1319427
-1697475
2054068
6178126
-918655
-2634468
-144419
-5100873
1805484
23250
2130599
-4221443
-419278
-59251
5180653
96678
4885513
-1634675
-2937355
-286120
-1758000
772082
-1853361
-4180128
-2083283
-3655094
-1682660
-2503387
445162
-2161985
-787620
-4950328
-2804562
2736634
-783036
-2245493
-3476660
-2810613
6867063
1913805
-980709
2590204
518775
-4259694
-688280
4551107
-3571458
-374817
-8817472
3617323
-887041
298370
-246158
262505
787111
-6067041
1365073
1075064
-5982171
-4003075
760255
415967
-1087802
117497
-598549
-3876038
-2261348
-1214686
-1157093
-2404201
1554579
4525497
537031
-1657447
-2655592
-5576662
2151908
1771871
1638588
-5302140
-1858033
770678
2294010
4279319
193931
489523
-187181
341497
-9342815
-321285
-263843
-2404707
-6995464
-3441418
-2346861
-808376
-2337965
709322
-859771
-2820793
-1557734
-721732
1111394
2625092
-3606219
209768
-1112475
1789456
4704238
-1114656
-8169972
-750635
-9336864
57859
987730
-492768
-8843080
697669
-4275622
1202078
2464436
2510974
3598581
5017421
-4840151
-5447756
-1708493
1753228
4080608
1513552
-489178
2206824
3569783
-4290189
-5274429
-3434673
3649401
-213199
-3251813
-57854
-1469861
-2640295
1629178
-5112877
-4533177
-2442582
4815003
229736
1542371
-3035092
823357
-849486
-3077983
2055817
-925655
-553399
5520303
768701
-7945896
386438
-3192810
-7417407
-2313505
-2722873
-2772179
-3113110
-1825533
-251910
1071860
-420628
4474150
-745211
6584043
-1848611
4055614
-976051
1195781
-3228194
2438095
-2211147
2151457
-785715
2673112
-2075338
-2769404
-2696302
6142665
-1111136
-3996851
-424342
778204
-3474013
-1140176
4336552
3530974
5892378
-1267932
-7714860
-2176236
-2993372
-562351
316851
2293877
-5672504
-187788
-1408082
1521514
-6725764
-3809520
286361
432487
2926960
534286
-1873278
1023781
3205647
-2049997
-3379299
154491
1310185
2535214
-2856107
-360432
-1578462
-3276793
-5048182
3188090
323700
1722084
-1218599
2406187
823392
1170559
-1552818
-4920667
-1511629
-1917287
-4480324
-447185
-5128358
-1438805
-3879046
-3827885
6295735
-2940355
-3344289
-114654
1662109
5211669
-1435420
6709450
-4336282
14717
-1162658
-3472993
242685
-777447
3694420
-3449218
1158987
4821872
-182841
3697834
-6926091
3616360
-2472911
-2290895
-506144
-3179246
-20888
1247460
-1004398
-1820894
-5507610
-2233083
243641
6384910
-1554576
4458676
-3433263
-2514001
-2603614
-1758964
-1584128
1690619
-1830428
-5663234
-3279201
-4695576
-1596749
-376538
-2104153
912916
3101416
1782042
-2460764
-2747664
-3036335
613271
-6690846
-2503777
2736815
4629163
1192086
-743085
543110
-1879898
5679295
-3882759
-2868994
2695995
-2366544
-1353974
-4852821
-1677078
-1934935
430583
1070245
-5977256
1822963
-2728527
292253
1222737
-7350970
-2099987
-1179836
-7585048
4681993
6360277
-107929
-3189381
635209
424379
-464611
6012325
3893366
634316
730498
-4152705
2368373
-6310705
-595380
-3612592
3670806
79863
-96040
-1610346
546970
-403209
-658062
249190
-1439093
409564
-1754729
-4646472
-4925412
-515250
1276782
5294869
2620036
942433
2466185
108064
6245433
-6127846
-1068091
331841
187946
-3450364
-762369
2126321
-142930
-761235
1019710
-2947264
4482524
-3685025
-3611515
442520
1194327
-3587574
2013715
145297
1102423
822908
-2466338
5346704
-755966
403864
-126240
5595637
205693
-5971771
-945720
891599
1156161
325031
-2260336
6003662
6483370
-3033488
-3569214
1368033
4705254
-6877523
-644199
-3658454
-1562490
1006598
489841
3590840
-4785107
3121261
-4912738
6002824
5373633
-2173880
965193
-2375364
2279713
3657878
4420392
-505926
-5114466
3852882
447493
447087
4894609
71382
-1936412
-2204498
-5908180
-1241957
-2539291
862571
1175688
-72916
-6022781
131994
3437915
1455753
1881493
-5087703
-4060756
332306
2005372
-2354571
-4874033
-1336119
236025
4386367
6192419
-233335
-1595087
3313630
-4186400
929418
1803400
-4008520
-626255
1915142
1565385
1532104
-752091
-2807709
-6969115
171424
1637355
3448951
749607
-1365752
-736422
-753090
2395870
4054398
67018
5528488
-2068371
1506580
3195718
580007
-2067937
594780
-1405475
5348819
4121165
-329917
-5046535
-773233
5944485
-3373852
-1628690
-498944
-139255
-6254030
2164305
2804207
-4987182
-4896574
-567015
1862983
-322880
-1615696
-3875592
-4015860
-290634
84550
-3442068
-533278
2654188
62575
-2295506
-6818278
-3369583
432968
-3389660
-462827
3381300
2061291
-6030687
2016395
-358917
-456198
4310045
-2900261
-1571585
-2038810
-1497687
4650067
-5105884
-1511592
2935380
-2229955
2106496
-1812986
-1184942
-2832550
1144373
-3412704
4563916
-4704794
-80556
-5110400
3661002
-7009372
363315
-5333745
-2716923
-2447606
841784
-2463739
2378453
-465783
-1212938
172903
-1503447
-2885367
-1687596
-5391886
-448971
-4157050
-308041
-1227298
-4738731
-1859268
152104
392443
-388156
-1252833
-255388
55965
222483
5024674
2516747
4633740
1808847
-5251258
725923
-6448488
-2123953
-4868121
-333106
1938267
2100882
-4218133
-703399
9892
4583015
459203
-2206474
3506418
-872877
-5156772
-2959080
1295713
4411169
-2294334
-2343008
2084436
1720909
-2697491
880931
-4389486
-3634136
1774177
487551
-1784746
-1401606
-4840567
50045
-502394
-1038314
286502
856816
-2808063
1711756
-3865526
20424
-638899
2247598
2781893
-3917763
3556410
-3425275
-4756470
2718813
3416448
-5496507
1927189
507236
203880
-4201599
3627084
-4041484
-2926434
2073311
-4581738
-997851
5155538
2582599
3460641
2783240
72962
1353269
-7708160
2746453
1226124
-4860201
-1717972
-770021
-668830
-717323
-2095939
776352
-4362507
-1621529
-342278
-1247294
153470
1288064
-8322780
519701
-1734651
-415475
1502735
530
-6335330
895355
-5110555
-2254335
-637424
-7587442
-226338
-3558590
4650734
-3459903
1150521
-1494222
-637048
-8489143
-2920883
-837698
-3006962
-5661727
1661841
-3285286
4754191
203280
-523452
-1984145
-7525227
4626982
4436322
-3003667
5999861
1180423
2026466
-1321940
378708
-2054208
1291766
1295082
-1688400
-484272
-1115443
-2087045
-115782
199451
-1036309
106286
-1029036
-344775
-92310
633806
4325910
-5255032
-2580927
-2832789
-1085535
-2440664
-102008
-4686882
-2764422
-6130151
2992241
1152667
-53281
2205149
-2415969
-6004185
2150057
835858
-158770
-1714811
-2007712
-89005
2310125
-1262432
5532051
-613343
3210334
4121395
4008017
913542
-1224270
5817863
-18206
-3930357
54076
207067
5057795
2110060
-853502
1488955
1789965
-660921
1989998
2970220
76503
-2729538
-4627091
-158182
-930510
2219637
-637079
4771852
-1156770
-1383820
-1321225
-1479428
344658
500320
665579
-3061483
-2204183
689810
2559360
-3933336
-5751625
78
-7038903
4827784
4074448
-1846874
-1954866
1037456
-4307044
1941128
-1086298
-186008
1190066
-2253882
1739175
-5151180
6333785
-1938899
199111
2058104
4192743
-428478
3003009
-3607765
-3534740
3215963
4808240
-5260956
-179130
-5253362
-1827736
1275564
5873879
-2625353
-5162654
526190
-699888
2819339
-1544392
-4052312
5464081
2359486
4256227
4729778
-4865331
-613501
-2385321
-141502
-4271653
-4991681
5121739
-5356970
2392859
-837901
2339196
3674225
4709640
-5578949
1066646
-7469147
2596522
-1956667
1948076
-239959
972751
-2636043
-1517245
-1100621
5073718
-1000302
158702
-2737171
-511962
-6952176
1250817
-540221
-5915928
2664193
370063
4071860
-1147585
3126029
-1829138
-2848601
2384644
-5210726
3134380
-2102684
2495078
-1474825
-2879514
1438473
-1600219
-2559443
381400
-3361009
2884892
-5254953
-7983395
-1070130
-71635
-2102932
-5052228
3521390
-5962300
2213829
5249311
5795161
-756783
1509589
-1676154
-4281890
-6620428
-1948125
303014
-3787408
-456199
-5168638
-2325165
-2758891
-1853155
-4877533
-2263285
-8595298
1477707
-5762753
2927405
-3965201
-3937920
-3355036
-2455522
-2221775
851055
-2674820
796214
-298013
-3938849
-2032360
-3528241
2878739
-5409759
3655953
1177091
-1941228
-2785167
533365
-285638
-4345100
-884169
-1784376
-5567233
71251
-5617395
131204
122769
-4049190
-2341424
-956887
3356217
2338441
-288208
3558917
-180636
-3571857
-2071570
-496421
-2912185
1365665
-1422568
-2176061
1415948
-1572664
3688289
-6121294
1253333
-659653
1198092
5676245
-1651534
-5791024
2763341
4318318
-1401651
-1884583
3050410
-1628430
-844477
1856835
-5416425
-4351725
-1313533
5274490
-3461204
-367359
-6394111
6369684
-4002010
1667864
5167066
-1029133
2116486
-2284034
-1028338
-4509311
-758
-2899285
4919077
1122453
-2242489
-2931140
136267
4225064
-3843435
-4064546
-3177975
2356252
2257555
-365560
-5939584
3329917
-3246045
-5380482
672089
-854182
-254195
3703482
2473619
-3317302
-1834881
-4485291
124549
-3872088
-1261068
-646898
-3135895
-794364
-3936182
-4743846
-4566565
4479754
4924374
-1288470
-192391
-2743172
2207120
575002
-2161480
-950880
6064419
300870
1710859
-4944746
4146480
-4370680
2524541
-1775184
-338416
331633
-709407
-372538
-2178828
-4768939
-438401
-578506
-3396801
-4979861
3106348
201915
-1562987
-1357255
-3746247
-995103
-231813
1491837
-1031301
779227
4878760
1291041
1521973
3875528
1339161
-5500256
686595
3573477
-4934000
-1461170
-415117
2040468
3866054
-4500880
3553430
2622414
-4992895
-476528
-2377653
-3405264
-5195420
833044
-4964230
-3211882
-2323272
-4660292
4333428
-2842952
-2008124
1679163
806316
-1755440
-14684
-4819664
-1645
-1319712
-1875669
-1213727
-1999700
4017962
-1244661
5248588
-4859486
279124
-752558
3145595
-6060557
5274606
-4564922
-490759
-1711632
1848275
497616
14766
-605441
-2567160
-1126076
-3290286
-413129
-4741595
-3476404
2601854
6222247
3064
-1243516
-501948
-1184763
3285973
-5772814
-332415
-7237547
-61062
-233399
420234
4411961
-4683017
1035354
4875206
-5953447
-3445758
-7289983
-3562101
-3748275
945216
-2242995
-3514119
1987710
5747775
-2468483
161009
-1648030
-1950274
2030157
-1841228
-536781
-1937850
441717
-3536303
-6971451
4887355
-1123626
-2354539
-1670877
-2346237
-2120394
4684642
-692332
-362557
2310019
4100562
-8190090
4888642
772161
-2880671
-1221123
-2822093
-2142697
554690
7772934
-5648965
3347364
-2977504
3561002
-3371596
1074685
-2936966
-456298
-320272
-571562
-684895
838849
4422582
-1152260
3038857
4912879
-6432408
644885
-761028
-301073
6137482
-2153146
-7790563
2147307
-796887
-1480062
250008
5038358
1289185
-470617
-4145056
1195062
1966207
3246320
359261
2936396
-4712051
-620665
-557786
-2097218
1204051
87739
2529434
1628656
132128
-3227470
-1399290
1297938
-5810469
2736489
6135996
2145497
-2491602
2067600
3338928
4461470
2846607
451304
-204381
-2164487
1461743
4688714
-745323
-1064376
198488
-1940513
190133
4306331
656948
110696
3099523
-301323
-3380281
5457095
5380291
224021
-5328100
5921408
1168607
-5794833
225228
1162798
-4479483
34015
-3268594
686951
-1296242
-225634
-3085424
-1258700
-833173
-2721573
155134
-67580
463878
-4551969
-4386079
-1848020
2677877
-1887830
1521121
4144132
-3673328
-4759912
-5819488
1786821
501040
-1906211
-2359681
-312384
-2472214
-1221307
735751
-1242681
-714721
-3683998
3922937
1647320
275611
-861608
-898277
-3866955
132401
-2841440
112675
-2417407
-3723149
4408001
974452
-1759653
4121869
52445
-389051
-3551575
6140154
-199958
-561351
-1076464
-1870963
-390698
-2677137
294410
-212588
1748610
-1961730
-3890025
5245632
1459040
2178441
1391222
-1124955
5611089
-1463096
4382335
-2683071
-1076894
-7574221
286906
-1750476
-4436400
-521705
54319
3845824
-2590694
-6587259
-352353
1787889
-2337458
1314443
-1855200
3062318
-970617
-3468285
-282870
491074
-2156567
2483534
2882794
4282876
4487989
-1121872
-3058874
-1255869
401146
4761792
-3871467
-1055032
-157441
-61282
-3327427
-2612327
-2231754
-1843296
3657873
1305283
937266
500952
-6220826
-5052524
-3128536
1803978
2624185
-581920
-435829
-881592
230054
5210796
4672399
-671548
-217894
1719611
-1187853
-1415672
406057
-698653
-3490657
-1903750
3612145
-1881861
-2465447
5462340
-6601005
-1807429
1295795
-2119742
-4415816
1823056
-2358958
-825791
48825
-3182135
6309839
-1907204
-669771
-2286715
884141
-452982
-5670139
5238609
-6841922
-3782832
400010
1137122
-4923791
-2958157
870397
3201575
512224
-1577720
1859142
680661
-1420046
-4974109
-3220957
206701
-1761087
-61878
907524
-7334115
-6678283
-7738291
-2311444
-1094215
-347217
570684
12155
54962
2026341
5081490
-1023215
5909470
2993105
-266802
-5639273
-2989324
5728153
421230
84954
-1269369
-1667315
-1471104
-501615
1003871
-3837843
2259339
3166210
2880383
-4728855
-2773435
-3182390
-1358401
3280108
3158447
-4544152
-2050407
5147788
2339583
-3066239
2230234
1161509
-822500
517871
-7072191
923472
-2055802
5438764
-3748536
-431805
2044299
-1016234
316790
-756723
-175104
2288346
-1812754
4027472
-6376435
-837033
-3415076
-1520830
4018697
1138372
4551889
-746626
641163
-808679
-1944109
-2535525
-5337476
-1824185
-1751431
-5666755
-1994023
-824745
-4958
304752
-4689569
1905033
2933432
-1546906
-3681353
-6442654
-219548
-5336597
-3707507
193345
-1452580
1822409
4148837
-1003673
878410
-1304825
-3434845
-171192
2912686
-924188
2267571
-2549460
-8112093
3989919
4905176
6090355
-1459013
-6906260
1093485
-1703143
503688
-5688057
4677764
-621351
-7474412
-2377605
-2076223
1550032
4029040
-7636050
605572
-1112878
1576558
-2580027
-2351675
3347939
32748
5718697
-1463560
-979377
-2728434
523728
-2293804
-862803
5805285
2999135
964228
5023385
5118607
1798404
153028
-2066449
901374
1755103
1472410
-707668
-9153470
2869797
-2967252
-1670145
-991838
-1683343
3949121
-1177333
-648835
-961180
-1015323
2380656
1061187
-930139
-6111170
1173364
-190510
-1724819
6552807
-1895385
-1307498
946476
-5344891
2635446
-7228536
274204
-5429767
-4339434
4196824
-1823522
-2665290
923353
1506625
-1903741
4694832
-5663188
-4147093
-7348218
-2654816
-4270506
-673677
2672764
-5501611
3820466
2445781
1396097
3157317
-363037
-6913730
288390
-3557164
-1640476
-1010131
4758425
4169063
-142599
1268203
-658549
3376043
-1130392
-1708251
6783114
-3412914
-2545305
-2274177
-1272199
-2234809
20775
3478931
-2128440
-1162728
5430453
-2296540
1363899
107584
-1784925
-2410511
2798958
-1839680
1285334
5335426
3512870
-462587
-5384000
2851414
-1592558
2006009
-9488147
4854773
-149653
5025620
-713864
3015357
-6027151
1406920
2789687
1330337
-7786492
108625
5006539
-2350892
3500321
5438490
-515983
3360196
-297136
-594763
691889
40592
-3038446
-305114
-4376017
-3999652
-5817300
-760320
-3972887
-310161
-960551
-6171581
-2330141
4963790
-2513835
-2748905
-1302158
-5082886
-2312266
-3213912
-7305470
1819998
-946693
-548399
1301248
240735
-1131728
-347472
-3006544
-573410
2996388
-3728591
-2855422
174539
1399457
-3824006
2824858
6280568
-9441411
-1241729
-2347363
2054061
1239001
-4205182
-654696
-1426400
-1377589
2121952
-3042969
5745665
-3037524
6957382
3525982
-5636440
-961184
4136615
2252749
-2008829
-788001
-6036957
-4348615
-1649427
502080
-8987831
576412
-1673152
-2930609
-7738702
-764925
-1367933
-25675
-3439214
-985475
-2468296
-4332950
-1142030
-28598
-334993
5400325
-2198455
-8015797
-3331789
-166051
996229
-1331982
4327415
3172161
1809510
4249497
149166
2545044
2249523
-2058774
2454514
3136352
-3160421
-1457120
-1772682
-1731770
-2487400
2787941
5065447
2817907
-3904771
-3472478
-188438
-4273462
-96636
-4656734
3833215
1552014
-1444950
3197033
-4809670
570562
3143396
2019257
86553
2733043
-5503775
-2895997
-838929
627947
3952735
-305635
1801295
-4358754
-969920
-1553556
-4373172
5227765
-1120601
-3245328
2709963
1306391
-61949
2846992
-6293898
1563292
-5371014
4391783
595659
1690010
-2040478
-5514201
-2632216
298137
6615451
-6619322
-634814
366651
-4798714
-788410
-4025144
3184025
-2745557
-5236384
386071
5493383
1649343
-98254
4437371
-1652323
-225373
-5936887
472727
-286558
-8179445
-2419738
4895792
-2670989
-1732822
4163371
3703262
3846353
-2505653
-2878467
2899103
6066027
4172024
-5071172
4486384
-3558637
-5352870
386538
3440908
3643769
1312866
3432378
-795735
577276
-1217401
3211343
5359447
1448581
-2682793
3556680
-2687725
1193992
-5788824
-3863858
-3057237
1357418
-994892
-4571590
-180531
-517136
-898033
-1281993
5030103
-3681591
4530533
-168413
-265645
4639402
946192
-4159357
58355
