12826899
9722840
3128527
12607295
4091082
4667381
-219142
2800987
10419415
13265995
18722889
6257452
17139411
-2967697
5092837
14804563
5743311
-1735453
9193823
14942627
-559186
3217431
652832
16972357
6582725
1522295
67839
14777638
9481002
-974538
-1832658
-6496169
14595236
-3125347
4950869
1886090
11679261
5311108
8907401
7014974
-1367043
979316
3745729
7920572
3315137
13477345
13496350
6630017
11858711
8123735
4742006
717113
10923353
11127504
3181595
1638866
10884869
12498542
5719470
1543155
7134817
4611774
-1962004
1771573
-3582146
1700550
7029279
-1524357
18296796
14049308
-1145023
17903992
15633194
-237369
-4612003
12951308
12636996
6526418
9288711
3801857
1998935
11226445
851072
7483864
10436301
6910417
15846515
7414211
2561485
2725257
-174231
5740258
12088810
11756867
19856402
14821706
1425870
15347405
11134783
1561385
4507749
871034
7218431
2933488
9326605
102016
7077016
8298226
15854008
6068788
-5494004
-151399
17440592
9317611
13520260
8219278
5979081
13615153
964720
8772817
16446134
6535406
9546525
7374262
11503382
-96870
2636106
206635
15807138
12528431
12272923
9115297
2340081
10159762
12179444
-3277085
798008
6007536
9716398
1764350
7476311
17083806
388362
6881931
3485196
2332665
3447821
16189770
10133454
-2736000
11327846
6480897
2172699
3204107
13856404
9520858
14420111
19900493
3229390
-5413285
11927181
7334577
12599168
4642629
-1543117
10570932
16177405
16015086
7706836
6202789
6900616
17563016
5055245
6291054
13578924
6059351
1591893
8246019
18087989
-883756
9031478
10427242
17109584
-5451542
1406033
171792
4859258
10754325
13563527
2280883
978251
13726625
-3104552
14637245
6573463
-5737686
11003008
1305197
-950563
15055853
17989108
-2920184
9371178
6462100
10482398
231577
3450617
4758355
13461713
12731361
16401444
11363554
16848140
11522493
15762103
-928048
3640272
714591
1168794
5877600
-958636
-1634445
-1437319
-876373
12451679
1888821
8449373
-107367
2591589
2633606
3629893
622316
-472457
16407195
5862908
3305268
5463362
1133238
19451404
5562821
2840749
14804132
5223901
12516472
16903392
1620310
7475235
7528629
17205478
2770786
6611596
13625788
5215274
16869057
13201297
5312933
12409273
8708370
11950378
14388378
2113453
4462018
-275191
-2407718
452686
804258
9126116
17981114
6486543
1658512
5340735
16277586
10387883
3415097
8628283
13660241
1941897
-1092077
19239480
11013212
4631365
4069673
7604669
-3102498
9070549
4824057
-2562563
14847513
648789
425106
10943666
5818232
15475561
-3889557
7414541
-488224
12758721
-1705595
14659572
6301902
8823906
10131008
1551531
15605332
12802208
4354123
-545825
6385796
16889636
8193899
4705163
5944872
11633507
18569253
1159130
3101404
14326471
11091304
-673908
-1742356
7200745
-2643399
11064117
1262468
6901589
13849505
9558120
8233033
3079749
-3452101
4198315
10243837
6403574
-965976
11256164
13670818
14220527
-914199
667677
13339196
8699603
3443441
1964366
1687550
5433912
17206553
3595064
12030209
14814272
14296698
15903009
14640259
2277793
785388
-5572945
11642807
3798043
14576700
-1638531
9984679
14703295
10209238
-4789870
7592020
5489740
-1178220
3404291
10282357
5986392
-450885
1499955
14082392
3696055
2424987
12411841
19015958
4601562
6170679
5679777
1537515
11817714
1472686
4469486
11979728
1275624
-1218858
7616657
17031453
7284951
10802680
10312642
4176899
2510698
12191427
5250405
17855286
13482180
17555220
4119153
16048860
5501182
-480553
6527866
6077096
16197535
8249795
19983751
13020041
13765242
3545626
19403811
9432710
3789211
6089225
3458584
5316349
-2306386
154544
15667372
2063239
-1591670
-5358904
16592095
11169766
13818919
4197140
14170832
1061030
4617945
16448503
15031112
9991858
7612259
15035215
9081534
11715388
1948240
3419806
1351209
4019599
876897
14427225
10577883
15348763
7785904
5713129
15924023
8960975
18844941
-1517352
4059169
5491942
-230158
6805283
14492153
12933005
11918873
9827161
11894844
7069212
5331949
-308934
33850
18339830
355770
17052864
8730715
-3763805
2307389
4932026
5015797
3219960
3459891
-725009
1395517
16650340
7457046
5582248
4843310
12378909
-1821426
-3991735
6707523
10228226
11480271
9300571
850923
8389534
14966964
3339815
9754959
1111092
-2709932
12479309
-324599
3616838
13124934
20495684
787191
-5380808
1384291
14688662
-2121825
15507406
-2053776
-3855795
6491335
-1075469
8470918
-1530804
7776927
9857694
13900801
8813959
10242073
13300722
8960680
-987887
1933498
2437977
4331494
15350919
10847297
-8155920
9485383
-2484659
9739779
4010508
6508565
12013474
8375422
7575981
208397
6595440
5605344
14315165
6638829
5474073
3340840
261003
6629460
11726419
6297380
7788349
4691237
-259821
3498158
6633278
12794897
8316917
-1198571
-3102758
3406548
2683073
7069550
16525198
10153957
10511479
14492821
3342387
4315086
8475197
10736106
3752311
10669447
2609469
6698610
-495180
494484
3325070
10094077
14952528
6256323
4292424
4435018
5099724
-989249
2435757
7020928
5114640
7443403
11350478
12017273
13545661
-1665074
1553871
18060040
11794766
3940353
13372964
-4363336
3530561
-7250100
3138476
1671162
406476
7958714
14837170
5556922
3558025
3453824
17940425
4933270
7414026
8180454
10855364
3505741
12961896
4776564
12986878
9242660
11615366
705012
11176476
674444
9539469
7988505
936058
13367226
4706755
13509417
3097289
8261025
1336434
11718872
13581129
11283443
5775598
10927207
-1003810
18827315
15531042
-1406666
10216239
19316004
-811891
16134869
1687538
9724964
-1984497
-544426
4693048
6595191
4672701
6818346
4333453
9194789
3491887
3647955
-1075351
771474
16456258
1073822
14757234
1796450
3429506
7421436
3361579
3050480
17210776
14065241
-37244
338670
4513383
12198569
4563776
10979264
4302190
17616619
10667594
11161763
8271350
1958643
-9873669
-50052
-1053769
7796521
8854045
14124560
5332067
14197320
3369764
12237680
8523898
125256
689287
12544791
7616733
11559221
4848308
8432371
1783046
8334199
10945588
5371815
10545738
1476504
4062273
5236801
9056666
9379757
19251244
-5026495
-1816377
11740987
17401893
15482656
437392
15456716
380241
1345507
13988101
10112112
-1202418
3188983
-3131047
9392761
5348736
411973
-3897605
-3198708
10504980
1952371
-5014281
15048385
15951846
9470390
1689051
-32438
-202484
8071276
501501
5154535
1549482
9011357
-4335279
1741897
14069023
2659052
6010383
3230380
3062980
3181454
2729589
9164786
15020263
-242927
7110122
1251650
4919041
-905201
229206
11192930
787736
6021995
-2474886
66008
16662987
-4065381
11112701
18084663
2135272
2212656
6030913
680325
10256883
13939920
8845087
2188589
-675372
10252155
14263721
15742539
6668936
19108218
8903549
17391779
1448344
16475190
-1742536
10670698
3154778
8244865
-536437
-3321126
11739239
9094946
-1995722
1290292
833342
5894385
11636944
-2888281
7192971
5581228
10829449
14690561
4728057
5430114
10002361
6454801
13885745
5351102
8006417
10976701
19797175
12546127
7409930
2013138
13998865
3837327
7442212
10312354
10786999
8746758
6587266
4755990
9255919
5852451
6283639
6214068
1381559
4082941
2433957
12147719
1354932
2150539
-322728
-5140946
7659099
8899428
10612480
13608317
2334896
3514425
930834
-110085
-2656483
-4700614
18751254
8020058
7864523
15482843
14174449
14296446
727349
2666940
6944847
4342262
4018280
1583617
-1011177
4213873
6792832
-3104214
-4506819
4415774
-1013208
15977480
11436106
6377784
6544785
4483242
11253987
4563446
3872190
5467457
11578559
-907807
1894037
945988
-835762
-2739164
482281
16989377
-7094569
4591615
9509484
14593399
14319239
6413860
12714220
9121895
17006040
2506735
9319021
16193628
830159
20283162
2616193
4199153
2400926
4181846
116762
17298029
4890801
868891
-1035709
-72463
7413884
9819000
6213494
6542978
4500904
8757512
10625839
6201879
417405
-1252042
3728634
16569485
6820655
4380435
1152326
4242295
13454776
7672301
4089791
7092057
-749442
4552894
10471817
3244050
-2263316
-2313671
169810
-2680219
7055158
-2118723
15227208
7017452
11909226
6663070
7215208
-4418404
17065580
14514549
8840834
9555879
7916937
2718234
5745475
5407353
16853163
17720157
8202825
6723474
1688123
5563172
7823627
9113653
814547
15914959
1031502
5824100
2670673
9920413
3683364
5023267
4294746
-1690214
4182664
3680912
9360192
11294852
4880461
-2159228
14991201
11390396
5048659
10570807
2431166
2849999
3794497
-4294516
-943649
1553931
7198246
-5352978
2984744
17934627
504
5718156
12750879
8623578
1091937
7084922
7240638
-3795151
3808096
1941363
314011
8844455
-2151283
9922181
8130818
11128084
3327417
7380036
-971647
12796551
4823144
1383309
-7364632
18285967
1488977
13440133
12242963
6687919
10019911
3112369
10423993
15084614
6239691
2809846
11166095
-2273662
587348
-6959450
11372387
4805878
-1049616
-2811718
6046776
13824388
8601149
16739683
5846864
13798301
13062633
3970463
14626353
16793733
17111577
4382709
2048721
6436751
4158690
14598279
4063610
43566
5711784
19309766
14629655
1982198
5295836
19648325
1556138
7695710
-3018736
2874090
5849507
10803026
20093984
14661416
-1209751
12671134
5198070
-61030
6887263
351184
10432241
-39070
5846178
-38236
569135
8222178
2845325
4791856
13702221
9947911
5353229
15945985
4384234
5350187
8771557
5889228
7364360
2744406
4320719
11848994
-2071781
6506931
13695558
-5746811
1962374
9766736
2464431
2073196
929582
9763501
6440599
-6424482
-1137277
9276415
8171696
7086486
1584795
3061364
-3814251
9731195
204126
3902441
10650876
12326601
-1813288
16832333
14069742
-523355
11626000
9543190
-693276
2403162
12832683
11531237
7393806
10206306
-117704
14220342
680552
10608975
13304516
2998581
597498
12231567
-1411968
2393620
14208700
7565680
-558115
-1552166
4522158
1452809
487210
-3518454
6212427
860405
18307179
3684502
13089375
2966583
1575175
15470180
12091016
7769120
2151393
17686706
701330
3000204
5302255
-2377790
10630122
10495477
14153391
5569976
3462082
-2875346
10930012
8685280
16282386
8900350
8511264
11935263
14230254
3388512
15226302
1356987
1338771
4437372
12999662
764908
5639747
13719863
5030435
11505978
-362160
-1580815
1050811
-5350247
2063499
14877231
11444594
7938932
6626814
8293325
5447953
998238
8308090
4764471
4643174
13730197
13449894
3819608
3722202
14978974
6828905
12194454
5678853
15526390
-6768093
-2188632
-48399
9986385
-6992715
12185878
1351940
10805317
-1736277
5506439
9896263
13155400
1752164
16835632
1171245
8416609
36433
15152760
11185029
8897492
2833932
-588968
1357286
-3485773
14080840
194107
6466341
5157578
-1615713
1170926
-5365190
-1345920
3988833
6108414
6209605
3182227
12539451
4627520
3166198
13276903
7128079
1272582
6833889
7978734
7368700
5904419
13463370
9672657
12497704
13077028
-144234
-662595
6776211
-1008106
6931910
6674175
-19238
3509727
13270148
-1835208
5021422
9566379
-5317396
18826364
2758196
7852017
4729798
-4623105
18321394
13477271
7368040
3009749
11581679
13106570
17869224
9435423
1660447
667036
5207657
12749507
1687114
2101011
14225028
4818505
470000
5428372
4309799
-984884
5762507
2875188
14975028
2101095
3614097
13341644
2639497
8439014
13556640
274052
3827205
5867272
10530529
4623018
-1957925
653987
10086721
10079740
6220337
10724269
10580243
2760523
9942173
15201782
1495107
13259495
15606024
5761955
-2929960
6922040
-4968929
8736889
473422
19772840
11807051
10764989
5903140
3879814
3930542
1940928
3965122
-1864059
3343341
-1015563
17084846
1992878
1891566
5679357
7379284
11425460
2257461
6087007
-1126637
8632860
666396
3650282
578445
8354350
4177342
5334270
-4647871
2953635
-845106
-2393523
-964398
18189238
12729083
7925101
8635425
-2696221
3796481
3575862
5950897
4819323
-2644963
253778
18590844
1460554
-2129373
8823828
12265688
5170116
19174591
774437
-215924
6613337
-1976824
8896088
6112692
12601080
7711087
3540276
9363743
1606754
17675189
17191308
-577421
11854599
18690576
15497203
7782990
8013960
10206194
3796700
16240370
1298045
12470404
6376847
5711185
-1547902
9608955
11507240
-3721627
4266709
4159262
12450255
13474211
7491039
3689073
-253640
4383527
6916433
11319108
9783395
4515842
675013
6737437
5286367
14988561
12292633
1229870
7519185
7491727
3186090
8364668
2665978
36175
12681453
2272026
2256262
11377918
17995248
-2821525
19732665
-1630042
6942467
14682987
5109974
14150181
17628976
8746394
5904800
805723
9025815
-487767
748281
7233353
13184189
3420694
538012
16423408
5925285
15652122
4240936
5881573
344851
15515879
7780918
-2176222
748905
11427995
16231946
2336421
4598212
3623059
-2758231
17939034
1859836
12123994
-6487872
4558961
11148141
-664684
2551728
1783758
18930683
9276649
-397565
11554919
2908957
9810077
2185370
1594129
793030
4546195
6237000
7952413
14084833
14440224
2140840
-4366197
1213623
7184745
15824785
7154636
16415034
11783281
10800616
19795109
14498953
7600610
8474657
12756118
-767120
4595629
11485210
6792580
12146189
3459791
6407830
14636392
12984972
641138
6485254
9596636
-3230280
10315086
4496817
10711349
9385536
-2428433
1926347
11493582
16510524
-2087911
1002973
10787415
9734754
-4512784
9254279
2018256
3772739
-498960
7848381
1397749
5815168
12153724
16873457
7396331
9561286
5925558
9615877
13572712
5228589
6401455
19352326
-446677
3509965
14698007
-4034666
5862180
9854321
3781412
13120090
-70934
4974954
9555166
-2050223
6453285
241347
1827585
14227945
6790746
-1498947
3700538
4804785
5718344
8256190
4528618
3709461
-722905
-3686399
10490603
9403661
6130115
18184423
10542638
8934330
4270612
3387902
3853508
6633687
7644342
7689850
3929636
6285759
13313118
1978985
17597968
2185033
9643532
-93848
2212181
4472089
16471480
2409115
4341277
-1211181
3235467
1488930
-3627077
12634584
16760308
479545
7425335
4218177
6127078
9189550
2365614
-1645706
1942411
12372351
-2508987
11376267
9866563
2171254
10863842
1385681
18936293
3638531
5265740
14372300
13567971
10227096
17421713
-1267769
8208121
12328603
1433011
6996594
9082752
8072597
7725947
5698114
14042321
11419184
-1483793
11656905
214007
-2349964
17370919
12707555
4305482
7818441
10570774
2120738
-5504861
13177548
-2260220
10653684
11965620
2003996
6682697
5548936
18002387
6252535
12592859
1627374
3167910
11400351
3800807
19324516
-1566652
2147887
2054875
12821597
15610764
17912361
-1162019
16146992
-2552387
16785291
11499415
17194888
4557687
-4855916
3951848
-3100351
7148339
1834892
4191802
6331975
3248280
524308
1881491
5901650
4914688
7026775
8691497
250432
10463223
8748176
9484795
17347778
-3020350
8972969
5811921
-3811331
6395857
13521677
3530313
15992416
15029669
-2390212
9406691
9343469
1348352
10074161
5350498
-601810
16460001
9308126
-718877
16839526
-220581
4930548
16291952
25421
5920538
6401744
-4324785
15267940
-1441569
4793666
15669902
5734041
3413920
4646900
11863900
14200714
775579
16073782
8387085
722411
8388719
8659056
3454931
11541859
10301568
3211108
-1055245
8628651
2254630
15077243
7106716
-465268
10956707
10287195
8823495
3959311
4684331
11283130
12746609
-2331665
6059862
12917095
19013561
-3597456
-1470662
3423824
4673914
4326939
1412900
-1160735
5681395
13347600
6683599
4567730
-2108761
9877525
8862056
9813053
12805235
1648537
13719976
7144294
-783215
2420930
7189000
14181122
12381417
9808157
13180066
-1326777
10056901
-1538941
11099009
1989125
14608347
14266088
13841326
1314534
3950176
3741226
4988028
11625347
7649386
10559901
5781809
3840267
3664473
3751746
3578417
5911766
3683560
11348162
8707190
15350176
238428
17378859
12716997
4619774
6566283
9746474
-976687
17995507
1888293
7126146
5547591
10741928
3904992
14749169
-1624166
9307243
3745950
6307652
5944645
2696386
6232218
-240076
14510489
10366145
16000123
9233206
3660905
1857233
5060402
1537648
7865474
1814591
6285074
4449669
13450680
7945228
-1109181
8579666
-231417
11812992
-2580283
892032
8649635
1508223
-266459
9913623
14494323
7709481
9193725
5401889
-856895
14103374
9440169
16829659
9480153
4649972
-8038274
16021011
-4380811
2545405
8242153
13702120
10379951
-319280
4238479
15552971
15996998
19027761
9339946
5369494
5232687
645994
7215529
9754266
5784871
8455717
12472764
3832653
17661729
-398
9240061
16412591
5936597
10951337
15924165
15416277
7036820
2245310
5356706
-879972
3902515
17056809
51776
1201247
8784140
6315408
15565119
-681733
-341099
3793674
8873423
15405299
18981491
3653167
14106973
16565710
15795104
5462821
4923551
5965889
1405325
1172388
11626583
-3029045
9510876
2051473
-224304
7538569
5535066
5919210
20234056
2371095
13880569
6916905
11285144
11052144
-429919
-4659451
5210281
12863943
52228
19062286
16432680
11390420
2540194
-6943814
-4341883
4801770
3014795
3768462
4064712
6761702
8739919
-664302
17239528
1510196
9602096
14766729
1352995
9160874
-4960221
-844095
-614354
5971320
2271884
11653296
2833411
5645828
10762058
11725304
9732088
7738050
13703186
1994878
11514152
5160091
-3727668
8613349
4322431
7110740
8574576
4829167
-1007356
5561412
4892311
2736204
-1698767
-4784938
2727875
9148449
4511852
11212110
8295418
14594798
8252227
10619610
10390952
-1752636
5353402
7099373
-431159
9609964
-16296
11205024
4294485
-2576350
2360752
4999060
2048962
8540524
6464446
2230044
9402734
2043138
2608438
4946410
5290661
8982546
-2894968
9082570
4197269
-303532
8597560
5772966
14589042
4974577
11301983
13079168
8458669
12323218
932546
14453024
5442185
827185
4959878
6220438
5098742
10917656
3554235
663501
1162024
12263537
9496260
11390363
633945
13877512
-2280862
2208505
13153306
-82638
1770745
11608087
5762515
7557067
2442782
14484179
6475340
20377367
2234205
11842915
120789
-841886
-1726218
11750188
4064669
-1441448
10965772
3436216
7700961
6095115
2854170
-125443
5438187
537398
7809372
6802852
1739130
9012267
8269514
5158363
3240245
3448767
8926128
13868373
-4418258
17572240
21037986
2596734
9560377
12303917
2913370
-1062996
2231618
688694
2108368
14077316
13140867
7685617
11618379
4940456
4096342
13597461
11051348
6452859
200796
15306247
5721700
15257165
-356543
9869192
7834413
7836696
1320457
2966411
17102840
15718755
11440912
8177516
2149269
12548867
-1114259
1935961
-3088650
3664342
4153663
15045663
16900571
4243170
4631100
7579756
15317757
4651416
3003249
5992038
6437744
6386711
5681596
4554528
13339990
13939106
18717730
1279963
5723773
717813
18313221
16410393
4678310
12359146
14245516
8501901
-2228813
2190851
7886372
-2614639
-907276
164585
11456763
-344121
8648160
8117682
8047200
260470
9006179
14294184
11392773
12771237
-3474950
7169495
-228532
6647930
5670437
1579074
6217408
-180579
-3763160
3504274
9519674
1608969
545199
247882
-1671134
-1247587
8268273
2053808
3857272
936920
-169142
926921
-11206298
7137815
5545972
2455980
10293185
13506090
463321
6600757
5824198
17099962
3096016
2334290
11816228
11236613
7053560
2352076
2018054
5477220
9772099
10853988
915519
10254469
-2083145
14342309
11792821
3071105
1503225
7378944
1442859
5141966
9775588
12678889
6256795
1772733
-1454812
-1608746
16498007
12715231
8353390
11257632
4432812
1359738
10159505
7092484
-3334120
16845647
731259
16290948
-2937089
-5442688
-3051700
3841836
-1080932
-3304164
18786701
13458588
13377763
14097844
-5498322
6441061
-1033796
7099536
1870586
14023966
12040601
15616282
-1968542
10454997
96379
845723
9000687
6756150
5055231
3915940
5659640
17028677
8871968
2690899
12133050
9236901
7657462
13382312
5979828
4308904
16321385
13577258
-1989636
10566996
4344474
8622536
8085509
1121086
5899974
14479542
10918362
4132928
3076839
475311
4298460
16371450
6416297
1878077
1389504
9115003
16098354
5043831
8007598
5144309
1781943
12172123
3212470
10813647
-1862134
14756732
1499885
1331448
16127791
1382499
2761511
955895
4936453
-2717235
3208402
5643859
-267682
5606318
-2082541
10568989
9840506
2036477
9020318
9604970
5421158
13252035
-872431
11735769
-3218879
211420
-346337
3073650
12933105
1214679
8716607
6626484
3028923
11801171
7146211
-805933
6503567
7850738
8607680
18020957
3750949
652165
11986391
18422296
9562529
-3346971
19021008
6089367
7932491
4927253
1941700
1970140
4441621
3439067
9093593
15315677
9738993
156429
8298989
9246261
3010181
3539476
11227358
2611303
2006645
10017444
10895178
18929397
10139094
5563377
-16375
9200842
9977689
10791974
-854103
-1398512
4541749
16923872
5885185
-254694
10848428
3813554
707056
15876681
6499034
10629421
10174038
13620486
6294866
-3208933
10037847
-3016831
7401288
-69646
5294886
5063931
10558950
16933784
7063026
6411148
3226606
5259721
1324844
5060856
-461229
-1633494
170541
-5421848
11919565
571914
17030435
9800414
-1185994
841117
2845087
9131676
1756686
1797531
7906324
4892913
5633457
15660433
9215066
5879439
-2261525
10579346
3079690
11708716
-275333
9071829
2129929
10533869
4625958
1622576
13622709
6200612
12916667
9799147
9965387
8713374
388908
6299576
12221257
3255536
-475538
12925594
4626379
6295619
2409443
9404670
5069101
19149604
4439567
11260469
9812592
10641110
-3498540
16428167
11813983
25672
11043504
5091307
3473490
13897748
7136120
7533070
6482291
13129550
12753884
7219433
13472570
10367145
1750784
10592392
12332561
1758484
16699583
-96032
-521844
7569868
6235754
12397400
11952626
15865862
6906482
6815964
14010981
14912150
5945783
-1771614
2630222
7836908
826764
8940483
-870449
9578781
9714594
13362864
15433934
11957549
9049123
18185545
4244629
6938637
4380983
2580373
14243772
4826459
-2140728
-3084169
7434516
11066883
12975981
19091569
9607457
6614474
-1450544
21890543
8900389
8069443
10377479
-2976631
10104379
3494533
1556760
-2077752
-3912483
13704656
7303683
-2232112
13344404
6364033
16350118
3879371
14369159
5364680
7155449
520660
6791820
14022494
3251237
-2069812
14449575
6499877
15398611
604509
-4575476
234000
2621424
3589503
15389969
15666395
2163190
3192189
19564953
4780906
-2141614
14369161
5659560
9259936
4950250
18924443
3473027
1672366
-1829559
222310
4329796
8658712
10517893
15184944
4069513
-1801683
2084967
8670913
-5344017
87721
11282631
395326
1357032
14512514
52333
7926123
2104482
2114892
3358356
7199730
142510
12017710
-3408160
1583199
3069570
-1869876
14882070
8872292
14253588
8392084
3663608
10687537
8241152
4833606
194769
1758644
3341852
7726644
8563956
28671
4078863
12984549
7600626
11461930
-1949030
16096322
948636
6261351
20271743
3377014
2514078
3430572
8651763
838074
3027774
-83672
4894491
8133907
15118257
-1907744
9201320
10795139
5117613
15931138
17859174
17187766
14367734
17769772
12365042
-2136130
6289765
4559539
14275815
9871097
6212701
14307837
7337971
10335160
14558956
-1255301
2100065
13325646
421999
7191390
-1529573
3838056
18568704
1205450
15226514
17756279
2005938
5443792
1576109
34905
12332991
-6086451
4718673
17768443
9345941
8558259
1362714
3663599
15132197
-757540
7199
8963953
8798694
9294760
18875319
6821322
5360379
691039
10086333
11241601
-1055755
-88542
-2451089
9784017
13025673
11663616
11394668
3738581
4248247
1745916
-5170897
5653504
5024610
7803676
430730
8669030
10513110
8308953
-2977089
17439841
19149542
-3487118
8858105
2072757
8516188
7780943
13124932
13004822
-437502
1153274
19660490
16943608
2590788
5959700
-1361850
6795378
12898795
-1553478
13284553
761177
-2353144
15918649
16895563
15992686
1570256
2688020
4047823
3224389
13629691
11208593
13778259
8203645
-2342888
-4286155
793893
7641498
8487617
-8165194
-548718
12610166
11863767
18182434
-9405877
3385621
12387508
-1161101
14361455
2638430
9503289
-700073
-1614121
5767837
11506853
7213230
12593280
8839780
3134394
12440622
-1844632
13968569
10014505
8139875
4258722
-3311627
8992700
7128301
-1598037
4317389
1286681
6708806
12167590
7192807
10733892
13675760
-2894814
5907788
8841023
13300383
8257506
9232406
3361605
-4813924
6388108
8734335
4344048
1320095
-5388254
11917196
13982135
15309188
15715938
6033682
6524095
3818026
8632144
9565961
-1014018
10149045
6672935
11098305
15883700
12987388
-2329398
3842645
10962294
12688454
18777931
3295745
11368748
2392163
6337299
5712204
9567435
-1119956
12003610
13504157
3261489
1503019
-864050
1483994
17419278
8207858
10267321
19322114
14059408
3495684
12397873
4992205
-10875311
-291559
16883527
5611690
14273889
12631376
10662588
6399244
18290215
2576234
14138598
14982357
12936655
6349670
-1284849
8777488
12912658
4885749
11771414
-2667910
3904007
-820889
17660583
-5360076
-2761449
-1696620
8882936
12811740
5289906
7460043
4851643
2965313
1584798
3185468
3782789
5240025
12910892
10273197
8861885
-1151035
3569916
471410
3864842
2923718
5144523
6050402
19335760
2245485
1007257
1048095
19357445
2065518
11170620
9331760
4030051
1302792
-611340
-1873969
4825224
9220093
15176229
2915625
467756
9320494
6275986
13724093
-2083257
-1158890
-1211592
-2468721
3099088
16684951
8838031
11496757
11798857
10589102
4012639
1082853
8920144
10743725
19376783
3305658
9154826
8215536
7798613
153210
-1184276
5455247
8761776
286322
21177025
2243706
4310074
5732731
5811209
2951345
1782285
10463316
-3533324
-578067
13397393
2290118
9348728
1683437
3470902
13664146
-264984
-892661
2440269
-578713
5024432
-31517
10131072
15961880
12613812
3453531
12249350
2380167
4515328
9063857
-20759
5589200
3212497
3094136
10651405
18025681
4473507
14783494
8016987
9503511
342279
1834089
6852215
1636907
2497630
2738298
3595250
7785099
12190575
7183302
14339852
17473535
2927285
1842344
3835641
1886755
11720098
15579968
6509390
784906
12447910
6907860
-1064541
8817549
4035361
-610474
-3986891
11113668
5632437
7778033
690849
-789014
1759731
8021603
8067607
10703002
4091093
4205809
15687650
3415056
8544085
868025
7953581
19448844
2828269
-3703936
13276203
1880338
3385319
2224211
1834025
3158188
-1368718
11612204
5172224
2942200
398990
5324075
1883240
38507
9986915
5122405
-775938
415459
1403097
13269470
-2899647
-3126405
8923937
1347074
8828545
9118191
7763285
5348774
-2972744
10798230
4553292
9624239
276108
1759874
13741018
10721529
5644682
1862261
14964984
-2082197
-2702090
3519369
11401639
252978
8372718
13942
18500241
13816670
-2967157
9229749
10922621
6468818
2915943
7397780
2684165
7593253
13844972
11558534
7235948
13067637
10764115
7200445
12237375
6479687
19376469
-2343570
14103247
4311698
2724968
104709
17740278
6764677
11868906
-663331
9130047
12496206
11506108
14275056
15586679
1952134
8651228
11532327
-2459575
4853665
2376809
1337999
5964611
10469651
10457030
7184743
1377256
6073994
404078
4135015
1564496
1056742
8300670
2496677
2150749
-224843
13165513
11613407
-2156134
305513
-363013
5210740
2058658
10621311
1720878
808296
12856114
2074595
-698869
5243404
-1226742
19289745
9774565
2345108
-3742487
18579905
12941860
1434043
7530037
-2509981
16114989
5223110
447292
-2011815
224213
8123451
1384903
6152546
6259245
1065810
-180769
3998674
7355267
-596477
-736200
5704435
13408671
14949918
3871310
4227185
13019988
12929047
10785426
3124499
11451849
-4266383
12671229
8671355
15195770
6658510
18019073
1282926
10258543
5136696
3983715
9900782
2089101
11498141
14722539
10700339
7768006
5119325
3585260
4481912
3857094
1854418
8413842
6815683
7804487
2908455
11121075
17026164
5792980
14852954
-3961280
7321112
4307714
15747155
14169537
4904781
3061696
5716228
917162
5009685
1707896
19527224
6352874
-2343341
2218979
13012681
6889696
9656370
5263045
60007
3457030
1632122
3848694
-190797
5969594
7817782
-3744614
10257606
1691093
1380008
4306491
2454559
4199925
12420450
7596658
17401045
16615652
7685579
8046127
3500126
8400628
5780605
483103
1442598
9891938
3326102
8567550
5529792
15104641
11557308
5457811
15108846
8615203
2384638
5032995
6171761
513504
9215322
2243982
2809070
384396
1389792
13194258
4772834
8881910
5499497
10137959
3544809
3059805
14391943
6906510
5290170
848384
8237257
10571764
5843275
12846463
4921634
-1495671
15227007
15120870
13189706
11769289
7872198
6431644
1426071
15708310
19667531
9525756
7605800
924446
5986921
5958406
10665917
2682979
6169793
17292764
13695465
8098985
14005627
-837827
2202159
793287
6466247
599844
10510729
-1108998
7398518
-2760605
5298321
11363162
8868416
8686487
10973224
1511673
13814714
1798818
1975054
5087443
-961809
6676805
2701955
4957016
7325652
3001015
10803139
-2688934
3071754
-421133
3358500
6964153
12465085
10996100
8108994
4145934
-2472634
17052034
4377036
9034599
10996948
-3554298
8889625
9328043
5105675
12721405
9422181
5102542
12949909
3789424
5726376
4877995
-1781683
-6018128
1667025
7773205
16905024
178140
3564758
1123972
4868875
-4165429
7945933
15387855
-2630333
7970825
9042384
1053859
1657024
14685297
6109285
-3504920
2064476
2106598
-3995493
7150729
-270801
2792473
5713375
5650117
4051833
224846
7776213
15298868
5934062
14273945
9706007
5889031
5398850
4297261
14544215
7836015
3620420
-3817395
6363999
-4313510
7722860
6218994
14159366
7134522
15347342
8866743
12782743
15009490
4092802
871169
-2232865
1884278
1954228
11450028
6042983
14272774
-2122397
10763024
6956093
15233666
17400122
6964696
5498124
9222876
5496335
9823824
14426819
-6840186
8119008
10985706
6130060
5172559
13157050
12104079
13263716
7892354
-545328
14033630
8170063
18906328
-2951583
17747186
15007830
11926737
6372299
6582359
14188193
6330132
1168518
8988133
4127459
2630335
-800981
16098208
8828476
383406
1514873
8519164
3868337
18093171
10754086
8092121
-749118
14214129
13697765
11053339
17326561
12981587
18881691
9807619
15830813
13114893
6451759
-1776410
2409255
14329636
18902893
11384116
-6990099
15252985
2026982
7357872
14815007
17364219
7126087
12125919
11038226
13097311
14165836
15565638
1073834
7101493
6193539
5420184
7440228
-717127
-1957578
2202778
3049959
-97581
2613645
5136394
3806962
8517030
1759035
8319416
7168899
14022777
9185824
6532530
2865334
16818053
107659
15720254
7477002
2990871
-1370036
-4680431
11224992
9576765
9398892
1946596
342029
-3597221
9892040
10837250
15383967
10423711
3183965
9276792
-6451000
19639938
8924869
17796804
5264634
1902517
3495495
2673802
12668803
133632
-4515960
5626326
3944547
2321083
283341
7997142
3972122
14927138
1218168
4251179
-2748707
13514455
5786627
-3488251
3479782
11445920
13973987
59713
7818802
4886248
-2570347
3263582
17440212
8358387
6681089
16529787
-3980338
10982166
4993115
1836865
13875785
2423776
845314
4856553
-7772562
5405948
11783920
8258115
3692704
12351927
2896125
5911900
798970
-160778
748673
4888745
1766984
13184092
12507311
8128489
15238434
-1265760
14406540
2944887
18445978
11117879
13360263
19157897
2894139
17871794
1321645
934656
10515900
5058338
12947852
5478707
8680450
13776927
9429754
10647617
-951683
2897986
-492878
2905864
480594
10831835
4481016
9981059
3120587
8824206
-72303
7529301
10020227
11010534
-1510819
-2268466
8308164
6752972
12670953
12075630
4037217
10354063
2081837
4460358
3629699
148848
6352540
14066391
16677183
15217067
19824806
10990608
7541905
-3388319
16618999
3093689
16161502
8436096
6350846
6339040
5946105
-1077331
1154532
9332472
-927127
453434
790351
29611
8837817
416681
1529910
13071563
543567
-5915143
9074422
1877336
16918676
9854587
17252635
3782819
-4071419
5449311
12833899
14397789
-1171853
8866874
7808172
10204482
7749387
6081522
9595988
10282646
11531221
-1348947
22537
12596084
7314881
13728240
5153783
5039938
7202001
4272991
18348769
1538866
7911344
8123357
9390217
7049871
4633111
5084944
86772
-37189
10276414
3875177
3243206
4228167
14377882
14643742
11081742
11394774
3406282
12012538
1339051
6474116
8352267
8042013
3526663
19272448
10449250
6162961
5705364
8646131
16860569
4459598
1662507
11874859
1162564
16031152
16177802
604236
16099543
-1005585
4378620
11979587
7561913
1595011
11502234
17542092
2098132
12932879
-3083762
694838
5237314
19262235
3008479
11811389
18134827
6054801
-272287
-4607698
12216158
-1999681
-525004
3822022
2856655
6180186
1343203
135133
8176758
3162072
8526774
1148829
3184725
5782163
2966138
5134312
-1991778
5933072
4060889
-495698
11960387
8008236
2437527
6496283
14591656
2414703
8512883
2182057
8651650
6205759
14416258
-1171564
8196318
-1831109
10855309
5068995
-7109612
8803004
7307665
15573843
14785402
-1600467
8832280
9126735
4110254
1111011
5140551
268009
7954076
497978
6224147
14377874
2087803
12554864
763344
2897635
8669828
3687960
9085747
19267893
15169816
10678697
7300035
1792926
18835479
-4140719
6659223
9421613
5969141
9013701
5208077
3487001
3469475
7507987
12796323
4128400
16271777
5998196
7896188
8431599
11297580
2360263
17926700
2005971
10429646
17973400
15817677
11421074
10689617
1628990
-1158506
16222766
2973917
1699034
15970134
4357890
2278057
9848803
16678491
998651
123810
357125
4970575
11796759
1757460
1741051
5388529
-53731
1241994
535488
16079230
-519034
14719321
14966861
8917228
14618360
2670476
5078253
987416
-83592
9699035
7103369
9279393
4878471
2719666
3479023
-4463317
13015093
2419952
8426521
4494701
13555764
3574118
1813676
5121248
4176540
5674305
3683580
1300144
7425194
1204682
13336354
-2106358
3679097
13227889
4894025
-732747
13326070
5471086
7565464
-7231611
2707759
14015535
2855727
15710460
9490270
-5572532
1524515
16245029
17744453
7010972
-408076
9554967
13429872
5099523
11009988
8924106
3542706
-816510
-7167006
1452810
13246509
7789036
16911091
4685750
2623921
2255383
19386892
10064408
12796043
9155791
1860008
13525187
9804582
400212
-105656
5586936
7449547
5131255
12503485
16725991
-4962683
117406
14798240
5844547
1931893
4489907
4421814
-518154
10139278
-1013063
9652178
7539133
5222766
1409127
7338328
-10389981
11416835
4116204
6330055
2723380
13016727
1145074
14954834
10496137
-16879
3525744
6762468
7791433
134182
4469697
3446631
16736291
-2409832
4447164
5965140
-133879
4799917
4441148
12485713
8557018
-38742
6806972
13738797
2434392
6993825
11012827
5230351
429839
1128049
8755007
3858417
8025303
14033849
5086084
12434054
15192583
9450599
18431552
14706035
16546245
-865688
-568195
13283082
17499021
3462168
6949792
2310133
6903960
7602470
5235436
8379675
6770978
-2255044
16954080
876030
11666590
7702620
4747773
-214251
6280900
6659947
16498517
6154472
9155637
3944939
5307505
11494479
13987708
10336546
10710658
-4041074
15838947
7479716
-4123431
3215460
-1242393
13380603
5791084
3842183
5091005
3259353
8009832
2807450
7999026
12351430
-513699
18864289
699902
-273093
7134065
10399867
14864252
15253881
4876734
-5379097
-314100
6143741
1189827
-1772299
-2097470
3866178
4321124
606227
1651920
17289249
11233408
8654203
13733276
8923544
3970112
8724195
9960109
-1491764
3837152
13798337
6403889
14683046
17327141
5484180
11346044
1411624
-4877769
15848360
6462169
9749410
2495449
984510
5497897
15572114
9620214
10104341
13273721
4808133
11020495
3315555
4684639
17700330
10966826
-2748757
6437112
6039505
3346846
1594178
8409709
2180103
3587891
-3242376
4388292
8989996
1598402
14920882
8440892
2111625
17757891
27110
2986351
14100524
-28562
12468200
12138546
699678
2253468
-1110082
8474511
12457289
8955491
822596
11647876
5044232
-1478256
9010487
17822936
9354583
3870918
14883814
5920091
1630769
-1832387
6692006
961696
-4649193
9561985
-3632971
2129526
11336128
5069869
10752730
13225334
16246998
10924110
12034942
9754528
-1949260
10799404
14225546
9175503
4969503
6769783
6582357
6044704
1678997
1277217
-2870925
17394207
1252634
6349779
7385069
16720941
-326478
11009118
-1914976
-2100404
18138254
6581283
10811251
4275243
7892883
6857876
3480808
9673956
1021042
-4697807
265875
11567228
12110098
28251
-2960283
-649238
15935047
434401
5239602
2303902
1576687
6405335
14615743
9549882
2426933
-3789975
12271036
-3636440
4558658
16573527
3025187
-3080165
-1905673
935802
-1974627
-82106
7151899
9864869
8637716
5525622
1427227
1907508
19213458
-815187
7130425
11718172
5927844
2606142
10098751
1383894
12095326
6212365
8211632
14086692
350198
6377191
13908315
3665639
6867781
5867462
4502287
6863780
2619690
10202438
4192869
365932
1367547
6462438
1318158
-257945
8538991
10597818
18030939
17251026
6543118
-34496
3012312
9918282
3310800
8210585
4619888
2688213
7425886
16234808
12626110
7932828
10297364
13622764
4030195
-3247299
9072017
15255811
6933568
7139914
3528699
13493377
2121788
10253838
1295994
4688394
9340408
12085535
6618258
6840081
-2420532
6844904
12234178
390204
8709675
-10342559
806560
-1213439
16190591
-1699832
13758030
13375008
-7835415
14968138
1832342
14712225
4189991
5031035
4072506
1000172
17982765
11694806
18088486
16228896
13875839
8305360
12226305
15129585
11949181
-3277583
10556737
11831063
-7239650
6872709
8975152
13495199
8481465
6439346
479903
11068836
376887
7389117
2291516
8977731
14535882
3215162
2941137
4981348
-3405158
4432161
4171024
12168084
-79624
4953457
12376149
3785530
15081433
2126929
-1227055
4542043
10182493
1355746
3481062
5822594
1822023
1398844
4921485
-2920252
2289095
2004275
2730604
-258076
2206023
755314
-5604786
6627825
14348674
7194002
-1903777
-1185113
7825147
13786303
8464862
17843021
6205077
4597309
6258835
8323606
2270210
4382736
-1373618
13048885
2164106
13272376
-3942834
12433728
12524830
4680986
-6133981
816326
15892942
-1900121
5954507
159042
-3412870
15904443
-93255
-324467
11787791
14906664
14415180
9392737
-6089262
1690918
11066553
1262155
347612
9928466
4691468
9727587
6510518
3564019
13069180
16521449
1254930
6544507
1824942
5259881
4119251
6648686
20597724
-1824959
9036910
8798716
14456191
-1887332
-6473160
406880
11970172
791701
-2607341
9605478
9950088
7924160
15878301
-3636433
14338850
-1129012
3383526
9243084
-626222
9304420
-3683293
8037501
4096616
354058
1583798
3982260
11378924
13383678
1355478
-4419308
14565927
6620171
-9380380
17886894
-1166384
405614
958837
13668737
-2074468
1727704
-340297
3547211
9778263
-2319704
9477120
12625816
13775820
14595273
12003344
12366722
498006
7054640
345203
6072768
13637810
9233389
7677002
13710599
5250977
11059397
14738987
2605541
-1191242
14611340
11876037
8143756
14298313
8570576
13094613
10186592
19159488
9083639
-1142660
18374036
11388053
11173293
9337695
127290
2099284
-3094815
4917098
12934377
4172316
14924983
11991570
1942839
2598246
7444612
5877212
6435845
896069
10865116
11191309
3456588
-4107200
2640422
13123740
9716951
1978334
-1821870
6914673
2624105
528413
2462289
15162438
16559830
-492222
11182295
4322532
12174630
-1141624
-1178472
18180749
7692549
-507629
5403444
10066569
12566948
1658914
10630701
14664323
13851137
12310815
4873419
11794429
2341063
-138705
16700195
19890640
-288110
13421787
3382250
12912761
18743573
7062314
7417158
15457036
505332
9149149
-380683
4362436
12589382
4029149
17252560
978747
-4564466
1997168
6361756
14188422
-796983
1097210
-925962
-1864235
5207502
10748280
8633853
14482949
14474451
11648715
-22428
5487659
15027837
5048357
9470473
12102685
-1689051
3512181
4466864
6663501
14324308
7569328
9525875
8064524
14370133
6584126
700744
554237
2881715
16774730
-83019
19010783
-376981
-3790313
8969881
13051541
11556132
8009686
15398409
11990379
13101744
10074533
3285926
9807092
166372
11633929
16463041
14720973
5640007
1370823
6249255
1073687
10050572
8480217
7131815
8348122
1431599
1931904
8531438
9343304
10725180
9769984
12070747
3784573
9985109
-371478
4285773
1971481
12096881
15693861
18849155
6693068
6588146
13565394
2001137
11882969
1293209
-10170736
1948367
5720271
10792083
2062281
3354651
97793
1283742
17270959
2569559
7406763
4438048
9791569
10593520
1033999
6655933
-254660
5820685
4568201
10523552
2964052
9919404
7924695
-4783771
17687771
17445436
11853854
12593069
3759701
3113606
10413858
13623927
-4478208
-712311
-1456706
9931
9849990
962809
8241759
13201483
19226800
6835796
1049090
4496499
183431
8797521
-516370
6917103
-3202460
4678913
9519352
5697454
-4549385
11708985
7144992
14367726
-2678767
-2507855
1473342
15517226
11878744
5335822
11578366
8048894
9494030
536476
11997195
11875501
-3334111
7134942
15046565
6597257
2677063
4002085
5435887
2661520
2370401
13647125
16451878
3419090
9789065
807720
-7266143
8612668
8602557
4497033
615072
11922114
-114578
8391547
21437534
-522541
-764983
7175580
2494516
9795754
9668004
11787041
4805681
18233209
8361908
-3059017
9402648
10047250
14835724
11774513
6815855
-4417314
11200666
13083
-161844
3091444
9743168
2943231
2495039
584039
-3156669
5424720
12818969
4516928
3252153
-182914
1551931
483471
8101910
-5664510
4472477
9780330
606860
7369880
9321362
12276017
14437125
-5410329
10032050
16370560
618423
3287563
12789025
3859927
13078725
11973554
9949091
3572763
2326541
7844918
3818082
12695974
7553909
1939789
11642744
10267757
1063805
3419754
9785731
2642073
-4250960
2461051
18330705
11904064
12041251
2555901
11590652
132181
5972249
14663934
379536
8814903
3859921
755525
3459569
4769512
13623754
6504846
15400432
10285204
4302767
3413643
14257172
8847439
9032103
17729219
1366259
665590
9340351
14502091
12976415
3893291
3206736
6302003
3539027
3674305
4898324
9405210
9515776
6140327
13687363
6320411
17599365
1830834
2637714
-1596196
13735511
18900674
2897519
14217192
10383907
5662319
17549950
4959947
11737146
8393075
-3832179
17327406
15415504
14811340
-887440
13561912
7786076
14419177
4774111
11125232
18524303
3579009
12051740
12491696
1397546
5915359
4871763
1567570
12704849
16948905
13066294
6326146
8539662
15020808
4955549
12591669
10335980
8673851
-75511
9361797
582860
8850967
5209921
13154205
5125864
-6814444
1021537
-5207122
8003559
8457890
12192950
5392952
15973834
6896356
15603893
5871277
1879105
12728178
1645483
2510866
6525443
-1200649
3541328
6715528
5107867
5186979
-712690
-2154186
-1233383
6006840
2034597
7203518
264968
5220613
14749321
17850431
387625
1353749
2062001
4857397
9750077
8132829
3850876
11198705
9762276
11343146
11244234
13550549
15000299
2752158
15329210
4450318
4622343
7105608
213123
1315912
4422333
12488594
8642101
-1994674
-1421270
-264958
12465589
12869164
5741861
14017659
9564192
15101269
5785376
5518820
-2091595
2137328
6154591
-819003
-6059694
14820002
14613788
7807771
2777555
5557917
16685222
-4575396
15696057
12998543
4657926
4937435
46373
14358965
2270638
2908915
18983478
6385847
1626566
3375371
8524067
12708868
9126765
-928591
-3537762
9943635
6381980
14051648
726009
1951465
12305677
14426808
-948205
-1440928
12571404
-640453
1987714
-5328725
1111276
7396853
9332020
8420727
2096954
3995539
-1643515
-3839662
8407006
-1950229
5594627
13746911
-1875409
-2237060
7247234
11310953
-2076094
288531
14985851
407617
-1842847
9698952
12156925
1293575
9129731
9808441
2319699
4486946
-1334846
12676655
2872486
11056128
9002957
5254259
17863179
3357800
7635751
14369323
-438811
2906817
17835953
9038375
5166068
7881808
2272922
698889
6256807
17113136
4015331
-2640744
403220
-6856734
8350477
4614880
11691102
8926008
17594292
-987663
6392011
9338090
11464560
1587058
10741369
3474623
14292779
8075510
3824737
10446748
2133627
13734790
15431064
1250278
11253434
1733543
-2085322
11011293
3143428
2388202
13317700
9401387
7268576
17311002
18270640
245171
2025983
-2247370
-1711656
6097274
4903306
11511729
-7564848
-128880
5964987
1449258
14814996
-3237875
12002590
13582687
10235181
7410960
-8604612
-803960
10307980
8568981
10839778
-2633901
1623184
9406030
1574707
9337046
16548521
-3452694
-1441959
1911668
-2831709
1813880
8627208
386848
5062964
5067364
13488791
12124398
-1799986
3284353
-2239571
15057076
2913397
5569412
10416541
16496479
4481358
-155817
7934523
7229572
3776407
11808005
2042277
3368372
9525212
5726427
5367428
9152758
9472415
15507240
5998054
-635714
3457609
7959559
6435303
6121935
1287600
3707542
-1160999
-4828749
15781294
16181299
-7494985
13578959
-6743340
8469759
-1131211
8947974
10045033
16991724
15681989
6099053
9572012
8951772
16766254
8373861
-3338552
7598368
12863253
12696461
-2757595
7107021
14041748
3517865
12157480
9718921
10792472
-31442
-1653173
9321603
4622917
3463217
10217600
5034575
10347712
8917513
12643652
19638352
4520358
12101653
-216974
7320300
-1490982
6246866
16758584
-1845974
1620777
-87854
7018619
9012457
3577170
8883748
8713886
1893243
12404610
-1176443
12472817
5927510
7822176
4287703
10525567
15960748
2721377
8535988
13093093
6334252
1222396
9509348
3852847
-592733
5147389
8049774
14207080
11024937
14455551
4901388
2064167
6338216
10750674
13854843
6340812
11499380
9007432
-1123590
4956650
2160328
5633574
14118178
7120074
5998153
12256427
6295251
1660111
4490472
9308160
3758879
12732177
6737054
17804218
8949778
-1892474
13730696
5237101
18599724
4931057
-4516960
3773361
20328517
13682591
853491
1740667
13052158
5965692
8371143
15882418
13413921
19099211
20040814
13865118
9305707
-322403
1836837
5132412
15703293
4328137
5660232
2681588
10896567
4636766
-1490074
1240173
4303948
19494255
12028753
3731533
-6905144
7354428
6861284
11316756
6575404
9269325
1736774
80480
9288430
15119961
11225924
6329791
15036010
926933
8584865
9451683
5754229
-2400117
2686826
-178084
4107498
13175562
4931539
10534428
2966554
10516815
4428738
3845029
18550982
2663781
14485624
10776334
11124681
620988
15356797
-9608465
5227522
1996872
2870583
5325864
17121368
4675600
9760130
10562235
11294210
-1564828
10722466
2364969
4155983
7727686
6172610
20598490
2826551
40699
18198052
17957642
14823458
6680930
363480
-5753975
8407513
1903479
-614155
11607315
14122892
10315027
3643885
9805763
6191945
2826600
16591870
7416202
927464
8524719
12697939
4191140
14282999
-3829810
5693862
1069434
7869212
-2388006
-2365753
2837691
3851295
3794924
-85935
6742927
14643399
-1822748
-2706846
4310546
9134791
11881020
2529202
8164813
-159
9928308
13190836
14967828
13369385
8969003
4111274
5627291
17530588
1460446
11264214
-4891449
90634
8877252
8886069
-797306
-4160825
2867412
1888164
13260004
13797908
6150552
12542260
-491205
12170900
16832723
2675660
9976135
6139696
14632995
5146420
15331136
1515613
9864722
17374033
5355291
12086025
-3244329
-1216816
14433278
13410645
2031964
5120708
12424000
10164200
11924387
19293127
12609778
14773205
7650885
7898596
12400349
3295828
6823698
3955246
8782873
-805552
3917958
6572198
510602
841821
3975510
11017760
1665216
16481775
10762480
5458746
7194519
-3489085
17388673
6007811
16526333
7038649
12769684
-1688649
12747940
17356649
12735752
20562601
2616642
10312380
4447272
-2106632
3544446
15634978
15300458
7601735
17400674
2758138
-8250007
10294568
8465688
17112381
4909510
16685924
15300892
3599832
7448546
10571641
-1330228
4985884
4605717
17329253
900726
-532580
17882409
13887002
7792908
12602952
15436867
12687767
8161185
12076863
16026556
-2849485
-3495339
4810922
535332
-597278
6857162
15092845
8573449
-629827
4874365
4406636
11161920
-969812
1341140
17519216
15301350
-3580934
10376974
1605968
6411966
12048417
8563602
-244590
2639524
2362698
-267884
-1189566
17035160
3743414
14600418
6592659
8961088
9047085
3006712
12186892
8881834
2148516
2332564
6936560
2485136
5476114
13153808
-2008646
-4421744
9156269
10715305
13510822
-1350527
16972387
1090169
12430503
6341832
18350355
79179
7758517
7661838
-4217707
6663451
5656000
2458775
7603616
11934154
1322539
8399473
3516117
6740844
17066921
14573326
1800808
5607380
14590556
4462372
14718447
3511242
4864910
-1549279
8428918
-4197065
10275596
8492018
-466521
2181741
2910496
12376283
2630519
8795351
15469088
9759137
-175798
7436004
2433460
14235864
12544507
12415761
3477410
-1295493
16528871
2783650
4125901
8138198
1700677
-1004087
17581584
848746
4306919
10706121
15497342
2122548
12345154
10219724
14127635
6236301
6708070
-1398359
5211437
1648755
15995891
7657270
12657325
7501976
4884905
7056243
2592164
12213180
2011961
14778688
5912096
12196581
16756846
9289540
7863896
8855508
-480156
16407823
2188481
18337261
7669639
8696505
1121556
1275942
14882324
9703864
2693518
2231665
7106871
21132268
551594
16035613
15926557
20248023
16931556
13893828
10267836
3365805
4545771
17387405
19437962
-2054600
8307381
-4811574
1010392
10773012
2672053
11244100
15058980
7368452
9905077
9106249
18078716
20039450
9536043
6939765
9988361
7130552
1320606
14241473
2324163
13540613
3549832
11608867
501809
-3201473
15946604
11309751
-471331
3476292
3749442
5493655
-2476388
-2317295
4003105
1918599
15032183
9271471
1931302
10768507
10933648
2452993
6058210
3979640
17783199
9861151
-4857626
7389916
15581353
7341654
11854562
3472938
7960687
15156485
-866608
9104011
6023245
1655422
6566353
18067628
11407309
217607
1586987
10607238
12504380
4275694
2885563
17710352
14499200
3272053
4411972
14936937
8255274
1740344
-2888064
1927153
2729364
2531168
6515162
-7413263
2918998
2844605
8137514
12710685
5503386
4665413
9071309
4270451
-3718275
13452994
18936404
3437861
818052
-636867
5453503
-1854204
4068772
7146997
2031608
11812404
4167667
-31434
13564050
8368940
6071274
7899255
4408771
9227962
11720285
4656976
16338229
11685209
-1107596
2956944
1134650
7615469
6595247
3297192
-1774066
1347980
611850
12511186
16623730
13383960
5467370
-941678
15535869
4818377
3373026
7937569
4649321
-943521
724825
2592229
-1549274
6636126
9508296
12397486
11612673
13936235
11005895
4148996
2852604
3993543
1529632
6966245
14398892
16718616
7546202
12361413
19083071
9537376
6725989
5514836
-3718056
-2374802
7476550
2494674
-3182484
-2088180
4795849
4766728
10435556
12200754
3172284
10826274
8053824
4873335
12030142
13419441
3794471
10016160
16929351
3481870
7940680
-2486760
-2585107
20260600
2379129
13804723
18594413
2667683
4891655
1767992
-3580971
16321488
11404619
5264192
3100218
14940615
7543563
-3863712
13285922
5799703
-1606234
1420330
891182
14634269
14600263
6351014
-2405848
2197124
14416932
19736348
5831522
9997404
10783105
17308384
1775173
5195660
4907176
-1389173
2817121
19618692
1012535
2800503
1725211
9147758
16150129
8690489
616124
12510015
10269443
9176896
-4503927
-321056
1454092
9058577
5544547
-1724974
7876348
5096025
4116255
11003469
7209564
12803495
17015786
2853915
12115111
11346416
1359519
6072369
14614035
4521021
5973397
11496363
11625960
850937
1490808
9290795
8838624
3431271
4992969
4892213
15671973
-1019382
16855435
15163107
3101691
10877068
-331475
1896116
13995343
7752785
-4701835
18808117
9432858
4212308
4511787
4679463
12231127
4267475
3954411
2763301
4962876
16648825
-2993266
15987088
-2604090
14406407
11152182
4917359
13118186
11581451
13710633
11288743
574300
9120625
11872744
3295779
9184184
1853182
17525420
6255643
19495565
-1254740
10755402
1366396
14598130
7727429
9933954
3718482
14371438
16505151
-3647594
8329932
5258336
2717278
13451122
9674516
4840906
9348389
-2256473
2984483
1747432
15973986
-8319372
18450337
9024707
2958076
6142230
8603481
5761642
-1567689
10061287
14562387
7146707
-2333598
255676
4515707
13952620
-1305450
46557
8811759
4407746
4503752
9265492
2948644
4908249
1117498
9071890
4492038
9725128
3142517
2170889
4302837
390863
-1682513
2844860
-1786012
11207568
12659996
7707492
11634333
8072421
2200251
8828649
2670581
-3842002
11269901
10177673
11130107
9839583
16557682
1372697
6618610
1899723
13434792
2920482
14454221
10745944
887889
15821396
-780807
-3700465
-1340847
5153971
-177009
621234
11636942
11608595
3960805
-1258332
-4984047
9310680
4558886
11044908
4377157
623610
5105161
1782326
6502519
-1146462
837660
-2076939
3840864
62106
13833151
6162071
1610328
13936285
-2234494
7417243
7972343
144932
2659171
1257164
7402888
3345010
7340648
9677061
14860065
5072033
5985047
8784566
1024755
13108977
2256382
-937495
11275521
9797004
1929628
10281710
5859824
8921183
-1216900
21578692
-5452751
1136964
820560
15666561
2200102
6512955
4636474
14177692
5917693
-1861394
5444361
13144821
7502341
16855121
10883695
4182722
5258407
13387804
2856930
6127133
-1122403
606174
3531221
5296722
2207128
4905594
-2689926
2677439
834307
5962145
2764895
20615343
16635063
4213619
925134
-831412
11803007
-45924
9718603
9335451
12698741
17549234
1665436
-6844207
824135
14403589
11443697
6237327
-509379
-2713777
868203
-334529
-2381612
9099960
7070464
17253293
3484342
4791385
16089901
8224466
3708032
16108907
6244164
4671550
9531704
9031097
1887473
232423
9879482
-151837
4250824
357368
-727583
13332762
5388780
17602383
16237080
11534257
5400645
2379787
12669912
-4063433
3013565
10195128
8706492
-6073504
967579
-1746804
8785183
13212503
-234863
-2965619
470572
-5042532
9777988
-4367543
8409797
6691199
999618
3247517
8394694
11004987
-5833897
9468321
-3724701
8963006
-1281394
13663281
17651475
626556
14754651
-1699390
3148834
17031322
3352778
925258
13940318
2224490
13517726
-1272531
1505762
3127478
4266603
8178816
9068107
10080006
-5025962
9503096
16135761
-62914
2561569
2580393
4676059
5260962
5502380
1815436
4797440
14261807
422237
13275877
-4433070
9344384
14060666
4448650
1169875
4492209
9847471
905233
9031722
1482756
-2204233
17275799
8241660
14205207
125047
16482374
1056323
2448233
-946846
5383686
15448153
6693713
8496448
3870064
12656245
8257905
2672362
4796838
-3416376
1343867
7260343
9572579
667733
5516909
6227917
4601792
10351583
13410138
4940981
12626816
13153438
4752563
8017716
16705716
8981851
12919363
13611119
9453656
3358048
2814999
8277622
14453774
4244378
18007195
10509320
3193461
5637509
3239841
-5291956
6851164
12516985
7458541
6850939
3949340
-819443
15361692
2124052
16891405
9229848
14279306
1108155
2545269
13385575
12420812
9819052
13917003
4879996
10307525
9536246
4191891
8652466
4183864
8756616
-2534386
10579570
13871513
-2045362
2739084
5361756
-1986440
14086294
12160692
-574318
2241500
895258
10201502
1949760
-1830106
5581347
3049542
11555153
7529574
1970173
11340577
7332180
4126352
12803756
11517142
9205489
3146745
8072751
12938466
15569587
9763005
14984845
4421219
1658050
1494346
5789301
2955187
1424607
11253341
11086757
7772989
7848070
750656
13331947
234012
4891792
9104913
8238473
7428022
12992917
14440316
2483290
16500080
3084836
5685628
897237
85054
11562147
1244949
9890529
12549117
-2620442
-91299
8258318
4353
-3589813
4676082
7160237
8404770
10858737
12978115
2593028
11762699
12731513
123715
20677245
5500540
14423817
12580100
1929431
3047841
-4224039
2703384
4973870
7378327
10028539
8674374
2986063
13021303
3746007
17011428
13242685
5272431
9614289
-538363
6798693
7533730
11513789
13002668
526509
17542967
8575146
9066880
9504008
8609651
14171960
13615258
15028667
-4983424
6232476
5740053
14486141
3456574
-1181935
3587446
-231999
581831
7097980
4775533
3810147
2446280
7421451
2988468
17253788
18410697
12062409
7066237
2633185
8590816
3563016
2986114
8161313
12554063
10769851
7597392
1518064
14734596
2479614
13932717
19854259
7730932
-2325795
7738406
9688565
13407214
952050
5294113
3677064
15058424
6304059
9472830
2220628
11051375
14799812
12576905
16555013
15921586
3775256
6934935
9281671
9805133
11034754
11746910
19131914
1661355
13421746
5066973
8140149
9408270
15080180
6671923
3890271
789696
11314970
1410108
1861650
15228756
7221144
13217625
3512873
10660152
-532295
-2315123
12486098
2448207
11006627
1168881
11474923
6198158
9490853
5645266
14910989
18827338
9661747
17530368
9097046
2973551
5921558
8376840
5790892
20031491
581718
15462031
5067906
7299377
4989531
5827805
-793277
17531565
3274850
16671582
17014801
1948627
11077973
19602958
11196659
8876633
9379261
5517154
9198441
3521333
11975338
4111105
17440444
6597043
11572890
6014397
5842942
13193367
17217094
-2682504
7440519
-1537634
17653079
12787319
1488294
1816845
16814614
12339461
17598887
20125749
4733512
12734229
12726985
13201015
-482733
8609216
-1153842
6584618
14935892
7813920
7873140
11570885
6773642
15586212
7698167
7366104
11532419
113568
8921988
5873182
14521487
2834456
12157918
13873419
3722057
7469054
14084888
5469231
-278732
16450934
2582076
14231295
18269259
16167323
-1068318
1241510
4631534
5842370
4272902
10451041
-816118
9351627
7234544
9166310
5850500
756555
4229276
16140299
3356436
7588455
13662346
11418559
5423705
1350958
13914839
10516274
11351241
11695627
9115218
2816412
16114112
11347962
9486042
17309410
13706413
14524679
11244648
1015297
8423879
11215887
3703079
14340752
1799545
974320
-2288790
18914308
2515611
12601226
11150093
7761720
14833031
2584909
10035060
4380800
12107584
8510707
19125648
3711135
10429194
10326273
-4801669
7994395
4779433
16373560
10170329
-599315
4934708
11785365
6973163
6052850
9423381
845007
13240877
21145
-3418264
2741235
13367224
19162791
-2437036
-4335881
11209181
10262520
11409416
15689686
8062515
4197811
5288197
-19159
3376426
314010
12093408
6097744
10878202
3677214
16430182
5276310
10028044
8633722
10889470
7752958
7996366
12840459
-3190834
-846619
2070279
7976149
7710311
6309047
10687286
8053705
12091848
7403826
952396
4062261
11552484
4762301
-4160424
3365270
16156566
2325901
3940791
4953742
-965442
6189238
148455
6695180
9889904
288789
-90734
5599418
14848321
12821690
8714441
3016749
4248506
4120219
5892600
9775390
7926889
9837022
9966339
164658
1929036
13314116
3972554
-8421639
954668
-1025822
2407938
18959114
5131038
5048560
-394220
5917691
10446755
5976426
3324969
2521712
1209768
9025508
4055656
4163641
10748942
13669720
10479413
-998058
-1296670
6674516
12635114
2316716
1041623
6765959
5107340
15741006
18541599
18584463
4082094
9429835
6979453
14920622
6883288
247461
16426657
9413390
14393531
15705073
1855591
1360850
-1613095
3103864
-1020167
10772126
6522045
14160635
-6358314
16300956
-1580988
9983996
10936932
1972547
13718593
16128017
9350123
6028402
3416075
11870354
11710842
7185546
15751698
13140901
2796405
14135372
2919417
15208140
10070478
1140365
5450591
4336895
8152837
5440471
11883116
2722492
16253723
7806746
18603440
-4380907
11017561
-100219
6837558
3828006
16012007
15342061
11035803
-1251318
6720188
11576103
19494133
10408259
-2208379
-1296997
19762318
-256686
3891958
3875867
9962481
3908657
11095817
3361524
5550524
-753032
19003615
5244296
-2458725
4289968
16098914
-3528876
1026339
-3643737
5807804
7778117
7097761
4077414
5286037
12162703
15974990
2554443
773517
16064014
4078538
-1146129
278243
7291200
947930
12861197
11526513
15271817
15584376
13444468
652224
2461789
7105349
15179136
-2827063
6198121
14323159
3781689
4025000
1275919
1647366
6901979
5789755
2829527
9856576
4504381
6904292
-928968
2119893
17349235
888105
2875900
7077179
11620613
11119252
6680925
6746095
12760890
9602856
14613451
18205765
5284877
-13365
15260841
5071087
2947969
9972122
-869070
5201335
6690280
6833651
-1718069
12205790
4101063
12138448
8227044
5595772
10575834
1388589
2583517
3040594
15228501
9252072
8874612
10997275
3061146
855704
152713
-5328288
3565027
1873162
9817856
8141024
-76132
3099526
13872498
5703034
14421780
16122767
9847203
8816012
4930161
7922112
17035746
606950
9516679
8780979
3321577
7950663
10943280
744129
13549201
-105196
4610631
15172698
8749940
21014764
11585284
1044043
8518113
4199633
6805150
5415032
7777361
10981931
5021383
1755343
240223
4194470
14938832
8713203
5463824
10427627
-5121462
9686590
1504943
9783071
-3208538
2369524
1024508
12539179
11995050
10764308
9222576
14018758
-2367213
15990941
4166680
13635186
-3494111
1193282
7191092
10586604
4197207
12236949
6361209
3099915
315329
12304794
3795168
12661234
3721346
5040064
-242282
2692676
1494539
13068771
-1678688
5778527
9062250
13264233
-4463525
4564807
327676
9842931
1558110
2731092
6950843
11090901
14769728
12495034
6288613
2148567
-5238588
4173356
15857368
-459110
5016188
10639293
1074395
7304690
7950768
-1985807
6082227
1164180
3962439
7160266
2729145
-2955030
-7695011
-5517353
2239679
2742265
7794159
12487209
8277635
12080570
10027151
10070956
31958
2655160
12145709
14068859
5844087
3222764
16559450
1917009
5244160
2528376
1417630
12306052
16120271
-6561928
4846559
8192715
9441278
13643724
12225418
2757908
14079256
13991863
8310990
3391571
15483829
904275
8059671
7092735
3545142
19233860
3809675
15704935
4811377
-5170611
12323190
13150731
8197743
19102856
2991965
-50745
6000050
7677214
17959637
4463835
10321211
7808500
5103168
2264900
17657957
-36982
4311275
6831590
8638052
9461994
2533624
6494504
13443791
16893403
-379538
16478808
12873172
6288913
6690717
17818107
-944084
9086105
-468569
-6385459
1494288
2664480
14736277
4737343
8852759
11237063
1610523
17591805
12108216
-675843
-787732
3769319
-42943
-1281857
15888057
964193
531872
6643879
2107179
4654915
-5567861
11623006
3282568
-2028632
5267407
9982835
18602658
12792132
16346844
2163157
11857459
13049937
4019900
13012225
4087042
4424304
3593712
5821225
2240941
11481886
16161176
2389319
11628463
10111584
9732875
10765166
4443325
5823713
-1882206
-862931
437608
6110692
592028
1510164
3096838
6080030
-2512803
17056407
5636523
6232500
5504839
2094948
3718984
-547432
19034578
4273169
10379898
13225120
9131824
-3001303
16145536
6812326
13952298
-6545666
1870601
-667515
11862646
10119657
11932886
7426145
7345679
3575082
7925353
18714111
6364417
9488310
-3797194
3547766
1965533
2541429
-4925296
1469645
19633350
1525006
3382904
-457092
16788088
3373949
3416766
12189222
14856026
9249049
6190311
8815433
8725117
-678862
4683154
-733965
5034264
1466116
9615553
2242293
1116163
11086353
182746
591531
-3148045
3540866
5473375
-984150
2834113
7901396
10653842
-1910665
13180572
2547983
-2160202
-1244514
17082983
7737477
11436464
-925534
-3369145
3360857
1029370
20673448
9226122
3342103
13115814
3601061
-2765224
3941190
5438739
2885685
3048684
6074285
2090163
8491388
11256188
-89386
10761298
11912748
6277992
-1589328
2353070
2797562
1158408
-3959742
6962889
5525053
4920522
14067384
17254630
-1748949
183828
-61388
10918508
8541870
2982420
14881382
10293311
133511
8208357
13471259
18321843
326154
11000788
9245137
1332720
14843915
3855967
6591389
10494694
2276137
5183740
9417962
6830223
11253346
9754256
11694955
11526673
9850580
5524490
-2311094
10507467
14911515
8221790
5515604
2269744
3588128
1437266
6806275
5544312
14558946
5395288
9908969
15792385
15870991
3050177
10217722
-1002130
-685282
3499390
10867881
13243360
17259448
4480923
2813882
1959897
3240572
8886786
2619154
15330885
8673862
590028
577224
4104115
1324229
7610699
15161255
2772701
-1455923
15674572
12332293
3488575
14109975
11363317
2945179
820153
7843186
12888269
5157217
3194097
7540104
5129005
4645558
12814972
827284
2690634
9931449
6561831
15339053
5748500
4745918
-1142649
4979427
17041184
3225388
1509009
-889456
9204938
-679909
-2526968
13720999
2096753
-2871903
4162293
5592661
1259227
2528426
1744395
2846959
714817
-206968
-599760
6547560
-200636
18175129
9360070
10736236
12845780
2656446
14726732
5612491
1191015
5427168
6985336
1744283
15322454
13275794
9951096
15491907
-1247252
6371278
-2413292
19878485
1982940
2466139
15316093
9434722
15864025
690499
17813547
8432876
2578712
2371290
11461603
8505131
6957010
3414518
26118
11314495
1235345
1703137
8142947
10236605
7833913
-133122
2392283
-521445
3729269
4427572
2678790
908808
14123206
-523367
-3842141
16088095
2858496
-713952
8112787
11374688
3541093
3081278
8605266
14933185
9745040
5587265
5085722
15190708
19676701
3684714
1621460
-335905
16161305
7182304
8876523
8180029
16987122
590892
2497165
2625845
12659735
3933432
8890046
2813186
10875003
-4240292
-5712062
3908882
5898502
6410102
12677234
2700926
11146694
9746051
-163446
12110378
4260333
10779832
18421403
543297
6649847
-745846
8486704
15233201
11084221
-8036049
5139723
4358077
16304807
6081838
8149235
16161022
811712
-1439129
-1835120
7535692
3726180
9301290
63200
7785093
5316279
16150325
996985
9025005
2511182
14404442
2437956
6116794
5141149
1032192
2594648
-2017004
9193637
14204528
-2940706
17240537
7046576
11758041
17758159
-6088601
10508090
5593074
16085391
-958303
4736871
2780918
1469824
5403392
4244028
14265256
-1667477
5275367
-1841063
15484664
13040941
7342352
7206607
18342036
9607091
1940696
-1150973
13082802
13063976
12397480
8912761
12279028
10168002
49232
13155738
11065038
7212729
6922740
10861879
2890276
4170461
14184625
-3195
-3076148
-677575
-321410
5086631
737097
1227701
13574822
18914848
4048534
11639529
17217510
1606806
10408870
8352630
4865430
-245827
7511043
-3798518
15162692
17022816
3816614
1111867
1273650
16724659
10985646
5221002
15478545
4666658
2190331
204254
13610449
-3579614
16749929
3633712
11172206
7155419
337984
2502060
4277496
967114
76749
-456517
5623417
5554223
3643383
9932467
-4174206
4808301
5638037
7203253
17930763
7517797
6220218
-496349
9222999
7087092
1002661
5172008
15811840
-2491140
3574819
17753909
13097298
6685496
1272445
8705346
14997185
5552295
6029969
17046386
6949844
10142202
3467118
6000981
16956951
-731180
3030761
9324881
-8311565
3372683
-1311026
1545091
14139795
7714827
2276972
7617228
3770834
-1099646
5945138
5538630
12655360
11225244
10438031
11173514
-2921347
6331868
8050380
9803238
5003213
3639859
653460
1684261
19837059
7332587
7690150
7990330
8048224
12498025
814578
3850050
540777
4847141
12584025
3815814
1199893
6086478
6860995
4832251
1991309
2375638
8940590
716736
8276036
13668412
8049619
3432161
6790471
12229203
3368886
14326535
408633
4806157
5411801
9740193
13446786
14672370
9165331
5704100
-1199092
18689393
8403928
92137
17328915
3856948
12863766
1760398
-237811
12100752
-3590910
8581063
-2696436
13215704
4521644
-4570856
7524786
11110970
-2702333
-87279
13459664
4921432
1947322
9108725
11415220
2410452
10544468
2001039
-884638
3390187
15274825
12745474
3914729
11687958
-4585808
15123855
-2772417
12929625
4220401
162533
8545089
10739514
6937301
13395481
-337070
1289557
3516035
5279274
16430711
7654789
-2384076
16136938
15348755
5879274
9364066
4217592
3221522
-3567320
3786335
3154893
1481895
7613785
6907411
-6332288
140729
-678567
3896822
-2224143
7871512
5423100
8880895
19946986
17419499
-601616
-1993383
17195166
19655086
7653773
-2625252
3359553
10639811
18665013
16863276
-1008628
10624843
2934409
10072980
10935679
3436307
4183980
18067488
6458420
6918436
479154
-3563844
10176067
-4872115
4294757
6196077
4237010
8601337
-4054494
9253946
416687
11077295
5663126
16250569
9252304
16503862
8543063
13165119
1814680
2336372
5051327
1604500
18131744
8753017
1992749
14685933
9268168
5421654
1332348
14881087
6058925
-3045369
8871220
8630202
7483471
1571598
3043995
-300883
8898494
13751058
8934323
10505764
-2378829
1834795
4332057
5304297
10223430
1378772
404827
3080862
3270883
6739774
4531481
9376315
14245323
4180638
-2288402
17743658
10909358
7808995
11985359
-3234906
-4325452
7253513
4204056
2056521
5419498
7837289
6935940
15099976
8585567
11905023
1755043
3174661
16948822
4731649
10511813
7636155
10998759
8117876
4402267
4536960
16136972
9310806
4370951
10318091
8271330
9652274
137562
4567063
13689357
6083720
2706393
6904165
8654816
4558580
13787289
6808166
15229147
10344968
11402447
4050729
18973800
16632721
1310996
7979167
16079406
-1426163
1113434
6290450
2280873
-1292128
1493651
-3449571
6870038
2811486
7796010
5683318
4501534
1977003
-1857715
11507379
6574832
2571961
14072623
2761568
6253182
6624736
14966919
8107858
4923959
12136444
985861
11502479
-68162
7053885
-96075
-2382498
16747545
1874673
12073715
4685848
12820875
12084992
2022006
1596447
-2077055
4839326
10605914
7369390
5242711
3657322
12712639
12062943
14439483
3803673
6567891
5439878
887033
3313300
7074179
-1979563
11777432
11854311
-1141081
66665
9215912
2082565
5188868
-6527044
13738767
1225478
10149548
3514637
355793
999603
10062311
812233
8657553
3830352
13263274
14522849
16752182
4766986
13060579
11155879
13412809
14664571
2673572
2642616
651204
6937362
7141050
15084056
1789076
7418104
-1485875
2190478
3226751
9011880
8491942
6854214
3282453
13577884
11362057
3098493
4851261
19004265
1468839
232418
10079727
6657098
1012275
2129291
4892317
11699625
-5777600
18444096
629768
13331986
9519020
8853228
5478925
1589438
12408184
2866871
7902777
4781649
2066733
7739625
3038481
1693850
2681193
10992081
4316318
7240095
2070846
4007078
13900965
7682315
11285298
8433757
18687974
8452723
15111551
9446587
12063499
16971636
2961434
4407795
11651543
7029165
4812172
9471563
9733766
-4507173
11384184
-5157286
2192467
3893369
9558386
17212926
3272716
2182884
9459007
1306299
733219
16197531
-699489
1896474
10265885
7612854
18750584
13738784
1636639
7464890
7801578
15390950
526673
7789141
2558920
10479294
2536170
-3962640
6821280
10336557
17833783
4700310
18642304
7514476
6626137
2273728
12514378
4294306
5233913
3312469
13758919
3121464
-1378654
199588
5723385
8804707
609764
15120482
2322960
1680114
-916850
5406715
13750952
8807301
953176
15594827
2244729
18572379
11934236
9961447
-585348
17770505
5018428
8520299
2487070
10319272
14201719
-7023349
11929546
9030589
-2197751
9292227
-786514
17970731
5108218
16561290
13610022
11337837
388049
9739150
2390369
7775034
-504397
-436198
2281503
13256785
6632324
4171981
-1913197
14113274
11022545
6113459
-1701848
5890867
4323114
5629998
12885473
5599713
2415231
4983877
11332200
-1410896
2021612
-2825736
961690
10593742
7648296
-644811
2601332
17105381
11605323
6893573
15401135
5149234
353142
1515643
4484153
2254871
3188554
5271233
7903054
1064315
8257879
-290940
8545853
9664852
5529233
10293208
-1551647
2373244
-3531985
361177
13561810
2619729
-115652
3589139
4194496
-521557
11867913
-123254
2563587
7672152
3991193
8594941
15902672
7879040
14883025
20363942
2133672
5019186
13650952
9317948
538840
-5557626
5251093
6842690
991539
11422949
3069623
2973101
-4551579
5542925
15185869
-3369158
3651797
4474628
1890513
-6095852
-7072130
1917719
9540633
-726228
4789712
-451229
10360136
3144235
12024825
1525273
5265158
7376404
7014832
17844218
7912791
9421076
13191381
3547781
2809203
7099786
15992515
3782804
-116663
1573936
699846
2019907
5516084
18871525
4194384
2707753
7863479
5082059
5204722
13268100
18989111
20994117
17427825
10316482
12823637
-832169
5657226
9855791
1002702
10649749
2093052
1416807
4384445
10360131
3759102
17440547
5822047
-1868737
13632752
6767459
-1390874
7971139
6436345
4274099
9642326
6614457
3860695
-1215643
6625300
55869
2190200
11885715
-4526158
12734995
5234842
4317072
4605042
4816636
5531612
15867488
10168741
3608068
5570087
2430103
14244469
-1230097
6124981
-1571552
1505526
17806779
-2912704
2766705
13394619
-2176033
12639221
19056239
6948093
8526247
1926208
8183068
13186855
3650158
11811155
20289497
18505748
2729265
6462267
1281025
4661758
4960584
14111256
16411759
-1081837
9031968
9071278
2698150
6196090
17091274
2586147
11117779
16050842
9619435
9723567
12696832
14414893
-5068911
3944402
-3592506
12205165
8425711
-4119013
16739230
-2331194
12478752
10689006
6603168
11096961
5321734
12850644
10831805
13517609
2676499
-2246780
-1023080
4268609
2678377
12444249
-3198300
14942756
8061051
4191898
9641537
9074945
17069252
10940571
10789011
1231472
9727480
3046532
2315840
-120331
1770885
9815884
-2105239
1810683
4369125
10888223
5893328
14490338
-552199
14492625
3497669
-1157101
7382110
5552769
2575822
2519077
1784104
-2709337
2420745
5651449
5288237
449260
14487441
8992031
15473161
15937162
4492752
3137696
7725330
7376530
3760731
6383121
11048304
877160
11119346
10848176
2554660
12726044
6121714
2219035
1657022
-3869851
-1465777
-4382888
-4395203
-139662
5038715
2527888
4860942
-2881497
8861235
-40089
11478091
7923276
9505421
14830031
16041107
10079750
10566384
-3122800
9470837
4212930
1786019
7480250
4157112
645625
1562117
17405773
6079751
-2267038
8436943
4235739
509776
1505819
3554823
16385260
9537815
5274489
6168571
-4158001
1334292
2564543
-627815
15787228
3001690
11749512
3067374
13427264
7063340
15587221
18160
14376851
5320283
5233747
-1228039
8393764
6990012
9739086
3962614
8897399
9345858
6916173
8955895
13526956
10294500
7606333
9526094
7290801
4469920
9594260
17162038
8468282
-3946422
-246978
4960940
8723230
10254671
9478231
14413584
4890177
7930115
5222566
18281058
10558329
10493856
11197310
6744534
8691856
12428965
13195708
8706295
15331496
9809264
5341473
11427308
3488426
-9961597
3411595
10332739
8503204
6656698
8009411
11278003
1858059
-226381
12831731
8189269
6619190
11863778
333301
14403872
1202644
5060857
14420721
-934759
14570901
4223847
2414445
-6868450
12003888
8306430
2957011
5408998
15897630
1419004
-5730820
6768349
3676362
9835132
14420916
3926385
8784132
16264772
-24258
-3625458
6037401
11538246
7661450
9256824
13041628
15431480
3136024
6686079
8939161
7086315
6031733
12784450
12691471
8498111
9917126
4168217
7669649
5411760
3770645
14768920
6473887
-1101915
-1634740
18916153
11770501
7951702
5912163
-3094478
7012798
11186452
14893564
13130055
-885480
10973760
302487
8084649
12810431
8854177
9242308
13690296
7042159
-455611
8367280
3651824
11682604
4155771
12910164
2300040
-5575661
4193234
5573300
10491662
-3193749
5182339
16169352
11474579
-3927806
10982834
15074812
929037
-162054
7497259
12598467
10277915
5918771
12319855
9306633
9438124
5313826
-629786
15487923
15640426
-646962
-5434556
4570089
18563360
5321524
9324258
6019545
14646886
15522590
8728522
12744488
9216119
9385784
1829864
10131362
-3798085
659627
-2074809
4456731
4859271
12245220
-385346
1298335
13709921
11000629
1088373
828668
-272030
18967549
6600732
7888493
18112262
-1358701
12885580
15852648
8719155
19627410
7998306
1721795
3348075
-354749
5652728
10655031
-1709246
4582999
9998029
-174986
16943379
5030080
10936372
2129655
7977992
8813041
11139762
3262904
1608749
-1812121
-483839
3943778
548675
9982606
-1648766
5901173
9208795
3729604
18881494
11120392
965504
-618859
12395496
933505
485665
9997018
7495035
1011878
7304293
-4168699
7368051
5612369
3712051
15349695
-992165
170147
15125039
2840661
14623614
-1285282
9688738
-1515295
4175003
6454164
9066700
8255528
2959530
2303083
15310110
1447567
9341542
91343
8826182
15096301
9455541
15889785
16254845
1415493
4473765
10061037
632954
3865262
7408024
6238633
8036797
18812841
14850972
8979581
9849640
18647124
8360965
8358234
9193974
1716203
5455695
8491726
2761574
9770305
10128886
12975753
1262096
3998671
-3067791
2765009
2816269
3751950
15355833
576008
10437815
1978999
4355339
10702283
12551512
9741683
12249910
8357694
4132881
5761666
19137624
424665
5367266
