2114386
2088776
286263
1001903
1187231
-203955
2328722
168129
158082
387762
1392006
-982410
655315
2651223
3897545
2230662
204609
1515115
2083838
4004144
1590481
-565216
-948335
633345
-75975
-1572943
-573088
3083258
2906804
-365150
1506629
3608932
3449744
1733888
-1560898
-117200
3407643
2403690
4402621
-1465859
954851
4458839
3860430
-57939
2645172
-252689
-471845
-1748552
2344343
-1433336
614570
4212876
3234029
427725
-400688
2165556
4417786
4037423
2702756
1831085
-2455625
3933204
3093585
-1288308
1292498
3832083
2030772
3292894
2808061
-481676
2710471
2841015
3277266
4048084
549323
481044
2089147
3563981
1991421
-1907616
3590734
-32665
3162209
4035766
1815797
3387810
1649244
-502862
4171657
670658
-248184
-307370
2365405
1237953
-1264061
366599
2850094
2316902
-104263
-126878
-418647
711472
2013802
2481300
1171097
3015635
-989355
2273070
1442750
4118931
198945
4320902
2227522
2721689
102792
1472805
561856
3734847
1806079
1410207
-607947
-746487
1322361
3497552
745512
-69769
1130490
3077020
3139089
1293698
-497571
3729372
1741082
-430891
4319566
3118329
2725594
-90663
-1879746
860987
3533023
4404501
830711
3064860
2083555
641170
-305004
-1869184
-408949
2470976
-2045939
2028343
2913005
90498
2662873
2569104
2230515
1506019
-1954554
2692204
-545212
4072486
958377
3557029
2239580
4456957
-361889
1139647
-361227
608665
3791013
2699541
852430
3934046
2170585
2299868
3465288
305717
-2050833
971480
1472975
3948356
4338512
55800
1573126
541987
-1355170
2388022
4351009
1537957
4353808
3907994
1162618
4546458
4155190
3963056
2911127
3018685
-477088
565853
-156000
3446737
551108
4274310
746960
2277923
162453
-639375
2575874
2326428
329877
712559
3290380
1474532
1149203
-282263
2870811
3565115
-833854
1679284
3846017
3239092
177096
-2447060
416441
1429983
3207400
-2421241
2689779
3645800
-441339
2499944
2300287
2057977
-582753
1855986
-46022
4184931
2179482
2650291
2903581
1021598
-114173
3075455
3107526
-256799
2456802
-196597
2394069
-942102
2372362
4449490
-460619
2552900
3095247
3085044
918731
2350064
3706198
3190229
2848990
250334
864512
1914864
217269
2659639
-1678262
-79525
-382530
367785
1878434
3313285
727726
2640462
454551
-37747
-135496
-364622
1708213
4140424
3798543
2495639
632832
4018365
1901671
4244057
1160142
1496494
440539
2649133
2010166
-324925
4168390
-544634
4274274
2979968
-230479
1049203
4378473
1451632
5607
2461702
1045959
4622896
-498431
1200036
-979723
1731475
2277829
3885464
3246149
1867810
3946726
3311462
-1935932
723496
-2188376
-2131968
2428632
1813173
3795205
2780257
-506521
1009193
2237026
1576050
2645041
-1278170
463478
353566
2973873
-138178
-1674791
-741075
2707894
3859839
3910671
1090820
3315961
-436218
2340618
-682607
1983860
574223
2131397
-69868
366186
-766562
-908514
1249212
2669737
2209870
-159329
3712221
-445516
2905083
770746
222147
1506572
931025
-1497394
683616
2273220
3097333
1089239
2059572
3631107
-534993
1032574
3186764
57080
1559256
4147883
481486
435284
-800196
384326
3611937
3869110
3574924
1465064
1029150
3194283
21714
2697550
405910
3467358
3263800
-147665
3495571
2963317
1482034
642035
3644099
-1019555
2305039
2209546
-1437230
3308289
2933210
4832141
3380096
-654028
2087021
3365493
1425761
-299726
1816122
458580
4492432
537873
3913534
-2986907
1633410
24653
3124103
3105079
450937
-1205729
4483288
-488062
-198702
4810290
1718902
3166932
1781247
-776525
2832740
-260156
-1770987
3942243
2513405
1409909
-803934
557374
3464091
-1347515
27203
4336207
2851780
529576
-1826060
2052388
2358466
233474
1633046
2163445
3398683
13215
-349524
4251331
-1233258
3327998
771306
2088704
2585547
598648
3190635
2266548
3437132
3706764
3816174
-49297
84752
1524917
1982506
3188225
989234
3115733
-1784678
2906388
2419908
-209843
-45621
3254849
656769
-763847
216500
1612566
989678
1398698
-570195
4282030
4111687
556235
2110721
2665866
667807
604183
4213312
3619763
1617639
-177827
3221048
-1281670
4406628
407520
3331188
3841133
850063
3294797
-320092
3046064
4341381
-755283
-531706
-408061
2373063
4376923
-1839812
463144
-1070082
2965793
-795500
830865
2752028
1428856
2630485
2861106
4150023
1262294
1502771
-1281611
3565049
2839889
322986
387102
4117752
810150
2774912
2147651
-1516585
-1435871
3520345
2801111
1570467
1214418
949964
1000896
-52643
1787272
-727421
-1913333
2228897
3010675
1352355
307165
2376158
847644
4047364
2252809
2405938
-206038
1523929
2901733
-782011
458012
966787
-354869
597790
3791568
1886319
2623159
-536884
-200746
211104
3504273
-129963
-47836
-1119691
2408584
-25564
4045795
1665333
3203118
2308968
4042584
2338210
-952116
1983273
2996743
2357289
958066
121412
2321076
2816182
3473013
-229870
4219821
3664102
942710
-997301
146791
4138534
2820129
-1236957
2715534
242126
98181
2456181
-349273
2210090
-202106
-1065244
421370
1962075
964600
3968074
18052
3487658
3346793
3168114
3352802
-55755
-206132
-93736
1713333
549836
2224399
4584643
1028655
1176885
3213848
4374642
4589295
5104999
4179264
3060625
2775269
640009
917854
3805637
2239614
2467696
4292207
1565032
3289164
-1178949
-933265
3318451
3453582
875020
2844776
2554779
3797350
792507
3775903
378212
4280342
-2783597
3596119
3182128
4805905
2866092
3214642
313961
1814570
-1311107
2763353
-114982
-343253
-1541738
449525
-1518290
100509
-2173217
750487
3843833
1764671
1483531
313514
3627149
-2608594
828306
633249
451030
434940
-825493
-76928
3390475
-18136
3593353
-1985189
4488593
-161641
-951634
3578191
4178787
-1265805
3220544
209085
2305785
80851
200473
209506
-1221475
-460760
4004811
1548556
2962506
-1247364
-53278
4375240
2839594
2975393
3792996
2002111
1786722
529326
1963343
1929416
3900914
349343
3483048
906003
3424952
-324927
3611547
3030909
773860
2053891
1079441
-1114141
196485
481772
700136
-12584
-524490
561210
4777317
792986
2473224
-692719
1667738
-2079909
666319
908344
3746027
3923588
-180165
248168
-241317
-2431527
-489754
1631547
4502649
2873953
407015
3373591
2706122
-1441024
4913249
3957423
1774236
232813
38715
-1790964
-541414
2875934
-203457
2549643
-568367
4138360
1930668
965479
3011649
3104250
1688470
279209
-889260
-1812867
1110684
560123
1739640
-245727
1964803
2803781
2601759
2072451
4351430
1861521
1905493
1396792
-451791
-165723
-84331
375229
119438
1964477
-1813637
2321583
-681418
-1169847
354012
3522456
1225077
2593335
3877985
2399062
1658074
411400
2410267
-347807
679529
4826286
2083705
1527482
826840
-5062
1519875
346098
2270911
-510829
3667067
-1101459
4666754
396236
2135527
780275
1655908
-19033
1326633
-156048
120988
2597749
2144964
-130838
-1526229
2101536
987
2270134
3956792
1362266
4368483
3148148
-2046894
1088444
2279568
1677328
1595283
873796
4108256
503003
372769
1926308
-474331
3008126
1151818
307728
2689984
-797591
-2209910
543376
-1740022
2123827
4984605
-161956
-170346
1897913
-1586776
2206296
1485426
3719127
-100666
645702
2756261
1075749
2319073
3109708
705070
870273
2793990
3296772
459700
2542015
2344583
2501975
380444
4360850
-914571
3170038
-2015377
1026033
3093361
2128574
2922486
1250820
143773
-67971
3434533
2527604
-2552171
3569703
-70429
3768111
-428181
1716029
-215792
2360216
4203373
2653904
4219404
-1846867
2854845
-297899
3553809
4023970
-740920
-465716
2770992
39543
144188
-1326192
3452046
141363
1339669
50687
361049
3004834
2801116
-949705
2068040
2225637
3812558
2634242
-17067
-986150
3542969
-1366737
403896
2758463
1803736
710173
-292736
2924105
-168937
-431760
3776325
4088461
2384236
3104904
-1567763
-1485008
544951
3953472
1746247
2578263
339149
2651754
-108037
1335360
2747715
2094767
2033978
1928029
2509576
-76812
2969525
145869
2673674
744143
1204058
-1386099
-1302269
509946
-915869
20650
1952071
-2318372
2438658
3237388
2382739
263085
-587793
2040098
-1301398
-905984
515801
2055092
-1033664
1387063
438175
1459465
1100019
1077887
-308168
1993144
2964152
-801060
-1336164
-458800
4056551
2565285
1173246
1391647
1677045
2898995
3359478
2109578
949212
4419323
3723961
852132
3699810
2555222
2359026
-239455
4075218
-268738
-2994974
-928225
1208019
139873
4058987
4125810
-260957
406805
361110
855316
-2801613
1408948
3472409
-1137358
-1436818
1899479
4434172
2922002
3792284
1447073
4397412
2111579
575105
4373127
214890
2652565
351963
912539
-949062
4101661
144167
1654025
-1090658
895348
4742346
3896739
1866981
1915413
3050127
-2073423
150687
92822
244438
3764971
1767117
2502915
3242315
-107599
-742306
601918
-1469984
-262606
1957903
-2340478
493095
476028
3840783
-2425837
487576
3556691
-75217
3057783
2661706
1046235
-1995446
3745566
112066
3731436
2925862
-638736
3177424
2757684
1203030
1832204
2013667
125962
-2046020
-43841
-833952
22925
-604064
2712273
-335328
3480659
-110634
2748422
919050
1615462
-1185160
1929023
2450745
2189780
1623129
-841511
-247246
585118
1928780
1472046
3778937
2035288
2157629
935790
1925436
373211
2147695
4261874
-1859770
4573638
3484759
2038922
2777648
376334
362207
1259972
1666936
968512
-1128870
1160016
3658888
-2102868
428144
-1539237
4620437
-838549
2507765
-157608
1745538
4491288
1728331
-429503
-19531
-909285
2898878
-896636
1884472
2762941
35030
4723365
1200256
-1030967
-598135
523302
3743538
1835391
4764579
-2034607
22822
2363782
-295324
1823559
-123771
834366
1766610
4953665
4176838
431574
-2281262
1635658
685077
4376804
2805449
3204656
633090
-57645
4559751
-1297171
4377447
1211478
-1984351
2204848
1794991
-527710
-459102
3262495
2079906
3722811
2430933
2670607
-316710
2416581
3922053
1551010
1147900
1253198
-446131
-664283
2399000
12136
1927212
2465094
596475
3833131
-507192
1974683
784669
-913841
3833741
2456262
1124892
2841829
2591316
2802257
3388397
993464
4738981
876381
4220414
4604185
738414
-1995902
-603069
2855990
1561191
3027728
3357471
1951528
25840
2975805
2964348
2880765
-213122
2683995
-839843
2281080
-66157
-1623697
704448
-451972
2405416
3643106
471069
-483724
2889153
1018357
1013706
-1302296
-455011
-769781
199586
152023
3834022
-511576
3385107
1448698
1665096
2262463
1128902
1670053
234484
3851281
-741262
2871131
2549935
-384882
3145385
1102240
3469207
1465093
3633773
2770778
-946772
3896980
2273116
3820032
687172
2490110
1260719
-785207
1954147
9910
2815783
2345702
964988
73152
2226545
1531862
3164257
205343
294504
1910178
4401115
1861476
-1472902
2355055
-1917407
2217790
2900206
-61286
3246448
2241249
3968668
2756278
419767
3253626
1959979
3821011
771736
203582
2589432
3851747
-451525
-841165
444475
1340939
724380
2132148
2684042
2755256
2155217
2830347
-2457220
2735203
1624681
1133385
134820
1078727
2455159
716447
2481095
2259710
47340
155424
-73091
2449393
376975
-279660
2609197
4103001
-896857
497128
1928808
2364650
750667
-1938122
2198433
4080646
127700
368311
340943
-1509046
1274263
-199736
4029177
-1239133
4104830
556199
3548204
76220
3181689
4013080
481956
1730445
1934553
3551118
2799706
4290145
4303134
2927686
1809282
3056490
-1659497
2608184
263814
4611875
-2099579
191932
-1854397
909067
1753478
-672482
727668
4181080
2771145
3887287
-1081723
3280182
-575261
2842189
3412438
3793411
244481
2129302
-394201
3775417
-2323381
58413
2942112
1041306
4643690
440306
2438934
4404036
2133233
2255631
319452
664306
3678360
882460
299397
681923
-1699977
-864038
3504570
1839979
-673436
1525993
3146781
2852531
2485119
2865993
945999
75496
2789597
2076961
3561117
2695631
456154
-1425301
642420
-689464
3766666
-146233
3901415
2393765
1595918
1394904
236239
2395863
4202915
-564538
2116341
582303
-529184
638469
3788249
3251873
-657224
3265157
3297350
1102356
3356976
630653
540842
45588
2327534
3238045
-667805
3842194
-549658
-406701
998142
2363219
2683218
4562381
3021368
4745745
-1003561
-550413
2222900
3112336
3285594
2655053
-194962
-451777
302966
-1959846
1107329
3877803
3151082
1664454
282630
2061693
3372049
-396649
-2071319
1088847
-852768
3218763
-464078
-301891
179034
4203287
2062522
66609
4521944
4303324
2745645
-1575022
1747353
3971430
-401240
3411181
3704204
-427216
32315
1982017
3960566
103574
534430
2190219
2745923
106679
366529
1430081
259129
3203208
2755338
3510937
2111068
-256731
323825
1963518
2628118
201880
3702905
2269694
3198217
430180
-135429
2365872
1440657
4970719
2157814
-514465
302393
3579419
2498614
-633056
-949207
4133028
3689797
2907384
406561
2094654
1404583
3758823
3447817
1716390
3600917
1125092
1001292
-215265
-444013
-407126
2578503
-801064
2945363
3140552
3141686
-2264600
3670485
1528142
-71864
-1682945
499007
1065336
3606930
2396445
2528378
259700
2081755
4739250
4892938
317853
-860873
-740734
-308796
3022331
2143491
2518845
-447867
1105406
1323717
-730101
-1763131
1618529
-103487
2000176
1565065
3725773
901578
1557244
3804814
-1363137
2613145
4089064
1523537
759935
2154679
2798278
-160951
1917569
-2547495
-135902
1718869
-554513
2652459
1268203
3087734
2796312
2037500
430359
2090868
401066
-1654012
-241198
-205486
1003747
3770771
3587873
2855922
2624543
396665
718589
4264440
462675
4098117
1804480
1845879
3993993
-118111
3487265
201572
876501
3008717
1859620
-495150
2172329
-943567
708965
457343
4602792
1718736
-137449
-128795
2865479
3917951
2918931
-728564
2867328
3858034
835129
-249574
4117071
2927085
3465005
1565360
2450072
2931105
32455
499812
-1079711
-520699
3266450
5274042
1040275
-5057
-672275
-587196
-671416
2659820
1317527
2426194
-177456
113741
2995242
-41243
3146679
1823424
-2912484
2614332
2140334
3407358
2487304
-55069
3828439
-271675
2190395
-941223
4029203
3095072
2077651
1788773
2545953
1528803
-334642
-705558
215728
1732226
2853216
3937191
1428521
-765461
52087
523741
2319540
2046854
1851073
2735738
-411875
-828455
1334349
376561
76238
3004111
3401512
3891014
-917267
369263
2204724
3723711
4984363
3082554
-1370634
2819099
1241052
-146133
1483013
-397410
2538164
70696
-147048
3932392
1166948
3235493
4689470
-665381
4933642
3330644
15624
-2064547
110902
355389
-539702
2287099
3725644
369149
-215001
1872976
2528627
2040658
1484087
1205405
3840459
2946167
2925842
3147002
1323225
3531026
269041
-1159093
267468
5032052
549537
30732
3388459
3253303
2026878
98574
-2068926
2655610
3047129
830277
343579
-2203128
2767366
88873
-534521
3588956
39076
-481167
703972
2416929
2275900
-857398
588636
561821
2175288
-1273722
1556845
943767
3297840
5199982
4061586
-2107078
2271274
4101773
2581061
2112726
3132119
-111482
1716019
379607
3780012
1633420
-1540614
-95148
1236818
3284680
3026149
-195548
3460248
-2332023
2014221
4237977
-130807
-2289601
330990
2656237
2316757
1160833
988476
246762
2765997
-488174
3004298
966095
1794661
2415552
-774271
-213154
4392986
-122314
2023760
2559826
541386
3339720
1495457
1720207
1898891
1218975
1827456
222406
2706147
588767
-616949
2766036
-423098
-750671
-564423
-210933
638776
1698735
-1870654
205420
4914276
1847782
3904391
-1132326
2103188
594053
-99592
255543
3341860
-68218
-942039
1417353
-829165
1759464
2105343
210665
3917355
-76908
2317152
2874303
-336155
997054
3420514
1624477
-1024474
2437487
-443599
-2019847
1613961
-2065252
1750229
2652447
2324117
-19509
-406149
-309318
1727828
572656
1626895
-562400
4352599
1772171
-1505371
-609858
-232864
4857668
2634249
-1936762
4883889
3098232
986112
-423585
-2155238
2362037
1925622
3482870
1790713
2758672
-220421
-1065373
931677
4348365
2200782
4448890
-2955980
-570981
62643
110406
936444
2923078
2289075
2081520
-180887
2238847
23528
-2202297
120645
2943759
93845
-346252
3642800
-148910
-760654
3525671
1627036
617423
-2228800
2529624
-586747
3138326
3045579
2414608
1079543
622148
2565962
-1992678
-795822
-862453
2327599
3232216
2125514
406325
447616
-324101
2182335
4078233
2761179
3455907
2267339
273909
4007291
2476235
3480948
-193051
-339419
-372995
4487712
-249019
-532932
3609710
214444
59559
2612912
-766216
4009848
2885737
3868723
1630728
2737171
256307
3493803
1320873
2856836
-802617
2405943
1561648
2303894
-485530
4180475
1783106
3354652
825263
985476
-365654
1109383
503505
1295223
2488145
-1928488
1707122
3299884
2342604
3045691
3654710
3324170
3027755
-572635
3870724
430796
2546212
4047941
-142228
2359471
2207085
-857890
3275496
2762753
1613155
3113462
2525816
-766077
17282
-1978441
436167
2214752
2524428
-2786
1631365
712003
2916109
4426665
-2128922
70426
936478
1344775
732389
-414266
3139813
-88542
474660
4392870
1524670
3366318
793785
4068533
498678
1586959
1208462
3728163
2318282
1349122
4000011
3687725
129426
1916523
-369119
3065051
-402153
2801951
-491413
2915580
273389
780247
1157046
-251012
-264261
2417738
-2653269
3972850
-355428
2927624
-2090119
1283859
-2227795
3132097
503155
1253520
-1499325
448147
3760325
1559765
562752
2169955
906814
-467504
2407601
3768888
3980447
3338161
553181
2169887
1611545
-328308
3545833
102649
1920425
-708183
2512370
867636
-326139
3667142
-2301191
4077360
2917522
585255
3347691
3205033
757608
2389726
-28425
2802309
3449549
4324720
1761526
-85451
2157473
2709038
319056
3309931
3453214
2915044
4347828
1665856
663120
-29960
4263140
-267266
1213748
2213562
3342862
-161244
105689
2437009
3163291
2058917
-551722
3014097
2073909
2295733
2130257
4282300
2760619
-1564014
4075532
1410780
700076
-616620
-1140178
2049760
-41933
3079393
-1485544
1493287
2031255
912260
90951
4064579
-121988
1915288
4017069
2488657
3542516
3233451
-30397
2383968
-1137856
2553695
-640526
3533759
3987206
-368656
-1881264
-912711
3054040
4880157
2189449
4010716
3171905
1652592
3760803
2817192
-662257
3104430
-14542
-445084
2127248
-1393264
143533
2706106
1961707
24881
4410278
3564960
2876512
1952606
101172
-815738
2975974
2077523
-809778
871900
3885314
-171443
2051366
716454
-363484
2278491
1158247
3761958
2706960
3990908
-1667193
-1810751
2602270
3274206
2683895
793812
1617371
-36873
-57226
2699430
161912
3526920
2371345
-145711
3237948
-160549
600478
3499257
508959
1157358
515727
-733508
320891
502024
-486791
2283170
119406
2080329
5144517
-2224443
512938
1249944
-1441696
3487022
3655592
2104287
2448612
-624871
1209982
2284173
1240955
-194867
-283728
4177516
5341356
925637
499906
1048336
5029056
-346301
1416211
-645764
297049
-287529
2594595
-1414873
3066753
-2084696
-1670395
860644
2799829
-1297369
119919
3485130
2725869
3934525
4184155
4668419
-1188199
1835799
332209
-1176573
-4287
249953
499271
3651176
1035135
2538148
2044622
3663579
1044189
-990694
16965
2512005
-1454102
1254775
1709051
1187253
80509
3128931
-78775
2155063
3992150
1038837
1673532
-1175314
2545384
3458694
4385773
-854989
3697953
3436880
2504675
-915001
4523793
-979587
3505999
177523
1997151
773213
1321735
3133305
75786
2940613
3644091
-1147695
42456
518135
-100990
2180074
374342
-751909
2621270
4792288
-940022
2867412
3731113
3951632
13574
-783638
511488
2241123
-768027
163149
-1075383
18090
-346353
1086328
-152474
2450487
-159076
1350236
2752146
3760496
4866729
223852
2619888
4012291
-664128
486725
1620779
-117503
661158
1354702
72901
2183708
1039453
517743
2553062
-1077304
-421241
2960591
3370316
913205
1022490
-112193
1812711
400985
602151
3913449
1355025
1439316
3971693
3438381
-692599
3140282
-1759288
2619923
2902193
2992481
-332784
3655075
3952555
3624121
-917189
4327398
4310056
-160484
3319350
-1928547
2110126
695856
3117835
434865
1359591
1185335
467514
-132252
767374
1859402
1078885
1844873
366336
2725398
-1383773
-567326
1911513
-1389152
4279892
1301309
3255871
3047921
3973999
4862429
-806191
456166
650564
1451142
4231342
2612394
3865175
3094314
316775
3419562
1421767
4085630
2223441
4069989
3988022
2974043
-1387711
1773444
867737
54878
2152161
-2598073
-1781780
214760
3923564
2174341
3750916
230847
1627969
999804
2688561
1698508
849383
-38679
-548064
3112384
-637652
3121255
-993175
3862083
2877540
3729805
845693
4834233
22058
2784982
-677003
2066738
1682172
-702604
1083947
53562
1539002
456360
2306512
3479389
3295416
2671338
3494804
4486340
3899294
72366
127342
3051377
-223925
636619
2505950
-1071918
463206
3348814
3090947
3280789
3893391
3779540
1853215
3090580
1571327
1756091
3301402
459013
1120892
-570526
3859751
842920
2320311
-160666
-2372525
-1973191
3610427
3266958
2891638
-726860
2346109
2437268
363094
3016222
1967166
-37879
751232
-155030
4425061
3367341
2792970
-316422
1258708
3337628
-1466004
1147068
-145977
1244193
-287636
-142645
1163414
4245565
2187448
3781396
2650046
-299686
462694
-138510
1033568
-121132
-324738
2978297
2852059
-432587
-1166737
1100110
274492
723377
2825552
-1506449
-251968
3313878
4071954
2427776
922064
-703884
4900979
2690630
1248128
827162
1172339
3959813
650580
2889541
200520
3992964
437934
2591836
-2156033
3013706
3534494
-7533
4068720
3912127
2982885
4048979
2518986
-2237717
3770161
2430634
150123
4557307
2420419
2723594
786228
4057284
1777762
107296
3316182
3036186
4066879
3053110
2556098
2261101
-1951288
719700
1912697
1143833
2463780
-1031293
2434345
3650746
347975
2722623
2037778
1513505
2755427
-117435
3861560
4604510
2022396
3805664
3597031
-1025891
820065
3958165
-693038
4284582
910132
4169549
-482550
4171464
62067
-1277347
2308502
4441957
1417850
3277354
2517641
-456220
2646234
3468496
2113130
-546294
4828617
3172097
-141743
3772013
3584175
2282265
335180
3837610
3923074
1797200
-1844077
1021649
-193870
2610176
2146981
3848235
-503428
1439804
4453010
956727
174723
-815118
2580430
1895494
129032
1008882
1117543
3273764
2648607
2870749
-2212179
1987010
265530
2510077
-1499931
534268
1743166
4163883
4377287
-420031
-773557
140826
931533
-146713
3886327
-1744360
2583047
2522519
-1483691
3921677
-654556
609284
693928
-30439
4603650
422279
1730297
2751876
-311487
-107925
1137363
134401
2560458
762131
-509295
2849769
802834
4090161
-1625024
-221777
1963235
2395478
2930103
3346453
4019668
333702
4409290
1822996
-2899358
-513410
311854
2852646
919815
-289802
-139967
-97859
3591591
421481
1638292
-123773
4602012
2396591
230402
1917659
3446636
1360814
2941825
1310585
517873
563267
-742644
4391186
-1765260
-1324348
4703417
115243
-290523
2077971
-80973
521015
626010
-2065234
3315145
565837
3955326
-962250
58028
2095917
-1094241
15345
392891
2631725
2991998
-819391
856173
2134055
2873536
-135122
2202073
-1660333
4480415
2258254
1831871
3086904
3050922
2504125
3038183
1010254
1136107
193256
890013
4443176
-488174
4406719
-863868
1579941
2668949
940225
2728505
1556223
-249513
99141
-285630
2701300
2328525
2420262
3486511
2048129
2317387
4229103
799084
234711
2675714
2151200
2568171
911654
2857395
477926
-113039
2879917
757712
1653227
1980383
-1584891
3440746
2510194
4075638
-626184
-863325
-1259280
2473475
-630906
3270973
3184397
2853070
454592
-1945504
-643682
2235491
-563446
1844008
3015360
317405
1788359
433713
1525426
-1372430
9671
4235852
250157
1747455
2565941
2601132
838297
-200055
525086
-892812
2912744
2928480
2582629
289895
-1262490
2263006
11915
951457
1493597
113631
466439
-363508
-965173
1498283
4174924
3389725
2734377
-1753481
1568678
-1315918
-2572518
696839
2508146
1932061
3243040
4014914
2417025
1994714
-915769
2384502
-1848865
2943221
3289025
4115407
-486170
427243
1009507
3620933
3445321
3521141
3544070
-1611781
1147155
-741342
1654180
2344983
-1073608
4121943
-718948
725376
1149789
2737253
2990838
582166
779000
661511
2644074
1062900
270220
2094427
-1508970
-724603
3791782
-1736732
122630
190048
4046429
1450959
4053260
577206
-1000255
1559669
1009534
4423028
1158083
2310540
3128606
-1618024
98035
3109505
68880
1571574
978659
3486338
266590
1981423
1876113
459657
2405858
393900
-777451
-1002208
3556145
4240651
-1440998
4759674
3524264
3036874
-652661
4351462
2998605
-1655122
712099
3680960
3626817
4018932
-36583
3579733
4630258
-826008
2628182
-799620
64292
3475561
-293633
-1490151
-167876
-141795
529582
826216
334654
492168
4036587
2332709
436527
-580867
3007568
1501809
-1679425
2192966
-899262
318199
2002093
2947337
3418796
2670591
3200117
-1499014
3964416
2191496
1521011
1218378
-1586520
2507733
4501794
-973486
3809708
3369445
589084
-1842552
4333319
3213920
576348
2839880
3159608
1367922
909793
2228473
1285243
475440
-164030
444475
3087166
3197604
2913506
-371857
3593431
-449984
-1985928
2617085
-2088514
-951431
3293320
2904162
2515302
1741290
1764126
-358868
4226921
-348344
2280393
-106048
3842872
-2048326
796866
-158571
34634
2695813
2673506
-669787
3951236
-1342200
2179924
3431261
476298
933901
1479793
-1983603
2872133
1209645
1959286
865670
2149126
-2420064
462474
609458
2573961
2989968
3671691
-985812
3961703
2075173
1127836
-374641
-562640
3423319
3908713
-1295099
3878857
340097
3301443
327130
-860975
3523657
1342072
463526
4268226
-1514130
1244619
602357
2675830
130085
401803
621546
1828478
1777668
-1239616
-1199740
2693846
965184
4154202
336736
-97348
1882789
3544467
1443264
21406
141711
2653124
2478101
1781043
-905704
-1233561
-1369315
1376847
1592242
374911
4364719
-745892
2984402
3272955
2002815
1362791
1493821
4601289
-710835
1322155
1805813
4215783
-933090
-706660
-911315
350278
1951917
-707085
2028465
93938
441609
2556608
2768303
4754151
1405868
-1257973
2003260
79342
-1508802
-1884197
1325026
3707990
-1282524
35961
-1143089
551328
1495175
3070718
1788569
-593824
-3809
2058717
-289042
-1763988
1902017
-1221233
-35269
1117361
-103602
1631824
2288948
118095
2844995
4030807
2928665
3197135
1594740
298298
-961407
291211
-1653324
535302
3876323
1773689
-245837
-1845058
2449493
-340853
-476566
1804597
4028632
-223300
-229177
2336273
-173410
6065
2752590
168671
4352382
3107173
-236732
3423026
1628375
182177
4582160
2417693
2179343
1863942
1923342
2579107
4661497
2540728
1569521
3328868
2668260
813436
1441011
-234432
-1374401
3569784
3423754
1831451
2765306
-753109
208920
1025590
407878
3553122
-1821878
-1688323
2654284
-187485
-1103202
2049583
-919417
208542
536371
2971204
-1148531
3324653
2891314
2064334
3429957
3063964
2630958
-1412439
2632072
239789
-263925
-1234182
-79017
4193243
2736522
3773297
1059072
-341026
2287011
294361
540150
-243664
4242657
120631
2291620
-1074572
623636
1668730
4218988
2659964
-363198
2622319
-183336
3133252
1870127
2232216
235860
-123648
88364
1024714
2925378
3997283
-1426752
3654432
215330
2690135
8453
1271814
-394986
-588720
2048780
574082
2687107
-119527
3168540
2766688
2315574
1994787
-1189805
3704128
2362927
2006499
-685280
4695121
918986
-523716
-1514495
-1418159
3742200
3558286
1136301
692333
2582012
2720765
415333
2545477
717193
2908727
2199550
386539
1020509
1179344
2922281
2386453
-943533
-430434
1457269
-1957813
-440654
-351692
-2869181
1630475
2327702
944052
1273168
2683869
2737419
2214273
169866
2302699
-337952
-509675
2019460
1354127
705524
-1479973
2202879
345409
266210
3249832
3867970
3207213
1982685
-1663790
4224088
4130239
4838090
-213524
2781518
2946463
3955264
2098344
1287607
595050
670900
3538498
914108
-1154859
1386233
2732982
-1175249
-147299
2715804
2149456
-546548
-1918945
1974718
453172
3199499
628902
1522195
69214
3576156
2473785
413676
109846
2658234
3122076
2520772
-272866
3633773
2747141
2299964
4513369
2604270
-734804
2451517
3185592
3091526
3687036
2828262
-2207010
-258787
2210419
3015654
2306305
1878688
2346802
367593
123538
1717002
1360220
-1639675
1237708
-1131272
-214816
2456346
3374366
2935026
2322206
1074726
531316
-554169
-611564
844119
-3949
3020540
4783651
75781
559195
4055236
1220863
-168908
-1238856
5124380
3250135
497374
3573142
4132319
2467259
-75006
-562391
1968662
3865899
2700540
-641177
2583299
2422020
1360931
-266554
348473
3403805
-548892
-1354628
-576242
2633455
-1088106
1556161
3666705
1572019
172910
1934399
303153
-2232445
3974372
-93184
204199
-523783
119497
4247849
-1340182
-1347997
4723037
2231469
2289173
2522524
3139025
1462424
-36209
-1663295
-321678
2672285
-450505
587371
2360146
1156563
4988685
3434540
569111
4067520
-710882
154230
-182015
-56594
-1662095
366240
2592074
-310895
3303946
288363
-693253
-39970
2289523
61075
3338759
218396
2705213
2609293
-1268871
58806
-485901
2861827
1794348
-1092829
-47757
2073947
2912045
3947068
915701
1961240
3053945
3612768
285204
8851
141779
2202693
-473436
3980430
45640
-408805
2354105
513528
3720098
2782841
4383144
3685666
262623
2822862
170638
1488825
1314705
-807942
-537495
2228397
3708152
4633032
652066
2581867
4543967
914790
90529
1410231
-1992534
896758
-967397
4018604
1975233
-1048642
257993
1922813
3745792
2284718
2062374
3229522
873469
1887352
4261203
-1358679
2069628
159756
3521256
1865523
3836584
3066596
2829654
2858875
4270549
115238
2034370
-1609363
3032471
-414148
2064470
1442195
3101002
1159634
3110059
-154170
-1673226
2357844
1652119
2846514
-94159
2656206
-1624518
3284006
-257521
1196762
2271679
-762034
1585841
2409000
3155614
4062059
-1394152
-309185
5054771
249411
653147
4769185
1106279
207515
-461972
3179776
1016474
2721948
2718440
2801127
3712432
2793326
-1731822
1856348
752674
-658492
1034699
-125438
255698
3273548
2070179
997033
1278287
-236092
-1019703
78754
-849060
2381938
3983958
1933467
3227465
-331308
350254
-1611782
1586199
2747591
1064575
1868537
3541609
4520657
2881146
2607596
-1207143
517531
713826
913469
3053580
2724465
2569391
2954865
2883815
1604757
-755649
1943693
33159
2882042
168695
577894
2551013
1642302
2792050
3224646
-481736
61188
4154802
1976010
-409049
235197
332619
1854313
1065673
271522
2622620
2395798
765512
2387456
3219357
404660
-253901
-1083182
1682035
3806701
-729775
2421890
3788914
1697656
2039973
3088505
777207
2198590
3166086
3214041
-133592
-2759846
1191721
548124
1362994
1366706
325471
-769251
58515
-112347
1030895
74997
198672
1659442
2403615
249771
3760052
2327200
-113267
382286
-1696458
-1594605
735139
3506468
410211
646691
-70558
2287388
-1742828
-1910040
180267
4688413
2662311
1386385
2414042
-587273
1276847
3039725
1812967
3358066
3110709
543040
3022240
425770
-62755
-1694604
278539
2038559
1749920
350964
2264613
3899745
4051009
1897582
512365
-1124958
1717132
4496757
1799263
1384073
1447963
3282762
3025598
3369665
396694
4063298
810690
-682342
1562434
481338
1113022
2500075
3256522
2532580
4250379
-944381
2232972
2821885
1944772
-99532
3182242
-813100
2715444
-1625408
3270590
-1094945
5093075
72452
61204
4027367
252411
-98756
2549452
2976037
2023262
3545778
-591320
1063078
-1190896
4697869
-238168
2441132
-1764680
1659493
4161071
-310968
1799218
-145830
1989599
-305128
2060688
2699011
1017382
3148118
4115666
2598769
3879615
671928
2675340
4082490
2623391
462113
3547128
140553
1948947
3854048
-285515
2399660
3167361
4868960
1774117
1733038
4365265
3736304
3103389
2388898
37289
2493680
2733027
3193782
2014808
1697410
1325392
-184920
2166937
3009032
3951664
2862923
-492177
-192742
1526924
2535986
1620911
644042
-1152204
360060
4351111
3405923
4388746
4408705
4477623
-1386426
2802482
-1532892
3333490
834805
2224380
3656380
4039696
1962319
2697384
167700
574861
681543
3010380
421543
749899
-25278
-285315
2085258
-418944
3497383
3371244
3132064
1866480
-1922344
1486067
1317270
2884805
352575
1291448
-1543299
577564
4375362
1986085
-621448
1909248
3183036
1483770
-767118
1405561
2738408
3659631
-1580796
2875368
-964090
-368496
3568884
-1938445
303810
-2284848
-2040809
2403479
3499637
-516974
-1109481
-1278233
345981
-726364
-1474084
-838231
2963614
-2154544
-2182248
458248
2350808
-18360
2785243
5077200
135763
-1123128
-2010300
3404036
15304
2763569
3880510
62618
2133367
552857
2793476
203248
2699383
4004721
4566567
3375663
3319000
-933508
3513574
-397639
2507503
-469786
1968010
4760872
3560532
1764381
3775853
1103679
541912
2309701
-1415355
3782847
151927
4569247
-28429
3290813
2489573
1266856
1336526
127563
4015580
2885768
-2212351
-341684
4875078
203916
3147011
1078993
3619010
4178673
199459
3407297
-195844
-1624004
2350207
398899
-109399
185402
4576520
2974228
1577689
-22618
3624693
2870771
-323918
2212606
2227772
1395943
2863361
2262554
938514
258846
2238296
3375050
724148
864475
1196753
2384432
1708746
2765754
-465207
2277731
520221
-1264261
834877
3598410
1879292
3122077
195360
-20598
-1393989
-1266155
3470419
-437925
4206773
-1276633
290485
3475703
2023547
-314564
-750116
3779556
437425
331170
11202
1690629
4471027
-646914
2829347
663640
-566641
506132
-1034147
3739193
2096702
2422032
1601269
-146379
4040053
3614186
180122
2034578
-389649
-863764
2141241
565223
540150
3842178
1569186
3734331
1600095
2336642
-786398
-1088963
3492233
103542
1890917
-1690151
1913634
1251869
1815662
2836092
2352333
2580141
-1622328
-1850871
1360904
3541249
3570906
2813409
3195932
3971932
4285885
1869340
4318380
3670918
1124379
-1150129
2438666
-195587
4510295
2749865
-1134035
1459267
1254474
3092915
4336738
4250523
3552154
4056685
-412979
594878
541373
1309253
2379580
3465542
513165
-1888401
3099574
-231230
-737286
471221
872757
2108707
2840429
-1031683
2325800
718346
4232999
1843859
1299607
1006646
3838244
823436
903127
2755051
1396331
1826073
4294213
-45710
372585
2892601
735882
1977281
2047427
2532255
2406796
-716334
3197864
3261844
-57404
1569333
21390
-1500305
456760
3184962
33528
-1645661
1162780
-417175
-845709
4829101
2742215
709722
1446374
317180
1373116
-841073
2732608
1265620
2879932
200684
3581493
326340
-83744
322630
1944766
341878
3511659
-1428858
2782166
-184204
3995910
234288
4340923
-880063
-856234
3182708
3767193
189990
-116517
63188
2451921
-321794
3163758
3026505
-358700
2012692
-2647777
3262522
3570035
888463
655242
1031936
-1470661
1496038
3621929
173926
1280681
3822577
-980217
3578204
1723704
-1347067
2573683
-1832878
-1769244
3306953
2572562
3138004
1084105
537428
3864464
2632574
4535759
2694662
1207368
2861841
-390630
3831131
826461
1917312
3737643
-836703
750612
437410
-796245
-242868
2337609
2448977
3680895
-590010
-29663
718980
3076632
446749
124842
-605400
-169379
3098418
-576131
-248542
3432052
4054377
3329862
-1100234
2625154
2056733
-1321467
-3113416
2383608
517794
-2278756
3740987
4138666
818991
1017145
4069648
739109
-246301
898499
-303098
1321137
-1148776
-336437
2973115
434115
-281665
-309675
2491344
-852069
848497
-221553
2735412
386455
1691306
2178810
4259423
3663727
2946402
-364042
2988344
2675658
181690
1667722
439972
34716
4453479
-1022321
-339594
-2501015
4359538
3337212
3019731
1169395
-323935
-525854
-1748328
1131642
139899
-865147
-101273
-112416
-1542215
897708
-1084809
3530827
-200026
3769935
3487572
4901963
2652925
553659
2669510
-345529
1803802
4205050
17824
-2391171
1520664
15951
-1495659
3981095
4275868
1031623
2475037
451053
1444736
83187
-131589
875264
-205180
2729631
40030
2556390
2126501
730437
3849774
1554830
-345854
-572158
2636770
-1239390
126067
1757499
680218
-866844
2068690
-350212
2316811
2107200
455218
-976984
-369971
3575284
-528114
3643088
1401004
2069707
1485997
2215598
2632901
-1339485
823132
1601236
-654522
2795242
1696492
3405555
207584
2809441
-218260
2838532
2601043
2312107
1358942
-1779927
2664483
4106506
1909120
3028298
4229175
-1707890
3771789
4006520
484991
3001008
2452652
4125933
2263556
2292403
-568328
4243022
3173345
3290636
1569470
2656782
4040055
102168
-711663
3858375
1637794
-869004
4007165
2570349
2751276
115414
906392
4303187
-1918
114481
3155039
2363152
-1537020
2732131
436544
1525837
-2501262
2378612
194800
1636076
1387567
3590602
570939
4309859
-17740
3350636
171165
350653
-736771
4278814
3208586
-619270
206687
2875674
2858749
3958827
3395156
-419421
4259846
2623567
2905823
1898861
-428629
2623605
2874094
3073706
1601534
1700970
3141875
266558
-147031
845132
2440146
379700
242213
4626855
1848358
3845214
1230226
-83219
1952602
1353150
-794699
-1632188
4779917
4388609
-1017761
924433
1674681
-188846
3098960
3718300
3770462
1616812
-770379
4079117
2336777
423463
-1843425
-1126024
2732680
2200664
1572632
-485311
-1993003
-744197
-290150
4101729
3229423
369501
2200757
-76055
-1264619
4554398
1882514
43574
3813058
2427206
183384
-2293577
2566441
1614024
390052
2338122
-883728
2464157
3239615
266187
5017754
2610229
567580
2696611
333212
-1465338
371009
4101355
2410976
710203
-225935
-1604211
1697471
3321672
-609092
3967514
1486016
1110559
-564327
1598602
4188402
-391704
53045
2721518
1844932
-899754
1883005
4099027
4416079
1556426
1195550
-155120
1377159
2143665
-931710
2737108
-1431336
2714512
2671308
1298634
1312522
3543824
847986
964868
3176571
4512225
608656
4243784
2223120
4548689
370157
3711052
3401022
2217559
2555961
-672591
563746
1897328
-268476
2150105
695303
-862231
-238120
2489768
1598566
338544
1800276
1973240
-799187
3195343
-2764962
3856889
2163892
-192939
875530
807931
4599574
-1083194
-2025264
-51779
2251548
2795573
-916216
-425036
-146790
131615
1239481
1496349
-679511
-140006
3548722
2277433
506886
1588537
-314976
2517487
-525326
-154603
-1532066
85100
-742114
3003208
1439528
4631733
1416940
3287407
4538164
608928
-735841
-420199
-348686
3125376
2517283
-344887
1069976
1774225
3931464
1935301
-392633
1536472
-383424
595505
-442505
4456637
1642984
-2062234
2006855
4146180
-401002
-483095
2157547
2487983
-337782
4564075
4321077
-975421
-794882
1738744
-1030214
2136917
-1781136
4069057
1469163
-1987283
3848235
2121205
57474
1924251
-2179231
1814411
549498
-377456
2544792
120900
764755
-214231
-773671
1331391
-2180167
-498583
4938687
-1488353
-229342
565742
3216015
4019486
4120110
-318184
4725952
142244
-222103
2377115
979427
-1018733
415839
440336
2151739
4306007
433635
1704798
1564745
2051480
1183585
3165576
4582473
3147766
2082132
616567
-360298
-287760
2876905
1616240
3315112
-352287
390849
3304103
3675662
-283811
3797650
-1882709
-1002097
3031844
714539
1888625
4093816
123095
-838249
102628
-306109
325472
2607959
-437767
2919204
3626021
103378
2504346
2774686
4449293
3216812
2386623
-1272858
1759346
1594196
-3124
-2473821
41019
3486492
2081234
4022515
2711758
-1211593
282195
2004453
-177999
1683211
3237201
-73913
-776977
3425710
4012392
-844439
-1690083
-117198
1173190
1586436
160092
2832771
3353551
-795618
-416918
-740189
3078667
-93530
2330245
-571054
479736
214287
3794259
1266072
1280987
3402350
3159983
116208
2531663
153885
4060184
4227584
2730563
2644595
-46893
1973062
3076223
2556121
3920863
671128
1515197
2579644
3670563
-1298317
-682812
2685475
-1848564
-1860455
-859153
392004
1673903
4385487
2738031
-833354
3702930
-191357
-2204999
2870176
280860
2462196
3858107
-1007790
3125877
3420614
-1057788
1620886
-436152
2624129
707068
-281434
3138649
2111564
-1880068
-143538
-1208755
-1246154
3800096
3105160
-1732890
-1836241
2793723
-523588
4525117
3754976
2192802
-503708
-1088483
3053128
58574
3957907
2831597
-1876357
-890733
-763282
1567883
138132
886005
-1053043
4630192
2000986
3462957
576224
2125412
2327904
2174118
1668140
895
2655001
-262411
113511
4159594
-277114
-1568182
3950
2074933
1836855
1964776
2028617
1819150
-1270013
289181
579498
1890990
3384620
517313
811503
1068116
2353795
4301509
1265195
483025
839983
2006708
3748420
480467
2772664
-790892
2975662
-74330
2491803
3814095
-662870
460852
3551955
2982966
-911591
1935537
-376318
1720509
268745
783763
3918432
1855907
-1173134
3689498
61075
4639767
-1249902
2828939
2009663
4338329
4126157
3115668
2962862
-2562014
2405476
3959520
4060624
1557501
-447849
4408853
-1217745
-57348
2774134
-579754
3805712
-640809
3344537
3784011
3306138
855248
1791235
1165593
5055940
-775801
-913303
-1182994
-1343419
4895248
411400
1681744
1503745
-218426
4429816
4975761
414361
-89008
285967
2224768
2198588
2160328
611431
888963
2470356
4105797
-100659
3433742
2995781
4257795
2068253
-2202282
2001181
2786214
713904
791457
166692
2502007
2090320
4329963
-703026
-324205
2389
326615
3114010
740689
2228694
283327
2465976
-90589
3111902
2776137
4436932
-214271
3188501
2620260
-1439968
146229
2996077
4275435
-1821963
2273106
2456902
3220490
-1751436
678688
-368463
2067818
3033400
1013059
3302170
2405290
2094576
3794374
4523131
-682072
-772018
2077050
3760042
1191529
2635571
2468653
2633496
-1950407
1704407
2010791
1212604
770862
3551841
17835
988196
2019077
-47406
818427
3381226
1581844
-1076200
2609972
2731934
2633189
2498181
1964909
3657307
2226932
2075811
1532520
2939262
1321550
2812761
282191
-179316
-1680420
1884042
3136522
2084312
-51476
1911501
1500695
2915239
-1466593
-101330
173589
844130
-1252724
2998279
-1727816
1905349
2194136
64087
1196423
2329078
491534
3131989
1317731
2978964
2045674
2708567
-1197052
-966136
-780453
-1183841
-124506
-900962
1834790
407978
-375955
3730231
3875183
-1406753
2983174
2186006
3560104
2346294
-687514
2917822
-2389938
3752811
2600586
1969483
4107684
-810125
984442
3485655
2687670
1241053
4227596
3036479
3299104
-564212
1239339
-949793
4092342
1969603
-1091484
1007145
-203083
2948927
2677531
4366493
1587237
1777338
2683039
-566105
-80535
659327
712991
3441858
348948
1481674
2506966
3929571
819440
1518501
3163019
-108228
224953
-166444
-40051
-1147194
1236326
2648366
2462922
3880333
-520579
818316
3125961
2139575
2110411
2209861
-947584
1603325
4189714
-1072774
3528233
774765
-849475
1002817
1794611
-292028
1447399
417914
-197092
-2312221
-691864
-110259
3015793
-1579812
-1656750
4218612
4182361
2005693
-1190596
1234862
-1012793
1241642
1849313
2707516
2930851
-21018
2583117
4330850
-260014
704176
3176032
-88850
-847183
4469426
-339043
-300980
2118983
2527628
1502589
1041231
2558868
2624070
-1452951
3686053
34711
4213118
4053968
-250788
2393134
-874227
-2098923
4190300
-673125
3534958
689713
1582178
2770513
720976
-649525
-331321
-80526
-314144
2669370
343844
1826317
-913893
4562316
597601
2969579
544037
2376785
1252685
4252698
2548339
2564510
-968642
-1009582
-696684
1550723
655758
1805205
2737232
-525718
-473076
600306
503374
2861512
1603220
4670526
2618128
2239415
2118208
3094466
2949454
3906527
3593865
3645956
125412
3291682
-207398
1965753
4267341
-769867
1804206
482962
3103365
2427628
455057
4421629
2099755
4356134
-35091
3571828
-295383
4001418
2022756
1447764
3215227
3734521
63857
2121957
-60969
2575213
-274222
1162014
-1438456
-1746637
4149520
-564455
3592027
3593232
-1080147
265465
1153487
-811092
734161
4051511
2382229
2442151
2395465
1541451
4254901
-227355
263594
747709
3222131
198079
1178466
1150603
978899
2476389
2705700
3104055
1451393
5004109
2536259
4171150
3510643
4060510
818659
2743232
2085210
1084072
126401
2693462
3177182
-106057
2334867
2487180
549148
1731346
2142868
3576586
848809
2592307
-195669
-2182386
3534360
-1314426
3907213
575144
2740836
886673
-1330332
1318641
156185
2471743
2782693
510331
1773027
2861370
-1298595
1762944
-1251342
-1321533
1019069
4250897
-122365
-2153425
1276655
2491055
1667452
727030
-496405
-2624364
4480663
1427093
2854987
1088918
4126634
-1805046
2815404
-609300
3192619
3338203
1404943
312784
2040373
119153
1719130
1344986
3266016
2519
3057336
-106183
-196877
3749931
306111
255900
4147695
-708921
4114468
1913302
2197261
761042
-709294
2943277
3185854
49501
3475453
-365821
-36753
764121
5051216
-262493
989794
1336183
605568
-618234
-1873764
-487341
2484580
3481735
-977091
2468202
4723373
1521847
1638846
1921386
3153856
109235
3738567
-1930664
2232503
989200
1137265
1471973
-1030973
-1599762
2218007
2751960
3403329
872351
3092931
4004034
1558221
-400806
2152775
1042534
636359
543953
3804376
-988669
2581808
4461862
3526668
1692769
2625332
58561
425010
3510578
-1167198
-1770830
2691274
1536692
-536788
585244
-867870
3110644
-69141
206793
957494
4087687
2623265
3557790
-18514
2417542
-353756
2001617
619126
-464002
2160445
1702036
-1066374
218662
657421
1420529
-413967
-741005
2999292
3838667
-1136210
-973381
-143285
3097335
417984
2941968
2830561
-483604
347754
3604613
-1618725
551788
359818
-628820
4089346
3137396
4044956
802150
-486552
-449079
341087
1039986
1398041
2909559
2606746
-306467
-347296
-109918
2282309
3084403
2091585
2706430
-96677
-1999834
4779673
689352
623141
-381693
194227
-2618938
3295347
3536540
3418477
-508033
1597933
2012251
2682505
3854712
2246126
4389841
595502
4844881
142280
-951215
4232197
3084362
-847066
-506705
1888082
-998913
79800
4389162
-93162
-628710
570620
2598970
366334
3934383
-1266767
1389857
-407571
3292871
1841284
4214725
4054723
865308
-257473
1106915
714676
2809275
1542271
-1137288
465126
2538534
629160
2515685
4204583
3534713
4382777
2956679
3297061
3539447
1601618
3608133
1965450
2480675
436458
-53245
-1552633
2016331
-42706
3554471
1554251
-548866
1900515
3352777
3461523
155442
3593589
587964
2228993
-1195312
-575070
500448
4365504
808714
2369082
351828
864
1996173
1028252
-826090
2466468
-1604882
3109093
-800448
3604853
3576328
1391209
326532
1069048
754687
-362036
2931015
4198590
375690
338375
2701454
237700
2664981
2107927
-876276
-346858
2770474
-228149
2146413
4136322
561788
968254
-66953
-268359
2286908
3047589
-10955
-802111
1827181
3133786
-122635
-2109576
2535260
1599929
236431
532594
3123727
1979474
830587
1761457
2252920
647234
3106710
3194587
-410068
539692
533997
1354887
-1635901
3308795
1165625
3646271
2698302
248838
586583
747724
1600517
1800120
743497
2032581
2068905
-501832
-83414
-51029
3604752
2607815
3376319
944506
1561365
4385567
2868419
-361463
-638257
-611703
4220585
126599
-101016
1763073
2679162
4037377
-246330
564454
683852
3289245
2965976
2779114
1039320
4087478
3009535
2809653
284442
3273995
-339828
-579193
2458510
-1167540
248500
840784
198299
2224060
2067694
2360530
3385730
3190112
10052
3351068
180230
4186343
2976920
4334662
-138799
-348379
-1690368
1667540
-1478939
2760422
711385
-1239208
-668190
224961
4932929
2543454
2285408
-814864
2206321
3285131
1294193
-653951
3799531
2007864
3511558
716427
4901992
-1193460
921423
1324651
217724
-1722559
-2482343
1846523
201836
349424
795551
505187
2619428
-581728
4071488
2720836
-803518
-836565
3237819
-10330
1915450
3711705
-1243077
459777
-317986
2563957
791630
3119757
4297553
2044021
2003806
-636887
-428094
-269276
1918775
-1477461
-1607336
-952386
995944
3084210
-537095
-1441730
-1690790
48153
2741522
-657352
-219591
988785
-1429771
902968
2135401
1813296
3796316
2465226
4640058
1982001
517140
3583272
1984234
2685193
327730
229786
4838976
-730399
407433
2593290
-132653
2885961
-117752
657396
4177978
1999944
-1748544
-1012579
204182
4448292
3619652
3617220
4323298
2307120
-1014513
1601211
-1340338
76392
1210336
-144528
-17307
1750919
1449830
2681650
-1406182
863736
1982639
-499883
787107
1378930
2180249
3170920
-90511
3764885
1513073
118940
4504800
1169243
-1204481
2409882
2514510
470675
4361578
91950
202889
788961
2634525
4178653
3945015
4492698
2556136
2640906
-1376799
3716527
1214570
2734760
973280
-305404
2555605
-120269
-351456
3283163
3224550
2507323
-2169364
3317892
208699
59521
1263314
-308785
-931585
3341467
425595
1585662
3090584
-363017
3036528
4306558
771500
1969459
959689
4207714
2708816
2935373
1515332
-1341522
1518397
-1452516
4471909
309802
1061221
3748074
3140612
2825332
-50404
3079819
538835
1955888
1634923
-1152311
3845629
2481370
-95219
3226201
1853577
2417217
-480979
3348537
195049
381430
2996700
446379
597728
-135346
4204909
4430123
2803819
-2878031
2067421
2818247
2829450
1215537
1270117
-899076
-2376067
2218038
3946071
1028762
754861
-212012
2219076
1436779
1697880
229013
266734
2748452
-234051
533782
-565163
2601781
4487637
1257183
-197118
-429890
2420368
3641961
-894601
4244503
-736388
2259470
178521
3510890
1371873
2194577
125842
623767
3355373
3243356
3268290
4160713
3202769
187077
-319623
574097
-2939891
971141
1283059
1558723
2366702
2110867
2649894
1812477
3285296
3777570
-74775
3401558
-943927
4039749
3366103
-615621
2613145
2359652
1895060
2038744
-1355034
641129
2237990
187250
1818913
-339178
-414443
1488662
1961027
8475
107919
1933179
487420
112573
-149439
-939805
-2149803
56023
167380
478835
-30085
3499017
3862833
-428836
1474566
3975957
2387372
2706607
62334
-308670
-215642
211174
3144546
586705
-96318
-148496
2375781
-315335
-768843
3100394
681551
1025208
2258442
2096565
2683191
-1022289
-85185
3917028
3159839
465620
3546156
298060
3609389
3397871
-1257456
2058889
163905
2315117
-22504
3825414
2500016
4267697
-862644
1569921
-1638040
2615652
-1108850
2208948
2577431
2977219
3745550
1930456
3922132
-64077
785033
1299739
4137084
2945738
801649
-189786
3968764
2989828
2592265
2780513
2131445
-2244930
597160
3431202
56094
-2102463
3627939
1751813
613239
1137823
3859672
1125734
3514055
1217650
704621
2891491
405888
1590837
1591679
-332571
3890985
2640631
2996898
3559319
2614309
1886185
2889846
1709213
-1417210
2191307
561330
954831
3679132
4114478
3032846
4129137
455633
2631460
3118283
2950946
2896333
-1531128
2777730
307695
2472314
-230514
4439383
2437516
-832401
599310
495059
2942927
1935975
859080
2851592
4069707
107913
2725513
1390535
237305
3087244
-2119080
69589
1541889
2743839
4126143
2706990
3259307
-972854
3872345
-1623341
2076410
-946999
2235939
-1269594
-2033030
-1283459
-1075018
1267723
899121
2187013
80261
2918272
930601
2441391
-246112
5005255
4089775
4439830
2465684
-157489
3442638
2174225
-914919
-1514431
-349781
-1160753
761877
49768
4689145
2688462
2359505
-264011
850517
-119540
2368364
-412525
1755080
82387
3499550
3268893
3065974
3139783
3573348
3499523
71563
4157529
2571647
2310531
-843392
2685657
2567753
81322
-1164536
4855279
270961
3853862
656869
2667619
3060241
2565374
3387174
3223716
-1919999
-542248
37396
3588775
-886655
-2023035
682619
-874450
2793869
2958657
-825572
1396602
459490
2800978
-417983
1891719
3209185
854502
942747
4212179
-923124
54651
2478063
89301
4210956
211037
3681434
1012482
4173874
-729472
-417308
1462175
3243348
2690490
4251198
315131
970291
27562
1655126
212722
1108234
1035515
4481897
2455811
-481735
3263316
3412369
203040
-95304
4312805
3648381
787485
-57712
2781537
4586713
-369580
3458626
2610472
334695
-177761
2475914
1568148
-379540
3558000
194315
125661
-1319658
2871984
1853262
3474587
3852724
99573
-1135230
21158
512947
46167
1234606
1348558
1395227
-1679904
-1544634
1805236
2532908
1835612
1113762
156411
-1689101
1139615
3000387
1539967
4617084
-153515
-290136
-303532
1816472
1261851
1624081
4496095
3682850
-1191823
3661146
1091278
208679
-25861
-411034
5104778
3410222
3350281
4297448
1648635
3546635
1672810
-786295
4647816
1298674
2808862
1955824
2608778
-194141
-164931
4568540
2037673
2086699
-2015955
-1651082
3669785
1400641
1846348
2158824
3811421
-1523645
3076236
-931819
-499847
2033109
2928680
4877190
-695766
-287802
-679297
4081005
-49424
4125011
-924057
-835291
3808664
3728276
-863131
-420753
1900857
2870912
-72769
4327616
3235218
3825090
-718616
2860605
2947855
328677
3191539
-484624
2864301
-125441
2129426
159309
3940344
413927
3018153
3962018
-817370
3515031
-274534
2552184
-302328
209697
4058790
2813762
-312179
-1325842
601294
328569
1092276
-229648
1054106
-585809
591875
-1383342
-1261665
1196726
-235073
209075
3500958
2641887
3882199
-187529
2646570
4156798
1831731
522920
1867640
4342109
747716
231223
3071791
2763380
1871769
-206816
-316143
-1029188
4103171
2578670
4009135
-359140
2280375
1572036
4020
-1792128
304304
-1416710
3800301
2500784
1035664
3593860
2094246
1118593
1326516
1156530
3527869
4665190
455256
2348802
-754673
1447379
1044908
3971857
2486472
-56811
162906
1242502
3087210
1788308
3739355
4233663
1709241
-461009
-279220
1470421
2437281
2311970
-2000365
-180695
2862315
1568593
-1523607
2590676
-1650085
401692
447138
-1357172
2820876
49107
3730243
-1958115
-486037
612259
1831011
2876361
-61697
3809042
-2062861
4030742
-1595020
790747
-412322
1309904
3643267
-132173
4029658
472800
-970738
1798478
208161
-519390
640091
-1558716
1602795
1906178
2139634
2160624
631435
4103330
-1269024
-962107
2334340
2585901
1491541
3613643
2009443
-345706
2074701
-1821748
3563041
175650
-543685
1871838
362520
-249698
1779227
-977450
526004
3132182
2856197
2360655
274569
-151996
2449517
110705
-71987
736940
-2418724
1606164
1198284
15249
-742117
412538
2077620
2193154
2125413
3433346
545323
3484040
-585356
2562498
3305251
2189682
3487693
2575262
1295631
-938929
3018455
4194831
-390207
-936891
1661429
3772769
812882
-42702
1769853
4278005
1424419
1541387
4469207
2195854
2111891
1724492
1344875
1783150
-1590628
3276966
3179487
1184491
1868567
-2014
2177104
4308065
4760423
306532
443257
3310142
2759098
388555
4435044
-974281
3548510
4657682
-171173
267764
2585537
1486231
-156465
929747
2893730
2786648
2868308
1727240
-481771
2359517
2617348
2494732
791809
642675
3945516
-830911
-2331195
1657876
1187513
-1359436
-432711
2885906
-872640
2895969
-468454
568518
2438223
116571
200263
4151831
2253775
3297847
-952747
2632866
245683
-715670
2834134
3183526
388422
2977436
1861334
2863265
1945085
801117
2755268
-1034280
1204771
2149956
2938615
4363424
-278095
-1474393
2335841
-2143008
4690471
-39559
3792872
2163761
4269989
-1077101
-260038
271504
2626387
1343218
-104600
2691305
1844595
818044
3275896
2183864
7613
94695
3961689
706337
-1547202
1596098
3954639
-1305022
-2589424
-2303421
1742454
-370864
1066899
-145694
1293113
92707
3643195
2625781
693553
-996127
4336203
-138527
372322
1094359
-944233
1259969
2776725
2525086
39505
-345615
74869
2417643
3461730
2816455
1260995
3885145
1346149
1717309
-302217
2178467
206387
648266
2282788
4008531
1454141
582075
-1937913
-2179430
4307846
2410077
1777459
376961
2396515
3336468
-1715707
3106997
196900
456406
4703050
-502465
3734185
3045475
240794
799872
-1638683
4759498
1521111
3923606
-663265
3816819
1410522
-2324384
659805
1057812
2457752
-141951
-162607
2489600
-687546
4113333
976272
2962463
2133213
1084944
3652722
2735315
2273027
885003
3523133
56143
-436061
-2051091
237578
-326889
-633033
1995348
787938
4234709
2959905
705108
4084318
2671633
-21252
-1764872
2618116
3561384
2265850
2097370
879705
-287101
2239772
-339398
-207648
550043
2427498
-762688
-506653
13411
-855
-418343
-1356930
3867707
1846342
996821
573546
-908996
678654
1647562
2781884
3005463
-734771
3795062
-1233820
3340827
4068120
4873578
2420971
2850969
-1269459
248073
-391161
2841984
3455114
-300231
794090
49048
-1174574
1313787
-464702
1037196
4048943
2502590
1151647
2924496
1665995
443839
-670102
3990136
-403511
3049451
-1637022
288561
3108164
-297970
834342
1969301
3894649
-19673
-1969225
847484
3504422
-1159970
1967132
1543270
436032
3058455
2840554
202262
1073037
2054550
-490717
-171444
1831766
3177046
-736097
3232502
3904335
-1255124
-560207
-401924
-47196
-62489
2955864
-1857747
657812
4137191
5003309
415868
3290243
3816052
2571625
515819
1084852
-84175
2911685
977545
1083311
-45797
1122864
-372361
1127606
-29234
2852779
-275423
1885022
1502833
-1029092
-2687372
4356745
2739407
3114764
410899
1796342
2143382
-777716
3099240
4467813
2303502
1566095
848130
26908
-11803
578580
-565647
15282
1039249
60609
4040983
4204363
2190548
2943571
4084031
2831246
1195998
4959733
390291
-689833
2813347
708387
-1349072
348501
2144380
2778256
2105267
4090023
110613
-142787
3620309
-1927561
-155542
2345861
952685
1751172
3344359
1730934
2683840
1137719
1391541
2848118
3038390
4272337
-535001
2160394
631697
2566416
3124117
4458234
-326037
-452025
4399783
-1251440
-1260379
-322657
-422441
2548758
-1683283
-33987
-811032
-1114243
-354592
2073528
3335841
2550155
-1114929
1201228
3139526
-1667488
2100994
2333504
-1093217
-2164169
-145130
2883243
2847940
1869018
2345943
1057919
3232756
-1819407
-144515
-943086
1142677
2492434
2898198
-754068
-2046328
1796162
-651649
2120945
-726488
919588
65780
-2160114
-1354074
-361701
90545
577212
1848105
-138384
209588
1418333
676862
-318816
-262129
371535
-182919
3183209
3849515
-193152
2755414
1046917
3871865
1579427
179060
1680002
2559393
3932649
-1055683
-1264262
2776844
3924641
-1390880
-1681440
-190993
2343751
4426016
-409433
2931384
853471
3871630
1622690
61022
328729
4224770
2281755
1994622
1721289
1752336
4039601
1401727
1066045
-751989
589595
3280602
2601861
-745317
-487024
2516622
-463781
3527575
311105
-356070
2682270
-1423713
-665798
2913798
-512843
3066403
-881109
-491891
3748803
1848131
2509791
450734
3666463
2088408
-610653
2203763
1309396
2542107
-1566595
1555083
785795
-202622
1777816
2814497
-1370822
-578667
3661815
3629708
4651512
546415
1163483
4827856
2494146
3055420
2709655
3517706
4947973
777379
1748142
2175708
-922382
-851904
2407096
-1224543
2867111
5128549
-11729
-335526
2288659
1894898
-1441347
4334556
105439
-637724
-225049
264118
3750899
-1574523
-273542
-92476
-120144
3286810
3096640
273442
4173833
-340568
2534217
687517
301949
-486336
2142188
3376461
2793783
2519871
-512658
1740840
3722000
601279
262232
2229488
2688162
3022369
-857220
2880692
2903890
2239876
-938210
3294207
2431400
1982482
-109294
454469
2952436
2999804
1847573
-1563468
2133804
2152726
1830493
1239764
-1685151
4087816
1653897
-1048512
708947
1270268
1040893
4169950
1739968
2911080
4453346
-125881
356899
3247601
4154621
-1614856
2522968
4140597
-125290
584370
-1512005
-246642
-588245
2115550
440527
4394812
1854074
3290490
2538349
2397350
4742866
4554221
4286585
2954463
986105
2634605
4504466
-301242
2477750
177297
2315645
1220733
2262666
-260271
-573940
-1465271
-1261876
-84831
-911032
581436
-1042332
547461
-30258
4338758
2495524
1448068
1913735
2099807
2201739
3267447
833827
-317246
2828654
2726618
-375760
-469488
-644432
3337967
888747
74488
-441096
3335315
2102659
-874179
2534350
-841159
-612329
1883099
1988514
2301685
2291334
58648
405144
3336953
-894688
612357
1935230
3405419
3097268
2117187
-479536
2022201
1977992
-944788
911886
1238056
2403056
-112544
42533
-443987
776283
1916360
1368287
1386728
1275330
2662905
1099242
3302991
1558899
1343510
1840082
-1607229
3810086
-1292545
163337
1155879
-450957
-512261
1098187
-147843
3632366
298648
3418492
-683123
1668125
1978441
295345
-739576
2426257
2803869
1582741
1942978
-1658895
3412663
614604
1158117
-1516084
1635849
2985499
2574989
546380
1711494
99369
2633596
-79002
2051851
1964096
1818700
3332607
-192400
3048692
4448520
1321589
3737765
876719
-214981
1739550
1231111
860934
1098966
2580105
427653
-689203
314869
3119111
4175483
4487068
2312211
-940336
-118083
1358573
3991092
332027
4117551
93592
1229765
-105818
2726199
-858191
2435105
255019
621408
3444306
3644766
-40292
1175775
-1095734
-1449965
985028
2325383
3658878
1259086
1875753
373189
3323657
3353375
2722872
3053091
2331515
-798839
3742158
4186780
4188287
-662740
-3346
4917973
-761439
2211501
908944
586602
4326998
3373641
2225617
534644
105526
93624
871886
3085474
2870397
2218254
2720807
2620175
1065246
1761648
1416616
74951
5004552
-111169
-345806
3059627
2722377
880208
2374776
2353674
2450775
745498
1780955
2366562
2189649
1945150
-2103331
-806603
1182844
2591147
-65977
110037
1914863
1484927
3356640
2759553
1697342
3194611
3027240
270605
295512
-815068
1355079
2058243
3630782
2852735
-571536
3183354
2949773
774717
17305
2843945
-484778
1862931
2161964
1080956
-276295
-1858086
4185885
4019842
1235249
-531233
772465
3900676
2987129
3693260
1744319
2974177
2791900
2129849
3570430
2705328
2397608
-731846
2484149
-197861
553111
-212513
4304828
-264833
-1694201
3617380
-56468
223867
-389544
217521
537364
2380402
3012357
3264288
1360451
-552834
3982358
2657194
263818
3936896
236106
3875016
4660924
3721995
874915
4213986
632721
-481648
3397986
-329209
5139807
628056
-739484
341670
968257
1064708
3169011
4090172
-248890
3809109
-489866
2624553
3013973
516679
2089852
2564088
2556378
3925426
3487186
-775577
1244116
2285894
2267981
-2163985
195068
1003943
542072
2727729
2936350
3538150
1911302
3967581
857604
2486951
-284537
4707422
-587401
3594532
1952709
-321548
-783673
574166
3470596
2505519
3030584
-1173843
-1630483
-420110
2688803
173738
2930077
3896618
2045323
2692161
-263964
675131
-1460455
-758352
2904354
132439
2980787
-463977
3413743
3124057
745318
108212
-1118960
2797311
4682340
2793195
1287063
3835709
80609
1625391
3474737
-362941
3737199
3622312
-333202
-1922614
1967162
-750046
3681357
148636
-682134
1138264
2007708
2059240
2919347
2701169
789795
62272
-367441
146992
-598001
84704
-986450
-150170
1934175
2795618
951344
-433324
3565828
345908
1090251
362564
2027878
146069
3239796
608954
1972389
163858
-2269517
761043
1786820
1591867
-2228479
3627603
-701852
1035999
766201
82957
2343345
4686668
109008
-72537
-288116
4016948
3524377
484179
1602987
826103
2216727
4299894
-615697
3787451
2409978
2549880
2551938
4411425
-1457955
644941
2668231
3716794
-493866
4336332
196225
2140785
1999997
557406
83502
1156768
2486254
-409985
4378176
-1727804
1593140
-1429294
-711337
-1022983
3081202
-437717
2635451
-430847
-612459
2648730
2445834
1987102
-348700
-493906
3394173
1923862
2955686
2279053
3647840
-86448
4217767
401942
4431709
4958629
313900
-2636090
3734473
2252132
-440109
-230275
997451
3809944
405049
-98825
-802313
522758
3326661
2117598
1185565
4164941
-574710
-2360
2166946
4631466
349985
-484757
-2305121
4259634
88707
123540
3091657
-93785
-1223999
1987852
2928154
3782393
2988786
3984342
3660552
2821146
1840979
-321575
395208
-329512
-49682
2827861
4341888
3914014
4296755
340746
4131368
-1156872
295569
521150
710092
2411293
4211842
2956937
2416491
1148517
742365
1753389
4473857
3009869
780372
2466049
4147144
4621761
3227908
-1426184
2395935
1050818
1110797
1142497
3903592
3263971
-658058
34379
-833635
1137423
4478984
-490132
1120274
-221862
1257363
2362654
2111310
1576723
1591296
-176762
-270313
841196
3405992
4779769
3770657
2679422
-295191
-862714
-351256
-456571
771381
1340400
3302517
3021237
1893665
1828071
2483671
3087067
2901440
-146999
1620352
1257041
3674603
979131
2387381
-1947253
-1032115
-333401
3042658
2951579
2608304
1379003
4108918
1568627
2114707
1237521
-993281
-1197347
885689
1671381
3282709
2243089
2962475
-1757915
-953975
-95472
1190627
-139461
359573
2634754
-880248
2767590
4144054
2886334
-1739627
2790820
-259919
4660646
3690103
2718039
2988393
2046193
348518
2842484
2079425
2833900
2975568
2415269
3057287
3173292
-1171791
682806
3548527
-1387550
592900
3393413
546072
-554217
-523203
-16332
3324840
85072
4370409
-2075518
1729573
-1217362
2929319
-537204
517889
1960505
1476695
1526541
2939848
155284
-10707
-52509
1668897
1268807
349364
2428596
-519553
4559082
-625433
-550072
3866818
-1258603
4699412
-917311
-235856
3196939
2626295
3506009
1840465
2089564
3263019
-254010
3805356
24490
3985115
-2702597
180222
-587335
-1913046
3936128
54767
2430224
222617
-926489
-773466
3032967
3359151
507357
1909526
421387
-952244
1487560
-650615
1740399
-599553
2317880
746203
1108072
3649731
692057
3214545
1826575
-1100579
3283588
-1218381
653427
-625459
2037452
-135588
3327849
-420720
861574
2489967
787690
2718258
4177075
-2130567
-1786726
-510303
3450028
753461
-576741
3857457
3575893
887916
372382
-747586
2332724
3084933
-1894079
4053155
1061657
281943
2348311
3268021
1690097
3649693
120986
586230
479559
3772789
3427726
-104718
2214843
2846472
-863367
1422806
-320399
2497466
1523048
2742871
-1179745
1894393
932649
2546899
-87076
1956609
-1020841
4311084
79414
1609927
570981
-1145910
2306322
1829014
3056836
1999820
2684201
547322
3226584
1964653
-10001
2724559
3436909
575784
-552052
1110016
-1805074
1090553
-771948
4054831
1410241
3484752
2869412
-85016
3105963
4233779
124226
3215869
3843729
449593
2931655
119965
2391859
1089786
3307045
2581254
2651662
2243427
2779337
3804643
655806
3109689
1112597
3504645
2351322
3232443
688009
3700109
2791195
3003747
4636847
3679310
2309205
4001006
3284468
3548009
3445498
2463464
2124279
3543379
-508014
3057078
3738162
2834415
-708869
3202147
1217468
1522
767092
-457928
2755958
-2538861
-963327
-699722
4977721
2609318
1512949
2326728
4221799
405388
-289017
-812470
1484386
2337472
401137
2618183
417819
1045008
-444537
2214066
285762
2264012
2625710
1848909
2537390
-206129
4316075
1668959
2310351
3890126
618600
-1066950
-9650
1752930
2825622
1421942
4480644
756488
3024780
-186406
4044113
4431624
-433451
-402134
-353254
553182
2260221
1523444
-75137
3092727
494079
38391
2066622
-419205
-632705
467967
2850198
3635809
1039376
671017
613998
432854
430953
-225574
1050594
3674126
188059
543790
-412937
2341851
455363
4530168
47685
4205482
25332
-195459
-1367507
3062272
3480730
4433764
3720670
2042322
2477320
1840429
-1464220
1270897
3867145
3380128
4470843
1977570
-125644
1498561
103231
3685019
-879575
2728377
267431
1066712
2659545
1279427
2635147
2223752
2625061
3898088
2366557
2361424
4553075
940793
3000760
704515
1618478
-1403104
-303497
130685
2389294
-340716
762236
2191543
4112129
-584026
66929
4014026
463970
2605056
533401
4170102
-1754358
1172190
3443696
1237217
-846742
4047303
233839
1557463
-413743
1273708
-2010898
2262981
1829328
2649781
-1717222
2886766
-3003965
259187
598768
1184132
872025
2040408
130833
2449524
4307991
2118652
-197609
1104971
2153720
2544017
407645
260985
3783195
3753168
627280
-763231
3607306
2628579
198450
2292802
4181347
4295757
-115168
-21944
-1641394
-235715
2460118
2459193
821342
2643
1866604
334628
1722187
-585253
2998170
979689
1881287
1285823
2177742
3420692
2420403
3462917
-296153
949297
-249076
946431
640628
-173739
4108353
1835685
91848
156286
2858580
110330
2260231
-565028
360838
1870639
2979740
1594415
4199955
1315576
1847
3714040
3384266
2187185
-1570226
1793184
4510163
3284603
2078614
-2096624
2991036
3513581
-1446110
746941
1476653
4170610
-1111310
1199358
567720
484504
3671256
4187151
-1021864
3578972
2935647
3793979
721903
440576
1391361
-1550197
3991795
3354125
2256655
517068
1777429
2995137
-99970
765645
2461093
-759480
2609391
-1719520
3591010
-485242
-809084
-90886
2955190
3079968
108079
1231329
-1497764
-1771775
2199869
-1022684
3145503
3608260
2909061
3211723
1694649
-420454
421386
3585000
4294496
1024162
2437088
-1445716
3170944
-107560
242021
570935
2634723
2285307
-543779
4522311
-350767
1222968
2416206
-447876
3642231
329320
-742761
3846573
1660458
1278543
-746081
2355210
900849
-491269
1707647
2808567
247642
1390358
-428890
1298503
231065
2686561
3081665
2990584
1541659
4388850
4153936
2825512
587027
4169741
273451
3458855
3544923
1852826
2242501
1749463
-1300943
3848472
29230
1055586
179844
1879514
2065001
-2404771
-748978
-62155
2297305
4395950
343506
4412236
4745908
1796193
2332226
1717047
3243018
592636
4143253
989581
108327
-434266
1701040
3189601
1072113
199682
2066389
421086
285548
3548812
-2340096
2308251
3074540
1956959
3651885
987071
1038934
-355187
-404169
-910735
3234801
4590933
729293
724664
2749043
3356621
-1604712
2147719
-476390
2509435
-1277927
-1774318
-650686
227519
-8844
2392814
717319
1273109
4226750
-417291
2168734
1375478
-1317870
-1564446
-2019703
3131910
68446
2232906
85950
-640791
-1416005
4642700
-7648
3491375
3603601
133300
2776308
809209
1889324
2198293
1416982
4144909
617779
331319
1367043
-2296205
-292707
3252266
1509359
1201288
-1183493
-93530
-322928
-1007951
3606801
3162601
-638418
-1814966
4650324
4358815
3301428
421433
-517902
1570282
2686582
4471280
2931164
2621840
-932243
2494198
4039812
2643738
-1039799
4313611
-936715
3784549
1062975
120260
-348460
3295244
4498611
3845696
955828
2897160
4236862
3630121
3140024
1998047
-262382
3085973
3087436
2629291
2537727
2306014
2231612
3033568
93182
-1752293
-486932
4117195
-1069460
2928852
2454777
2761931
2881333
3308105
-622102
-260176
-94315
165199
-1934283
-275601
2156309
2851045
3472038
1467716
-1719215
-763320
738463
2671027
3579777
2692571
595365
167584
2979152
4759350
256208
1577301
2398507
4008483
-999921
-278445
2335934
-245920
935110
2167572
-1685188
76909
234130
1577022
1169637
2308423
2691968
3610017
-1398320
3186585
231741
-12102
-516920
2413650
117344
1193827
-23458
1261030
2686758
3569281
-1563569
4704037
4462193
292734
-1101335
2139020
1398215
1974715
-1052770
2337449
-1333543
2564443
744446
624890
-45063
3851581
3301703
-1939001
4610257
2345022
519273
4083632
4110999
2757355
2199821
-254810
-1843410
-1060838
1198293
-129875
-343119
-678233
2934873
2905074
-829184
556942
4493707
3687485
3984597
-2551597
-530567
-1112328
-794710
262935
719082
3035830
538519
-1453846
-1206191
1855293
2699259
1505788
-1817997
-268197
315578
2385772
54033
4149516
-854753
-824714
-272903
2639156
1129139
2681791
3026027
2003365
3483150
473829
3741449
2768707
4338587
2898897
1153798
-28218
4476312
735622
3886425
2359363
-589675
3742362
4498637
4474277
319236
3805921
-262190
2285964
-1171823
2546024
-798521
-2211117
2474981
2900768
1216936
57756
283782
2262207
953321
1831623
-654154
1146305
-228802
-1476278
-822362
3470946
44910
3857996
660702
-236761
928877
-431424
-459905
482666
3506268
-876950
2941204
4057453
809376
2360276
2483964
171981
-653345
2339195
2423621
1161165
805356
1127307
3945006
-181560
-77043
-1469618
3138549
2287423
3112957
-690060
973747
-536719
771615
1889335
2515137
2868648
-2080656
2544748
34942
2687561
6535
1642982
-534342
3904784
1676033
2092547
2577783
847111
3965360
1295145
3615641
-202738
298729
-772096
2754458
234373
1997062
1392659
1487997
4122506
2821315
3955988
395482
1603288
1097339
3869493
3346624
4644747
3892716
650826
3610155
2986580
2143775
282777
3562634
1190419
2848541
3217786
2666958
426140
3736941
179578
2968148
412056
2624644
83308
3651208
2186459
-44955
1323378
1314069
3601546
-247224
3473237
2686700
-750965
3039563
-113
4529900
-188242
262004
-478031
2226345
1328451
-205366
-840012
1663065
2247913
1512182
249948
3111313
1961506
-2963790
2280948
4287525
396064
-1723126
2336829
-582919
2058055
1514289
2446034
4062098
1032015
2409639
2564703
3008422
-381953
48627
-200301
-1291569
-114524
4377494
-439405
2042883
2713930
2471361
1658463
3502757
876084
-1464091
3197167
1807603
54206
1351892
1099524
1213901
3682008
2539561
3647586
1792467
963735
387717
268855
1694111
118970
3043082
2369912
218374
2927824
3500058
2306859
1992312
281039
3808642
1885036
-932157
-1619745
2038020
3418399
-160621
2866443
101383
4754748
3358943
2061712
1099134
-42419
1784490
2609966
2507025
3018431
2946424
-1847817
2951971
-2449328
1160646
557962
-622484
3939079
899232
-372638
1088760
-1432134
4764225
2435014
3126017
1308979
1286754
1704020
-349577
2310616
1219831
2324862
2945726
3469427
-788276
-248704
2066616
-1147389
-661689
140650
-633766
-427373
-1195734
-27513
-68161
4647381
3502563
1386940
3726694
4059082
2233549
-1938898
2834974
1818183
411146
3168821
3753706
2465317
-919742
546350
921654
2655237
328265
2457120
4265475
2884949
-5264
4904394
3046928
-774970
2790659
-763121
2304996
-365934
-524699
353902
3010883
2750309
4581425
1733216
-1033453
3808920
-1068195
-684420
2071426
2845349
1144139
4503493
1291684
-786129
2585613
-262453
1597773
946115
4338928
526742
-488455
3357139
2953155
-715425
1873867
3893240
-905664
2652750
3229041
-581644
-239405
4393781
1636683
1057455
2972406
2492290
-919059
2575359
5337920
207110
2875976
-279660
2677265
3213025
2761441
-1342721
2770990
2331947
1662755
1598504
139850
-202953
1230117
-1951147
2078163
3122354
487647
691004
2366432
1224259
1881652
1994954
1129293
35941
-183053
2571618
1087257
2846717
1524241
-415285
-301457
650428
2468786
2363874
-2198103
2995868
1283946
-1849131
2485992
7178
51402
3924219
1014776
1788982
3496931
332516
-833224
3696985
1251739
447015
2153923
1373524
-1158700
-305405
1658278
493269
-503279
-158101
4523891
-126038
4372279
1169046
275350
-147901
1954321
3311604
-424029
2100982
4550361
2813587
1158777
-145393
3172107
-1151107
4355976
3214352
-1489308
-1478977
1599746
383444
-1571185
-1797598
166761
1928906
-292816
-114391
3614858
271375
1649478
1554452
530757
1317612
1674538
-1555212
-84070
2445259
2355385
-299240
4203637
246201
255894
2485116
3646115
2429296
-462385
254574
422387
1445027
4208333
-264924
1330750
4152771
2770409
1774824
2153681
3580884
-774704
1393155
-928101
288176
2245249
5031558
248452
1863429
3118778
-1608231
2497384
207735
2393370
-511191
-1306338
4298250
2990342
-884745
1813201
3683051
2445871
3847204
-60191
3331608
-1496093
3369661
2546221
2880556
1120369
-834872
2043549
1990553
1657909
2570479
1954722
2126689
1875621
3052901
-1493036
3320595
2693609
3406168
4288766
-592408
162464
1559682
292349
-818780
2474180
2360426
-787037
1208437
4056577
3586552
3770296
3776314
4101406
404711
1418554
-1717416
2530452
2965293
3922301
629677
1368867
2531930
4229655
-314079
-890449
1041246
2870368
2389675
3280814
4183898
-172167
3828578
3866151
5081282
2454807
1220588
3285756
3112706
648198
-248381
79939
4230418
565763
1518318
-343753
614134
-2146182
2237576
3564640
447717
-405625
3927846
-73112
2555027
236742
3595531
2929862
881591
4680078
681150
-2084384
-2158361
2241175
3002451
3742175
-1385910
-227580
4741296
413381
-230903
-571930
3991956
3557711
3224845
3683075
4053280
1726540
1693578
598073
2744841
3177182
3100532
2409019
594403
1967291
958785
1306603
-965476
-755744
995052
4229470
1651578
2106818
1414771
109352
2649843
-729580
3287128
-1184442
-915198
-1436009
3873708
1541755
-1310896
1336111
-2632702
-884624
-332789
606828
-433683
4330253
636074
1282850
-522334
3118966
-54597
405266
3681979
401658
4286139
2154661
-2072390
-292084
1267630
3129224
291016
2204901
463228
237112
15329
4251382
-1145995
2360925
3860044
2488619
2806405
-1126843
146147
395077
1965399
2265141
-704619
506967
2239266
161807
555
-1161122
-1675856
-40363
354792
-502981
3101183
4355994
4531720
76656
3844645
2701630
4017062
-174927
4185544
-762445
3312022
-195975
2339991
2348335
2004354
1645103
108126
4135301
762830
1196116
3648892
3840501
2813191
2837323
-472654
1242631
655139
102259
-506800
3200785
220932
445076
2092920
-1863597
2949207
2411721
-2112613
3257436
2370361
2211669
718741
2674478
-628978
1586896
-2102343
3164280
39195
2125981
620777
2529304
4203410
1214564
458783
2289243
3853747
-2046388
-1682311
4014279
3844149
-1469547
1483103
3142855
2447185
2264923
-73352
812393
2423184
-86606
3597047
2021218
4473479
220393
1864551
3188411
109571
2038566
2315071
2093822
1682973
3769360
3162814
3695727
3644676
903052
1986102
1265039
212830
1096963
-1022200
-728268
2535387
1586862
118583
2472328
-75050
2426631
4659856
4331821
3153551
66600
2330669
254698
2595193
1808577
2790979
-587574
301275
4254894
228829
1051867
3617787
2406453
448926
3044352
1102198
2926124
1770892
3101905
2247074
353403
-807449
-1524491
2341755
-1313779
2185776
-916138
1002286
3943072
2256804
1503517
2386554
1564431
268084
2823426
-974839
2216248
611129
1643757
1544090
-764619
1593741
314793
5086359
-977694
2643970
2832338
4380266
2411980
939136
557735
1178506
166793
3120662
657741
-1938197
-41570
-2396
4563590
1420079
-429133
4173872
2097766
-527794
-280637
-21180
-1328388
2397069
-156327
-381473
4152681
2167544
2678001
1033554
993310
2730471
1852154
4254656
2971282
2505082
153446
3400472
253752
3074765
536126
-24168
-446570
1863990
1472087
2314320
3362946
1022225
401985
1394203
3643298
2802247
2892000
410101
2235478
958798
-123483
-1319504
4022757
-1606210
1875280
2772278
1315311
139292
19093
928629
1957776
-1373122
2383409
-503478
1837244
317771
2224707
99378
1231969
456586
3696683
-270949
2216440
361298
-1037146
3593395
1897701
1426042
757898
1101692
428905
1659731
4109994
-137527
3623024
-1102256
5019388
2931334
2645627
-2190017
574262
3234351
1615146
3658429
-690778
3531906
2534368
2352096
1539446
2174910
339182
1003411
2114416
440106
1456307
-445425
-558877
3809628
-419581
2541500
3231672
-299645
1244143
3994029
4096566
2691140
1140464
561644
1372903
-687013
385350
2467616
2724442
-1499457
1939677
1215064
1812412
2103808
1580482
-334608
4084999
-440848
2485178
2284702
1244106
446760
2344810
2733491
2364450
3563000
1857958
-1401906
32694
4119739
-150527
3647302
-681125
2282480
1682749
1713442
571726
1140717
1157974
-401871
-470174
1909784
-920755
515466
-1173004
2722304
2290709
878839
3710262
649576
2151130
-107928
-1858561
4542551
3207713
1256984
-380388
-1413117
-175246
1090197
97486
3952589
85702
178767
4176941
397670
3945206
2345504
-381502
3165412
2340907
1935952
3985619
2197916
2418940
249064
2797428
1067965
2407684
584148
1311106
2575851
-35630
-674158
4079520
4817124
178140
129820
4121502
2750652
2705562
1449948
230578
349497
1141669
3193819
-346142
3797
3910780
-536929
541300
2322159
1374017
3868004
3346016
-298403
1097165
673251
175072
1983542
2756317
351160
3809703
-1064892
1817869
1989317
3437853
705526
133060
2408661
844244
-490878
-1637593
-35483
2866679
-61122
943895
4858957
2485942
1731644
303836
-514295
-33352
2879277
594766
-2252890
2832384
1170129
4360006
2201528
3058820
2782633
-32393
2953838
1289883
2387021
2058198
2311659
3948910
2169486
-1882626
3427482
2129760
-1569907
-1134291
-297132
-821916
452286
2220690
4343269
4426904
-270419
2250521
2681286
2383367
1761595
4031783
3550628
226101
889814
131437
2339149
4114678
-815551
1131266
-516718
2120004
4086792
-1278194
360569
2591593
2543550
-146656
3678824
3558760
-299247
413733
-102130
2862324
1323788
-1773721
3870155
2281160
3091357
2674128
-621163
-998499
-248232
1136827
4483843
4160132
2078570
2296990
403065
2806284
447578
1012303
2991305
1192547
3045646
-780948
3347532
-195968
2440977
1050555
2613025
3671679
354792
3719882
2684469
2442355
1892745
4002875
4178336
2733228
258625
1761204
513394
-769082
1754346
1442072
-1787277
4126751
-407783
-1196260
2182524
3693039
-185810
3890212
393685
-1436048
988754
2467038
2728001
-667828
4909249
209312
3370171
4015975
2210372
1214185
879766
1972137
-102182
592941
886852
-690851
2687692
-822853
77126
210138
2110087
2427361
1615703
2068873
744505
2468694
3429275
-387331
-185713
-1468113
335358
2212226
-551810
-2206991
-1028412
3800123
6200
4010218
1854001
1211032
360152
3903247
505180
3205492
-1060386
3498928
2070546
609242
-891800
2471257
3236729
4351597
2117114
1608907
3086081
319224
3585402
5037154
159971
1472120
1167704
-137701
362678
696922
3806288
2416009
1543276
-1783459
1526349
-2186918
4104599
-506556
3013744
-343354
-296916
621674
706474
183080
526005
-1459710
2539207
219956
768655
1229657
525761
2019017
-1620874
2624475
-408512
465514
3614619
4795955
275316
539133
4041633
516699
2422418
1999633
2600406
740622
-1884330
4682059
3035371
-563911
3278692
2876670
-224580
2410083
1562006
2464624
816756
-272095
332381
-233280
161463
382714
-402301
-1505443
3312794
3674607
3012976
269125
1674235
-2047684
4467568
3173074
3672739
2774696
-2346830
-431315
3800637
3583136
2458765
-1548223
-1938679
4691386
714596
-529395
2445664
915870
678123
-459003
3035337
-1842398
2143535
3608527
3806564
2902130
59549
3739144
2389935
4177359
197995
780288
2105240
2683456
1213946
235950
3161420
-35691
-656408
2351715
-869174
1951023
-261345
156422
2170879
-256565
361156
2681606
69643
4705090
-989328
94115
4060017
3507436
-1854453
-752692
-1739398
3998888
2656545
244564
755317
2773931
597655
951693
4639277
-542648
731309
2569727
-30347
-209259
2324879
65362
3341936
-1840443
-1452924
-600752
-2173154
-484110
3188121
-154700
774533
-966001
-441653
1715549
3804227
1241783
1002558
3050365
2806229
4092452
518780
-509868
-382933
3683719
-532745
-983346
-535730
3515641
386563
-1007814
2558251
2537
1448289
4399695
2579328
-447784
3256397
2276629
1342339
-200693
-724220
357649
2460922
-666542
378529
1501120
699023
-354308
-572825
-844458
-196849
581969
-420336
2548100
3672926
680700
3117557
3542190
-1708725
-713018
3857014
-355145
72876
-1416249
2873471
1842274
1444576
-2313213
-1174784
797179
1788324
-407628
115974
3219198
514964
2428916
3867684
-1648612
2241977
1349909
1389190
912188
-718546
-1942773
1073388
-198880
1467404
-794660
615368
1394416
-1240605
904537
3415845
2265490
1669324
1467637
3093044
253357
3368129
-724427
-1553726
-471332
3449940
3272969
1046685
-573786
4003100
437171
1866346
3112522
3710121
-1645111
2934127
-82870
-520589
1987913
2038179
657910
174085
2077619
219759
2444237
2866949
500833
3380862
738339
-173059
1795353
-453158
2392108
3073657
1141206
-243571
-835450
2189959
259541
-24883
2574435
-1712749
2887828
-1448444
3051351
3756533
-1742037
1292779
730420
156601
2018799
1814220
-237465
3370466
2110804
2348051
2542729
2646677
74526
3797416
-1411679
2175792
3236121
65490
-1863196
1673728
320391
330375
3836907
-251974
4109871
3203471
277140
2331209
2665434
958587
228797
-650400
3895109
3144638
437639
280020
143140
1445413
2285240
143100
4510251
1946767
4538164
3292653
-1970969
2231141
-53176
-1450282
305025
483803
-15155
2963359
2689212
3372299
-2001159
-372686
-717384
-1336037
200950
-399320
4354759
631287
-1591011
1848450
-1750810
1910867
193085
3276522
-1812583
-526705
1977931
491680
-737295
3285544
2669469
2150523
2251570
2104219
3793241
-1665697
-126403
3922337
931809
816477
718764
2477646
1946917
-1548669
438108
2499468
2389373
868544
419063
4289334
2611970
-723508
-816766
1977503
-996787
3709286
2682354
1953460
3231971
2665497
-2018698
2519899
1621907
-578963
1830812
-619495
-1305896
4070790
3082328
397895
3187617
76086
1926085
2346870
2131799
1657480
3459200
1496605
-2796850
-855735
3232785
375272
2491845
2931494
2523104
-318833
-271059
2240934
444099
4469499
790037
2345262
4058327
1824818
-108145
2727349
1768925
-851819
4487887
392537
-1891785
3107599
2594664
4571419
2029261
-780322
-1731677
635555
288707
236670
2182720
1641248
1164567
757178
-1492018
1794744
2015405
-530411
136417
3538379
-327612
2561726
-324339
2762425
3110840
-604134
3551999
-285903
4023067
-555498
218208
2365163
3293580
570646
1246504
4505245
-73793
627402
2427481
2344236
2752180
522256
1804461
3162597
3930867
1242431
2936700
356620
3445054
345681
3796778
2851171
376387
1204491
747112
3939152
-1542388
2335949
3564111
-305690
1650242
1192601
1782195
2925249
-1601934
3015923
-449197
3467088
2468292
1453228
-361794
1944512
730744
2223833
3058332
1786769
2002358
4065881
3437274
572316
3604109
3334713
-2020444
2206391
3705857
3329888
3200027
2048161
1048675
1909928
2204317
582182
-462358
4419808
-271273
-2347206
-477105
-2337417
668434
-938991
2445534
4022775
2251021
2174851
778587
1124375
-482740
122950
829888
1737796
1684862
1831942
-108043
2091679
3843492
2134522
-1177660
4339367
3565770
2153221
3478824
-270401
4541343
2327459
3258454
3002499
2752492
285913
334964
223448
-563765
306818
1123521
-456639
3233896
-919807
2383728
1830324
404795
4026117
-58221
-681847
2155448
4377430
2987556
-273850
4969439
-111543
553934
631000
-250491
2236686
386802
1621791
2118241
1858808
262014
3343106
-353679
4580272
1125339
2256621
-2533158
-537419
-1182583
-416204
4043695
-2266088
5020608
1629734
-368978
-2270149
3177567
-170134
2353491
3821395
4747983
4952056
1662826
-299527
654120
2226055
3477858
465647
167364
130566
713170
1691424
-630820
-2446313
-226892
4528251
-169343
651655
1545253
4097597
-1159535
2004541
3437149
4560681
1764131
1405940
-273381
1834979
-639668
20076
4050929
1055238
4515133
-361861
-1330059
739480
2932433
696831
3039092
-64986
-406287
906289
2175977
-711848
2336446
4068760
3093973
2184891
2322375
2469419
-541850
104861
2272158
856268
-1851179
778666
3760364
1167883
1372255
1877281
3164067
2231794
2991689
707306
1665329
2641486
2601246
-576785
-20625
-120823
-1064930
3886157
2238043
2276157
2992847
-943538
3857578
2835733
3112665
-325539
-618840
4203872
-150569
29912
32955
3149365
1654425
1851530
1771704
2755081
1158732
3653973
-989597
1753782
1378254
-1930527
476800
3955239
1415858
2376483
-32691
1914279
12927
-175433
438624
8060
2217211
1593310
1947675
1708034
2060153
1050639
-100901
2140568
1349990
1571363
2805755
5259653
1304836
-537371
3690249
755805
738091
1262467
-357416
4620401
807046
2682990
3182270
-1492149
857713
3814335
2241915
4253308
333080
894744
4080888
1061847
-394097
1330501
3089403
128648
3487763
-769520
2420317
3121875
1418100
4244749
142818
2341536
2092589
962715
-1283658
537782
3985108
2875724
3603484
-483071
-1648322
2453964
2440798
2757068
4232896
1240699
2685847
3317891
3440250
2080448
2595382
779049
2263863
2512804
3047417
-530383
3477647
1287661
1690715
4010221
2624411
-399773
2969934
3377767
3020747
1684551
-1395967
2718488
2141415
3226959
111970
2994524
-1491645
579856
3690715
1456858
3090581
3126559
-1411055
2378600
3066297
320286
948964
1073205
1376057
3121267
868370
4789686
709565
3258308
2963336
1052024
1427498
1784236
320143
2074275
-817206
4660523
769507
2234353
416535
4920196
4601473
1559416
-1628476
-368371
4580329
1625335
4205048
-733486
-81247
1227275
2210828
3499849
-363808
573527
4852369
2992797
432191
626783
4175266
3922299
1483982
2718444
1084001
2640135
-49731
3865660
2920047
3806495
2688079
2501197
-618871
1555087
-1709855
156257
2675046
2968768
3176654
386445
1574131
3006129
-479546
4828188
61349
1480731
4175176
-736897
2847949
3360157
2111152
2818284
3642286
-2366893
2584721
-149644
4837943
2255739
-1186446
-1143872
2280419
239179
-1355047
1433118
4074739
2616556
1601072
440518
551658
1219401
1133542
-69586
-397560
1436786
-2230810
2010227
1857192
1531165
569421
2286869
-1924615
1420065
2940235
735691
-1388433
-804214
3958351
2952675
374714
3090125
2847198
2988803
-323568
3131090
-1069669
1399673
-1905932
317643
2623934
2551834
4641444
4284712
-370899
-830834
-1770414
425773
2039328
4051662
4126079
4254553
3287262
4659707
-625473
1665053
993896
-1799731
-1082737
2891020
315721
-2149778
1228698
-421670
2394693
2461625
-2489515
2969638
475677
99252
2577726
197871
2968078
4142664
4590518
-746304
-184542
1344965
2718141
2860365
-207608
-308366
4565873
3116256
4244297
4400268
443008
4303063
491587
-2361634
42672
4355111
3877623
3026636
3851832
1698746
2501381
-417145
-198165
2072478
2935768
-1608890
-806769
473180
1795619
3926860
1471632
2082327
4013396
-288222
232592
2324788
3090630
-332861
2422695
1980857
2912270
3842913
3282329
1271238
2572123
355240
-245930
-757284
717547
-493104
77497
1694054
1201137
160055
936427
-1447806
568256
4394381
-187164
3545491
1849855
284380
-2361109
-1488182
-221382
310152
660059
4128263
491341
2892590
-444031
-827893
3266077
2504467
-42453
1093507
586652
806088
2970211
3773886
2942169
93093
3930970
-434196
3690051
1334254
3399985
1914523
842219
4392966
2631464
-1196432
242490
-61054
1714537
2388470
3386948
1060085
-768775
2333129
3540625
3337126
2825121
1011853
147864
-449188
2664954
3130068
1669996
2688898
2236129
3874878
-224252
2434541
275853
-747086
907787
-471694
3132240
1682100
-393801
-2260119
1627654
-271965
2781637
3891845
2179043
434124
-239652
305475
392343
-66682
-418326
-613457
-492186
3582075
-69208
3217324
-1532403
155918
57832
802429
3016558
1070412
156830
-818046
3526649
940006
3533455
3573657
2367572
54302
-193782
201586
3810466
1234922
2006425
3894895
2665493
-508966
358977
3544752
1110920
2213898
-196486
2428769
-1605924
448881
3340529
1709666
-1823287
3720317
2278937
2015860
-1474934
3761765
-935975
-1218090
4546303
-529103
-236229
2255380
2072413
1955902
1163656
1419363
-825755
2752719
1673554
-182993
145822
-694393
1256733
3626805
808417
1984371
2246509
-371834
2406503
-452962
1527411
1825042
1646393
1948873
502243
1729310
-198492
1986282
792214
-1960627
2688594
3845879
1900153
2325278
2472825
4152931
-553033
-1458595
86728
-1530837
1288851
2601335
2599501
692048
-486561
-863826
948761
-1229488
2865628
2591983
317246
-184243
2836001
3612798
-1058440
3568618
-965198
1328227
2473627
3317987
3774237
2795633
-928835
-924611
2881510
947093
-842366
-945549
-1374688
4769431
1670597
2312712
2888180
1922980
2416401
2919156
4067689
521789
1715896
2226484
2375616
278121
1442978
-9330
1664728
2184397
4466522
4125916
1179248
718908
1501391
2520274
-536320
3421906
625736
3777341
3714160
-1512865
83991
516895
4154569
232587
2140009
-688441
2909165
2231512
5115652
-934440
3208983
2749225
1226146
184985
4103112
202187
21048
-1114921
-77319
-526407
101949
3265068
-248886
3606890
1636057
-631270
1651909
-286299
3267806
-312984
366767
125987
991388
1366835
2630468
-8709
-1598375
-105254
2444473
1522881
3028330
2442673
1839411
129728
2061090
3050504
-765116
1117007
-954548
-468010
-287422
4341517
2497735
2824765
206786
-66952
3223771
-1243819
-318976
-697634
-481648
4694700
980431
4788146
2384635
4561974
3146677
2636411
2139474
4855616
1707154
1524713
-751097
55552
2852584
2187596
-285663
2762897
435977
1690083
-248800
2531443
-1570813
-378527
1599476
2804336
1343912
1338797
-1702886
65196
1594136
725531
2798522
3343273
-375401
-666552
193259
718529
1357568
4198085
4044367
-260716
2410559
2163814
1931874
1135040
3121403
4038975
-604153
-165393
2557487
-698737
3276260
-386859
-52305
-791680
-1801362
-179566
4037030
3741494
2027031
-166557
3025299
3404361
200761
1824413
412889
-19102
1414149
4194570
-60245
734529
375079
1665361
3865711
34755
2088949
-398542
