-886823
678320
-413657
334394
-1393249
-4409607
508273
245395
2077884
-120002
-310836
-221523
-819845
-2968095
-2690377
-781430
580836
156132
-2111465
-737244
-784843
1260554
-1953085
-2269259
-1453810
-1613544
-4600521
-996942
-147957
-834235
-2896805
-1824165
-204204
-551599
1216617
-1850807
-1743251
-1793368
565455
617422
-237885
-1003990
-1442202
382297
-1279255
1481817
327246
-1257387
1503689
-616955
-847767
-683120
906137
351959
-1235729
-358177
-2546518
-883087
-996156
-60735
-936409
-1729568
-1937741
-610383
-1623747
-1006034
34385
-846159
-215920
-377735
546184
-2522230
1318161
887858
-631676
657818
-1324174
2119858
-1764702
1327681
896875
-1985688
-888150
-1255999
-822736
-883069
-624513
1010011
-2246155
342868
-1632549
-1120492
-562272
1532592
1019926
529990
-1166482
-880384
-606555
-894565
-1102443
-539513
1115153
-1396527
-618954
-579272
1047702
-663152
-2461511
216527
-1634712
-2046962
2264900
-1167838
1341714
-1770501
119353
-1353555
-1162625
-1044737
-1070636
-922971
-1644433
-1216193
-152521
-370352
-5712
1259232
-962042
-1708589
-1133949
-2871080
-102275
-3416623
-1171505
-1299740
-1457684
-232071
-1303790
1957739
114754
2081658
91270
-455084
-2270804
-4655536
28269
-266000
-2137957
-3159462
-1280097
1123997
-1649958
-2112
-1831839
-2732530
1651899
-1880056
-403776
-1075971
-556282
-2076962
-1055479
-1901967
-1403340
-2026105
-3922851
-1634720
-1841066
-2910345
225139
-1008354
-173655
3360275
-1391404
514936
-472640
2464740
-143352
-931925
-1628522
-1693388
-1484760
-823364
-515382
-1560860
1274192
-2366206
118602
310956
-1598464
-4935671
-1588264
-2420327
-588896
1724134
66916
679729
-259863
-1974308
-2692690
-719248
-402217
732117
-286409
2217634
2221975
-1319690
-1111447
-1333846
-336021
-1660590
-294459
1537411
713508
-1073816
2106185
-1377319
-876360
-99719
1163574
1785956
-875921
-507138
-2994531
-151181
-758072
32280
-2332023
-288727
578674
696363
1335211
-237810
1949840
-31713
-2009641
1666531
-219247
-847632
-92702
1017335
1780401
1040617
1026587
-1070197
-1639994
40745
-1191419
-137445
1400345
461945
-693073
-210428
-1209591
-1697440
-278633
-978281
-587423
1196017
574324
-775564
-1442872
79548
-1363101
799480
-814209
-1379963
608470
-4460080
751049
-625017
-1770771
248788
1026871
1454080
-100188
1909443
-2993081
-878861
725132
-708483
-2469038
-490226
-1776452
-3339799
-2399768
653464
1149435
-2167114
-2621470
-82952
-2373409
-1222302
-1904604
-439917
523810
-1061382
1669306
-1922024
-1134947
828074
-117356
-95227
-297609
-1770957
120346
-1990084
-338346
-3974465
-1072568
-1275243
-263083
-3442405
-2177122
-821709
-1493183
-2545842
2195204
-519502
-289570
-1542136
-140999
-135902
749009
-1492109
617319
-976215
-3169348
-1608846
1191238
-1304586
-418734
-783130
-799439
2397508
-2305288
-1745204
-38241
-172209
-2242819
-472728
-564736
47323
1723755
-259623
-620379
195596
-1130534
-2019176
-991784
1454063
-2261030
-2151646
556645
-307646
459040
-422881
-780199
-2036544
-392193
1557791
84444
-1057412
117492
-2644748
-183657
-2368970
1002764
330253
-611505
-1197497
-1487062
-770272
215829
888131
-165831
-2421843
-1827061
995336
-267886
19046
-169283
-1220736
-1221820
1253851
-4262887
522193
373926
-1192917
-980603
-1403192
-607579
-1477347
1412340
-1301543
-1830599
-558404
-2391864
-911105
-1359328
-2103648
-1425406
-191509
-1296733
-1272700
-2437430
-443905
-958610
87586
-905803
738117
-1387414
-2106938
294851
-777375
-2551233
1689398
237069
-1440771
82999
660213
-2525103
1871001
342010
-2985120
-2063161
-2667400
825617
-1710921
-973762
-111171
319851
-1862081
1327434
-1207080
-808293
-622036
-2602990
-408849
35397
1304817
589298
-3174304
955988
1375541
-170339
-2683950
1871506
-2343050
1082763
262969
-1824601
-1077728
1265176
-1955508
-2109173
-496566
-544757
-777160
678133
1361989
313585
809053
-1487445
-650518
7382
-960588
2299420
-1407190
-529162
1120943
70500
164430
-2615633
-193378
-970514
-1617002
908593
91260
-420779
-1719713
-744745
1399279
-1801742
-876721
814381
840021
-885658
953304
-2299895
-317321
-804595
-2370310
-2374100
-981122
-685334
-1329009
-774091
-1218479
-1627674
-1484578
-1064220
-559744
635348
-3396528
-87632
-1745326
-2207839
-2840208
-779108
-1612798
-808453
-811507
453456
-1570675
2004017
-1526221
-450810
-1816773
1293644
82940
-337486
674668
-3682446
-1411507
2041191
-115025
-140671
-3162683
635108
-4174220
-3230397
1364904
-1125285
-594579
-2499042
1654720
897417
-1109584
-561017
-1351880
151275
-551592
1284770
-549276
-446578
-2178704
508368
-2116493
-728908
-2526415
-128102
-2694007
293674
-796855
-1501309
1680773
-385077
1078351
-1431150
-1874895
-1131564
-610125
-1344119
163821
-192472
-1723560
-893061
-176490
-1060300
855417
-39874
-2098409
2318325
-835634
-88026
-13882
-799284
-2162345
-1126829
-2093749
861415
-1679780
-2269265
-1000095
-3063667
992822
-335129
47873
-3554254
-1810372
-2171406
-3702250
-3009887
892898
396731
-591024
366547
-2678934
-1446470
-710573
-2947417
567874
194685
722718
1205306
-3674402
-923113
-1551330
-460301
286136
-1131820
1892209
-790917
-2207555
-3061732
-1549079
786429
1002967
1707181
-576438
2278251
-2253664
-3697685
-97586
159323
-1322107
-493907
-1095248
-2257564
-397637
332377
-725283
-4453
-909233
2645656
-2516006
-2523076
-2728994
519302
-743617
-3145314
-1937859
468940
1020781
-946762
188086
-2572733
-2319512
1945799
321278
-2084944
1830474
-1584004
1531993
-275876
-1461844
-2672332
-1927329
-3211416
-705012
37745
812553
-1501817
-1702633
-2184376
-2281634
-3251441
1855905
227576
335628
834610
-77131
-3877767
-2409479
-1097075
1736574
-2063366
-2555278
1696498
983846
-4087917
1840962
159327
-1550042
-2183173
571638
-852931
-638306
-642755
49157
742438
-2391737
-2220174
-4593805
-1153031
3059602
-800311
1455196
769225
-374094
-876479
-2377120
-3010871
-813552
-102801
-1881626
-2154197
1053494
-1465877
-3067099
-2278916
-656948
-398951
850603
-1980292
1889499
536103
-565622
-297792
-1650189
501313
-839593
-1610537
-1626554
-312615
754146
-182527
-1851634
-375949
-716196
151071
-2514689
-2094847
-1107912
953231
576647
-1734825
220513
-260032
-1048051
-1075668
1417950
-1045063
995960
-275011
427079
-531691
-584362
1756043
-1009369
-695161
-1851973
887611
-2290727
-828065
-2194873
2579946
-1174929
-1612765
-1214092
1001001
341974
-1155077
-668000
-874853
1312601
-695285
-2343689
-1051814
-1568739
87985
-1152810
-1073447
-919830
1470045
-891538
-681012
2157758
-963053
341486
-1367452
-1252655
-1020235
-132081
-838250
-2631077
-1345634
-220634
-1636609
1589447
-1262031
-736202
-747034
-3335923
1164715
-237417
192209
-1709070
580839
-1926041
215025
-309055
635945
-1658481
-1349160
-2267003
-154348
-1936257
582443
-1723094
192965
-549805
1079124
-1289459
2178205
1229595
-462228
-851594
-601345
2575425
394901
106600
-863761
-380089
2054982
-1934332
41051
-721065
-908386
-1322820
-2644613
-3562325
-9895
-789417
-457043
-1168121
-653769
1177356
-274624
2613089
-4434426
475264
-1021288
-1962821
-2105910
-2253348
685466
32741
633711
-2580947
-3017778
94031
-1490781
-596251
647422
-1339344
1915425
609552
41817
-1403069
-461236
-2674615
-1190412
-2037556
-521297
-655097
-1688017
-2760541
-1058292
414986
182155
-2520806
-1486956
2282368
-241842
-1988645
1167887
-1836356
-1130938
-2560201
-1194022
87795
-924441
-839075
-980403
-2652847
-3525833
-773842
-804897
591170
653898
123382
-406484
-2011942
-2093802
-574143
-1503642
-2115402
-2328013
-1524541
3631588
1690231
-2450569
431783
-694778
-2105685
-154245
-163133
-1937641
-1166981
-2934497
-489349
1329429
-590317
-1680213
348177
-1898533
-1843306
-2318741
-1302275
-1754161
-2026449
1340076
1324475
-2593744
-2436022
-400717
-549784
-661130
-671759
-2993990
-1034698
-3401464
277904
-1065476
250058
778914
-2553388
-1125115
-338745
-4392767
-420518
1848496
-3074366
-1306601
-948712
-322407
-616939
1655967
2192279
1748534
-4050872
-417319
-1743534
-1191028
-779570
-44991
-56953
-973309
853793
535330
1107721
-733663
2092482
-1311290
-87738
-604420
-738629
257938
-505701
-1925292
418373
-4199332
-1127934
3863586
-1291016
-3434832
-50131
-2721189
-1821075
-1601940
-3986883
1929502
-1288319
-1060042
493724
173786
-3503377
1118492
-833946
-1524895
188019
-875075
-2750387
-1615499
-948258
408723
2267785
518350
-861782
-1711352
-1298128
770791
-819134
-3369763
-412836
617572
-128622
358365
-1211157
-497425
-2187590
1882953
856093
-468280
1760018
-1201366
-1283886
-3133727
-96517
-621385
-1681921
-1706255
-2112017
-816722
1635284
2067210
-1954524
-1357575
1749186
-1948932
-1352808
-1008765
-252730
-1222390
-2812092
-2276452
1337171
1893088
-519554
-1257958
-2815967
-1286246
-476195
1167425
879866
-262083
-1673860
-1372067
-1774643
1540085
810574
1285287
1261910
1128504
268955
-636784
441681
-1152454
-735959
1722689
-172600
-974777
-1614135
-964357
96155
-3718282
754950
-205492
-2539249
949001
-798440
-1609622
-1600425
-2121308
-1795302
-1695349
-338737
-2205234
-533631
885519
-1702584
-455911
-687571
-835944
-1208825
687865
-1502535
-56268
-2187838
-755509
-2706867
-1032747
1819545
-2976269
-572429
-1232080
1258097
447951
1211323
-1650935
-184213
-2460237
-1598623
-1595266
-658975
92297
-1803220
-1640492
-3405502
-388938
-1177075
-782972
-3029987
-1651382
-1808154
-290410
1883329
-1537821
-893264
422416
-1259901
-1488322
-1626305
-865998
-571809
-428512
-1837106
534361
1082886
-888694
-909928
-1601292
-204154
-1091664
-95956
-1345417
-1613687
-1230866
-3467277
-350053
-1448810
-1375644
-1846342
1203017
244430
1224315
87533
-1286863
475634
-1642331
-85849
-3470895
-911640
280691
-938293
992236
-559479
-483169
-1468938
-708507
-2710246
-1278090
-259928
-619163
-1221567
-1812365
-3785420
-1577062
-2082539
-18819
-1494666
635620
205748
-968788
-1099491
920753
-909832
-596435
-171154
-1361745
2238969
-3615223
-3024462
-4064856
295913
649407
684161
-1846216
-355546
-2065115
927674
-2725384
-571953
-337893
-414379
720643
-2820681
548295
-1720002
-2988314
-1923668
67970
-2807440
-219949
-288872
-808087
-3368451
-1554465
-44535
-2214460
-3585065
1505015
1158660
1410585
-126485
-186169
795191
-2520668
820552
-22832
-881509
50732
-226849
-1975595
-2253882
-2633510
-2209447
410123
-140724
-132543
-687266
-1790677
1145074
-723983
-137695
18926
-1054789
-436965
-1667182
-3462938
-1099588
-2274471
-428275
-3010839
-1282425
-692027
1169163
-1128576
620209
-1210011
-2270273
-249820
-539348
-490419
1280849
1216547
-1364514
-227659
1646881
-464301
-2070242
848279
-841916
-323081
-792807
-2214052
-304945
-2681279
1075420
179921
-2944648
-1788807
987124
-1185057
-3078574
-1819207
2619344
409079
1668313
-1146953
466775
622664
-36692
-1836306
779174
-2260266
-2211770
-3275828
-2090926
-1499235
-1959691
-1526562
2192555
1445754
-1277794
-2345285
-1103953
-847900
-284817
1150451
-463238
-1772174
697730
-2253814
-1880928
1763946
-2187459
-2270915
-454908
-875842
189466
297389
-482816
-92023
-2361050
1010376
1485162
459664
-3216148
-2437635
-1195404
-357518
717106
-53728
-1785777
-1608891
-1453868
434063
-801859
-1999701
1528438
153107
-1897519
490321
-1091595
154291
-1957820
546613
-1272779
87877
-3915346
823574
-3002699
-791860
-978291
-981121
-1773322
-732290
-1749618
-842871
-615500
-1810110
-1568055
-4094425
-768755
-2561198
-1737505
1625250
-778360
477957
-430469
-3141906
-90003
1080385
-3208759
-1078627
-901990
-1989688
-1317424
-168143
-3131638
-1545218
1486138
-1875055
-706535
1075903
2456653
-1353573
1112016
-760970
2585339
-75054
893940
-1042471
615372
-177523
-588346
-1280684
613281
495972
-2415244
-1162992
-3541285
-2113247
372405
1281116
-644532
161972
-267562
1429546
556278
217377
1038860
998350
423857
-629327
874620
-1421341
-1170704
550687
-2345700
-1786300
-725579
-1814278
1351115
-2923133
416229
-66567
-959933
372325
1323892
1278780
-3801158
-1156391
-1723634
452292
604890
-487490
-831021
-1074166
-852554
755545
-469881
-889712
-1092029
531104
-988250
137716
-1559392
222608
-2226432
1312119
-2912370
-3166744
946443
921346
-1728859
45843
1647155
-475575
1060312
439821
-1362114
328234
1033960
-2485787
199795
-1074468
1349304
1142677
-3149728
187660
882243
-1337992
-2338551
831373
-627443
-1737523
-157758
1046886
-378153
-1017249
-896340
-1592727
-3385623
512434
-455452
-645871
-2290767
-1970118
1742741
-1776490
-1085090
-887744
-1198561
-994683
1296486
1704214
-1625069
-8823
-2226955
-2797241
-1448204
-956591
1222909
-1430013
1270110
-3171527
-996016
823797
286904
926701
-3161380
-43700
138336
-963969
-2670988
-1747763
-310253
675922
184890
1621228
-778464
-832578
-1012048
-1130773
-1681419
-1646803
-249535
227710
-1410489
1031182
-400437
-1996462
837491
-604884
-57293
709128
-1109921
-2427694
-1635797
-1743101
225825
1815097
288878
-1175301
-70837
-767044
-3348143
-1804749
-3681415
-1509552
-877040
-2109286
-3493893
-1484519
484135
-4432950
-1074519
-1913532
-3726008
-481215
-963562
-1951900
-2040781
1161582
1132608
2250790
-329898
167886
519255
-1294613
313368
-325654
-2234078
-1156093
-2513763
-459577
776893
-1711754
-1178849
-1240647
-197321
243024
352597
758466
586288
-1057003
3672019
-951454
-1501814
-714639
-224599
-487386
-738295
571318
-1101228
-883707
1957606
-1916241
-375494
-338980
-1286527
-1404378
-992955
-480901
-1547097
-3452636
-688256
-134415
-642826
-901002
-2170327
314586
-842711
-5250599
2946229
-1976598
-3092966
-796248
-1204450
325793
-1972461
-3359851
-283920
1051273
-2586626
-722428
-3765733
-377123
1496146
-151278
-1542399
-1062634
1086353
2372803
-1032717
-1859050
-2721100
-158432
247068
-841068
-1416265
-29923
-531673
-134650
-1870187
-1427028
-2777180
-3670369
-182805
-1372137
1508909
-58447
-1122930
-1021192
2909091
-467990
-191813
-1792059
-1013114
-1470699
-2819559
-1413276
-1671245
-211780
-560388
-1786584
-656399
-2225415
-1040290
-1571965
-265009
-823872
-869829
-1610186
-1051752
-941767
-283879
-594249
-1376909
1566344
-2563595
-2281300
-836628
-995876
377163
-1274362
-606354
-2873209
712224
-2353870
-1901767
-164695
-3039975
1725795
-732149
168059
42991
-335956
-2407803
1292667
-547064
-28871
557920
-2016111
-823043
-2514293
-427296
-1474679
-658274
-905793
185471
-1713002
-1058181
-1578221
-142501
79882
-753790
-1500356
-403634
-2954613
2235689
1601327
-883810
-555388
-466244
-1379255
-2274827
1473016
-291539
-79588
-2057251
1881637
-83074
-74142
-1772134
350602
472537
-1719321
1828112
614608
-427800
2972421
-401351
-895799
-2492851
-1135844
-2365266
2498617
-1493733
670742
-1319991
-2084147
1534920
1800874
-1039027
-1477339
-470607
1308958
-2615941
-949891
1529388
-1453927
-2871522
-2135415
-2874570
-1927664
1088719
-95161
-658537
-1911221
-2809655
-375156
747832
-1491424
418659
-808059
-3659730
-1000264
-1286244
-2675020
-792064
-729820
1864843
504069
-842957
1826918
-959758
-257476
38807
-930813
-1094486
-1018388
-2275141
-2026262
-393883
464454
-637744
1874551
1427763
-1309419
-1216289
-1760798
-7429
-1961163
-668982
-887227
-1630023
-2367586
-1520002
-1603427
-3480313
30654
-3321226
161056
-2636190
378954
-987281
-2482932
-2814008
-961490
438644
1170068
-182103
-537333
-1484279
-1748408
-138796
-1609467
1378071
-2005896
-614412
768141
-1371313
-1674181
-1178509
2358941
9975
-388689
1541332
-839829
-1437974
-1269512
326597
-4513747
-511004
-410039
-2331536
-92474
-1342430
-209263
-665710
-4268101
-255540
-927704
-864528
-219567
-756268
-574558
1852647
-135095
-478316
-856567
-390121
-1324773
1076839
-805256
3163176
-586226
1743189
-1198211
826282
782318
1616536
-1339164
347983
-3090149
-1272440
1006913
-429665
-2349821
-435644
-2479057
-162562
-1679895
-878800
-525827
-691686
-842024
-1651688
-973800
-2411952
-2594273
934071
1733431
731462
-672109
-183052
-207324
-74265
-1209430
-2348456
-1025713
117859
-1898450
-134012
-745019
-2627028
-1004643
578597
870171
-1441836
-387189
1274257
1082865
-485506
-3118164
675961
1355196
-314492
-444172
-137753
-16328
-2826478
-330697
-35322
-855372
-3095162
307589
-665214
57194
226749
-1327135
-4325926
-2641942
-280764
922018
1667855
-841972
-3796763
-485311
-1928283
-1052402
2343012
-1697457
-1025822
-951915
781402
514323
406478
-1237610
472072
-1407718
441513
-632018
-489754
-1670435
-1882077
327347
-2181424
1741250
-173441
330083
194257
1359997
-823525
530370
410101
1367396
-1834506
-736133
940189
-1475148
358613
-156231
-568887
431464
-614736
-195547
-399626
-2195405
-1039401
-1948393
-1143018
-1285525
-2302431
-58818
-272280
1703504
-1090649
-2779573
203455
1050654
497574
-1491764
-2159916
-120034
-1376166
577105
-1328831
-1586998
320143
-1933602
-3563700
-1287882
-779356
554488
-1227784
317559
-681630
-724916
-2020328
-1603765
-1475653
-3418238
-2975143
-3163408
-1081826
776315
73775
-2239051
87003
188142
-2362382
-1185310
-385005
299077
-584427
-1205764
2120236
33115
-850015
189321
-930463
-678118
-2760448
-1194863
-1983592
-2269917
-112108
1432013
-774409
-1437433
517428
1938408
-1753694
-2894568
-1588953
137812
-1656731
-936236
-790839
-2102736
-1114712
-1080644
-2244478
95915
444830
1465111
-277769
-1974168
2822041
-284988
-787878
3177060
968650
-1752976
