1452058
-7218299
-13131144
-10172639
-14708911
-3797205
-14910838
-9883101
-4846956
-15915166
-14197216
-13451387
-4754258
-13952291
-7198585
-5269856
-16494597
-9695679
-16309302
-12990598
-17513480
3942576
-16882584
-3998988
-575376
-4680440
-5345402
-16231649
-17555796
2329289
-8615647
-733298
645126
-1177382
2008607
-15999148
-1219124
2286125
-201605
-12346086
-15694254
-8915671
-18526727
-10122804
-8637945
-10371921
-6972500
2688114
877676
-11797880
3167486
-19107372
-7664069
-12965617
-4894779
-13124612
-14004990
-1697319
-3534482
-2550548
2590460
-2430434
-11151511
4283376
-348537
-9473882
-13447517
3088601
-289432
-4180645
-11661727
-9944697
-15596968
-4607935
-717819
-6026233
2306407
-10142329
-9389907
-13792161
1130321
-12291876
-13538172
-12651107
-18839280
-2366468
-15242327
-7777093
-22062952
1306248
-4642483
-17323238
3395058
-728432
-18008284
-2222021
6680510
-5791865
-6166836
1323623
2322234
-14494772
-2466139
-14347787
-6543987
-5467213
-12239206
-13445654
-1606662
-3724559
1533475
435143
-9730482
-9893527
-2585844
-4628294
-10225593
-15394437
-119420
3589477
-11681169
-10970563
-14457360
-10419092
2623632
-13361830
-12978041
-7808773
-5417660
-14148007
-10839981
-323871
602891
2106548
-10377856
8168865
-10555054
385403
-16166499
-8367920
1566030
-5869575
-11844108
-9054230
-8545182
4254205
-1330297
-166571
-5156948
8088019
3664421
726647
-2493817
-10255758
-11238953
-15286463
4958407
-5964506
8047394
-2114177
-11421695
-14270870
-12276041
-19159265
5074396
1878838
-702784
-130378
-5679641
-16393783
-1146061
-12823537
-15472544
-15962146
-1592195
2172961
-3943095
-7449434
321400
-6847108
-10303921
496205
-17120805
3522853
-11887408
1777518
-14685298
-8105324
-4901343
-12294227
-18013259
-11959096
-15825015
470957
-6333292
-11012974
-3856883
-8302547
-16952550
580767
-6044930
-14952103
-3464684
-636526
-14865942
-133203
-11309626
-5258738
-7230758
-3782981
-8454249
4687924
-11990915
-13116229
-4249087
-19898020
-15491762
-14968824
9499169
-2799072
-12006796
-14769878
-4754997
-3781394
3940201
-14118181
-10674711
3131124
450436
-21683043
-826036
-2930044
-941671
-9310116
-1578184
-10792131
-6707527
-13539992
-2920052
5195869
-18963682
-1323653
-16130975
-2299176
-4807026
-5884
-15923970
-1364801
-15928660
-3164089
-132380
-14652815
6373428
-4324406
-3674216
-13716078
-18679077
-5985616
-8526376
-3256344
-16387262
-12347757
-510859
-929981
-4786059
-10626236
-551569
-1939546
-13381879
-8937464
-18350590
-2482580
-13418047
1505675
-722320
6302818
-6763835
-17329756
-14875309
-11707508
-7635749
3973023
-3394051
-13498456
-1153765
-13365432
-2440416
-5556976
-10902834
3252873
-6362521
-15121655
-13061420
-4091419
6930653
-4415221
4338608
3772427
-17714768
237711
-13659721
-3226546
2731295
-15142292
-10082971
-15489410
-8649029
-14635098
-7989161
762885
-9287448
4975552
2787444
-337340
-14432483
-347013
-13219770
1366075
2541766
-2096976
2342638
-12831405
-11828026
-16687695
-6149916
-4338491
-5441167
-4874378
-4104852
-14376263
-16616181
-4127803
6156877
-15583792
-2473003
-15625439
2315627
-20931121
-1228629
-980029
-5877507
-17653313
-12202293
-5795061
-1970116
-10099839
290718
-11011438
-11900789
-17826529
-904756
-3688835
-13755809
-2646171
-13108098
-2320858
-15152531
5134020
4589930
811159
-4901989
-3014792
5314346
-9206929
