7129788
-6447619
962770
232220
2946833
3315003
-2037351
1615444
-7756512
2260782
-6556227
10170698
-1203671
3288303
908205
136366
-1958754
-177025
-2494583
-2393633
2101885
4112369
-32907
-2515643
-1769951
6053232
2254009
-915475
4873058
3379405
2643747
975717
337333
283936
-1218836
2975252
2626610
-1420543
-11778041
2568546
2581717
-833673
-3001998
2189264
4794933
6383597
3159408
997125
786784
-5608436
-9216337
502132
1414152
7571162
-4581104
4206979
2844018
1256924
6722406
9013924
5839857
6865401
-29596
-3512230
-4827306
85027
1711337
-577876
9644599
7418635
6059424
-2269526
4253367
3456458
-6071945
2868615
1400410
-1877800
-825225
833964
-209989
5207813
5953929
2241530
8416755
10834435
1485781
4315086
-542846
1599155
-1529786
-3728495
1584279
-5799821
7175799
154359
673375
149257
649094
5217196
635010
4221194
-1635600
4122305
-944404
-4100777
-986486
-3529621
-8208008
-5473281
-2842795
9573064
-8350418
6352079
-7861712
766009
3353560
-7013434
1159880
-4994735
246804
1717232
5797422
7656775
-3694622
-2866735
-327732
-78153
-8940430
4966346
698812
1469025
3994518
-5790114
4452143
-946463
-7142363
-143282
-4953764
-3212354
602945
-582254
1662939
3634087
7923766
-7631967
-5152009
1926788
-4802575
2215673
2094649
623704
1147078
3284195
3167186
9203977
1573766
3820575
2863035
3314226
8327704
3313715
-4669552
2840239
2275239
7759404
830155
-41764
-3333412
-520516
-147849
1709702
-464861
10359069
1332584
8311254
-508075
9198839
2291829
6577368
2722305
4024411
-2136690
7533990
4399047
7510820
-1642998
3989592
3966200
4040292
628444
17735
-1105870
-5641522
6118329
-1143787
2181191
8567837
4896739
-5409437
5362454
396774
2184212
-9203783
90460
-6968830
-4351748
1771643
376085
3575940
2012150
1935025
2625052
-2138542
1348050
2482222
-64817
-1890822
1631463
-9956208
-2956363
2293376
2256399
3030303
339094
2076117
6407104
209422
-6754327
5051430
13469623
624511
6287287
2855397
922939
10965720
5640116
-3652733
-5397655
4207851
7844862
-916783
-7023519
4747611
4954058
3495789
1964491
3774695
7075870
115578
-515604
4375276
3249064
-3218726
3467307
-4937707
-6537394
6330477
-1340560
-347255
-2417593
-1202454
4536081
2253872
-1843482
1493644
-945046
620695
-197182
-3087562
2085298
2084115
7660254
-557210
-2946149
15969731
-5734893
-390932
2334237
-5144041
-1712019
-1844755
1251328
1937898
2694504
-2436075
4512816
28663
-3209922
-421368
11344577
-1736535
7394555
1294317
-4842573
2299030
-2036307
-3369239
908628
-6096195
9105571
-1219977
272844
-2381228
5867189
5169374
-5533753
394284
-1246061
3602612
-2574768
-3696170
1442863
733416
2040071
5767908
-918613
2257361
2958026
1661367
-2648111
1042777
-4647571
16419118
1975750
3110290
5691028
-5694246
6096478
4755159
3216164
-9079622
-4708910
3298206
2421896
-5126575
383900
44668
-2544814
-1823433
-4257999
1355108
7067631
1449639
-578793
967395
10415058
5280448
828312
-3575630
4076928
67255
-305248
2106749
666646
-7873208
246251
-289848
6461028
1293481
2816948
3930307
8827875
-1557615
-7163651
3872107
6488852
2859920
4153427
1921620
3603844
-5688789
-1591147
-2105935
2507284
6279851
5380418
-417736
-1386428
-922128
2156509
-102571
2206476
461613
-764414
-4230412
8218994
1120462
1750228
-4810121
10059059
-494774
978232
-3646893
-401697
1067959
1598658
3349144
441088
3663292
-1222768
-4066802
-211200
2304582
1654936
-7575745
-935888
442709
-579908
-1261272
10259888
2227878
1503773
-416322
2992483
-3326413
7288949
-4494111
-6223853
4967028
7408066
3000977
1476083
-8553251
2742637
1799452
-443414
19530
-3767353
6629478
424819
3546864
-1182079
-185535
199874
2497377
-689491
-4164173
5062874
1174054
-1376944
-1257407
-35866
-2016454
-330073
-879308
3672423
3613567
-5549015
3690725
-6813306
618289
-1731188
-6768613
1502991
-2657665
-4090817
-744149
-306676
2772246
256754
8079978
-6480674
-562676
9693210
11563313
8765457
-175218
10477487
1210598
-267488
-645302
-5775295
-5319453
7722328
2373442
6362027
2868797
6820063
202079
-3075717
-4350390
101442
-7512584
1417480
-472497
2130916
-1868372
4332876
-7548812
-854021
8049267
2843017
2049003
-5115629
-2058925
607465
1735809
2127482
-5615312
-1815972
6483738
2915673
-2650431
4894886
2780598
5672442
618904
-6260896
7788180
-5049343
5456757
11081918
-3718076
6032113
-5233064
4368119
2241033
8302237
2859237
1457247
7662026
5037906
5627994
-85893
8294414
-2766736
-4741590
1667786
-337206
7764992
7112872
1190408
493259
1631913
3619111
5131869
1725723
-3054731
3260657
-142526
1088159
276435
-1643078
3083064
-483613
770308
-105291
1381742
-2010483
-468188
-2236079
-2809917
7994263
-2315013
4419204
-8935883
-3933699
6674312
10689097
13827730
2629282
-2683558
2913345
2739471
1725062
6054631
8655929
-495834
5965284
-6724991
-7071974
-3793902
-437677
-6123095
2468871
-672027
835130
2350862
2992593
684808
10808537
-5017011
1057815
1975680
-681769
8161216
-3097664
-2117420
-5628097
-2288478
-3778725
1071744
19025
-3518682
3168579
966446
7753789
3307496
3099837
-7520170
-142235
538176
2308329
8420513
-2089423
-9707
-547103
3215457
3815401
2289922
6106519
-4203099
-4174183
-3304254
4136189
9471458
-222018
3682714
3938603
3244140
5945537
4725647
-3117777
1663778
1316323
-2653305
-731121
-1405539
-6690416
8697382
2870172
-3652629
1632911
-2621522
3948138
148416
-3130219
2337152
1916160
-6767584
-407391
1447352
6984309
199201
2468981
11777282
-4352014
4360633
-1262091
5285068
675009
4381713
13720410
5208
3682561
-4522409
241311
12610675
-265071
-1985999
3592919
-3714489
2676678
-846504
1798390
-1012328
-1231194
1777038
608175
4472029
669600
4599060
-1055895
2189068
-2482556
-859566
2909531
10501343
4903399
6066689
-3936356
5099938
5822995
343253
4957644
-6780783
536658
5057449
-545456
4250094
6827819
-4933967
-275377
3839316
757977
1656161
4658064
9016628
5493789
6355419
-1762016
5924105
-8350250
5728254
-1260015
814771
956807
-590952
-980613
5518250
-6873369
-4108060
-1229366
-214410
-3804462
-5837165
-1184332
7582624
5854975
-6939079
6778884
3758948
-1590050
4524174
3542816
-5486067
-6057408
217881
1360764
336166
2244406
2909906
-3099030
2495548
14416
4719039
203592
2029549
7296854
-6842430
4327215
4358334
5543074
975465
2850244
4782675
337154
1736376
-6454679
-1883655
391871
8146410
344307
6343085
-7376357
-6225285
1630059
-1519936
1396022
-5276105
2066480
4475928
-79571
-3981680
-1598354
71403
6170064
969298
-3484775
4010035
4470202
4591660
-8003555
-1226948
451368
-3567654
2060073
-1420204
-7564749
-963174
-44897
3893801
7876018
-492288
-1798481
-879769
4569947
4779948
3938059
-1674225
-2667835
1427762
306719
11345888
-4160228
2074466
4407584
-4931019
-1270467
-7235029
-2740737
2839701
-4940107
8348889
-5348240
7826309
3047605
4750536
-521730
-6604683
-2034711
-2376578
201318
2938686
3652937
-177902
3928629
2269341
3262906
520492
3606035
4232056
-3697636
-615185
2297084
2439856
2718099
9911547
-15071
684160
2360519
-5609252
-2799344
-772581
10703195
4806852
3849120
5599302
-1349608
3017671
-1783015
943966
5486174
1133069
1297338
-6802108
-984826
-88798
34424
-265202
4090939
4982106
-5945197
4881467
-2512435
2770861
7263494
-1864931
-5240005
10817266
8311094
1033309
-6671353
10138719
3278749
3860678
2179338
3444778
2027020
1158204
3734654
4865185
-7575712
3564935
1121896
64352
-990643
5722689
-4465824
-944054
-384190
6794087
2517321
9413918
11111102
3236125
-843354
-3236100
5568939
-752843
-1564880
-293920
6940821
3196757
-3370756
-2343957
9130438
4882058
1837537
-53861
9037128
-3261412
1033095
2692326
-2601223
-1277390
-13374
-9396554
4564535
3701143
-1062423
2162570
666507
7199535
5781864
-1449991
3840326
81158
4332263
1637700
3358660
2310962
1783569
2704682
8645494
-3434727
771489
3014960
631115
81395
-5175259
10148859
10061075
6746493
172729
-1105238
1494583
2882734
1374710
-2054422
-7123473
1682447
-11219044
-352024
-4246158
3941659
4015165
9868257
930932
1139435
3121165
5482288
3526351
-608649
1857464
-4481131
-2290302
-1245071
5949900
2459036
8745439
-4300626
464446
1107983
870492
-5256053
74436
422795
-2439426
-2243440
9853908
3512906
2289065
1727718
-3501899
-4183306
8737498
1514033
1084652
3729320
-272140
3158134
6651925
5157984
7173844
-9603591
879734
-11737547
2522588
69182
4242979
-2431081
-5567473
3178627
-11046
-7968831
3164666
-6738491
-1382728
-247685
-1588836
2226440
13226633
-15731
1525364
-554972
2732893
3640040
1308868
2331760
5793750
26836
-4162526
8998897
194273
3907693
-4116492
692295
10356840
7725331
-204044
6268584
8381512
6219060
2395698
5625974
418224
5613665
14170771
-4305455
1248425
3100526
8825919
5131960
4963292
7450717
9733001
-1788790
7656580
9276824
276015
4264269
-967769
-388945
-1109933
974170
2811061
5401531
1172346
1748913
8757329
7672234
6896
2191170
-9401926
4144941
-1476522
-84612
2487003
810397
-1776982
-40533
9486597
-2304291
3172185
-8994147
-1574371
2592370
2632104
4856188
431237
1354682
25899
268627
-3395456
8198096
-5351064
-2922713
-1301216
-1199623
-4028968
2789074
1565407
-5925923
1521360
-289912
1408524
-3620694
-443786
-7436538
-3720568
8858473
-909791
626689
2815590
1836395
10486845
4365136
2143418
3737704
1980445
2131334
6420227
-2310318
1630530
-679822
2713218
-245744
-533040
2157320
-6628929
-2733522
-5886847
-626263
305476
2045617
1932668
-1322147
6624228
7599861
-948672
-433265
993442
2514316
2999162
-166250
3420610
3049704
-1353604
1323169
555906
-6555743
5176205
3954138
5245021
-1634636
7306612
-5993317
1225247
4329166
9664076
-948492
2837249
-4150883
10613740
-358271
161541
4612619
-5487872
-6506915
3155843
-2861621
3236709
-1408836
5593608
2209735
-673621
-3895031
2950396
-217636
3340652
3325499
-2136322
-5112753
2912758
4302776
435116
-264118
-2666825
3184177
1950828
8873970
-881213
-414757
-7140009
-4860893
3091250
248484
-5244176
3272215
2425464
1247458
1536723
-1225186
9430171
9079066
-2791986
-364575
-3745309
1840834
2493068
1123673
-1392492
4988197
1950606
-6399752
5661095
-330178
-468264
-1239503
-2985881
-4830010
5734545
2325901
-3560553
-2751569
-2630639
9911987
-5227704
641509
-4347403
2009493
-1700725
6594055
9463040
-1878331
-663507
4083497
2621168
8927432
-1700019
2136574
5725667
-1553653
-344294
-299460
-2245815
1170829
1357029
766914
4203053
-10247185
-1584111
-705728
-3072145
3926506
-2676336
-2381994
-50496
2890582
4205201
3674760
1274607
2443207
-3142163
-2202934
-2229059
-8541290
5692969
236842
-4275390
700053
6157986
-1600013
-1583342
2272808
3574917
-1434082
-9722956
6512977
1015249
3615742
8716091
-2224101
-4206044
-5670872
-907983
2400750
-809137
3750268
9103969
4068761
910200
-5411755
-2671375
-5176794
-1671842
-7665345
16090207
6275392
-45040
3501658
722401
-2751050
-525655
-7973807
9719467
-8572232
4679689
10529193
3130570
1234139
-977448
1550740
-2948561
4247931
2219403
2623528
3461714
-1507262
-991044
890795
8072623
4211785
-5140605
2709243
-2445690
-6220971
4574084
250678
-5400204
-236185
5603012
4637034
-1464046
-10513721
3752322
-6549680
3075294
1362844
4851965
-12300610
-4245718
4457558
-3033512
3189837
-4233437
9683850
3678097
3321975
-1650167
2382946
-6563661
-927074
-1284362
803642
1890211
297604
-2943227
-7210715
-5556142
5860579
2173715
-4455476
-418508
-3640264
-3305560
-8162025
3368376
3698485
-5846344
3919178
-8046895
-614692
-2499630
6044718
3367078
-134922
-11669433
-864826
-2958473
14387105
-1737746
1362229
9638505
-3843221
7117297
-486906
536492
-3321185
2793023
3638758
2644505
6453552
3098755
4427871
4595231
4627440
6878988
834548
1175478
-2920936
5206795
-1429776
2332544
8263101
3988659
9566909
-1466379
-1559483
567346
-5340702
4460291
2902681
2573788
-4423998
-8000800
-326365
-1619578
2154351
-2246168
182995
550413
-2128735
973701
4509447
1442981
-7491637
-3287914
1122314
5142497
-462566
2131307
1837868
7186376
-5003130
-4535662
-1156154
1736499
1096044
-3224924
-4780689
4555573
510160
1345245
-3125278
320685
-350063
3797965
-257368
2083253
-85246
-468807
128861
-6860922
5594282
895426
6226407
1261788
5429460
-4742744
-5626007
2453985
2388414
482873
2997661
2452508
9767657
537847
889952
4756872
-10100130
-3723630
-4371307
-1529903
3505407
3059033
-34125
609387
-4000099
-1250255
4357245
3756332
-9974909
3074692
-8017744
-126714
-519340
-551409
-5715860
-168519
6817069
4895251
4143631
5326585
4202840
-1810927
3671005
-1197098
-3042133
-1674252
2151444
-2628006
2707697
-83696
-7581927
3019383
3114545
10484838
-364647
5897784
4202179
965719
411517
-239766
-2439442
-827026
658597
-1770053
-2998517
-5673708
3415037
2079086
4089426
-972278
8257705
5098675
905408
655404
-420168
-1757789
-8355295
-260602
-3535417
-2159049
6045557
3300266
4454855
4421950
4580389
1380693
-7768271
-1187669
238503
1441215
4896205
-1701811
6095953
840648
1125006
-5561538
5965911
-881147
-2951086
3508659
5758831
-5093128
598498
2768213
10218154
2779056
5019783
-777977
8261798
-6207395
3848559
-810394
7105323
2054863
849281
973351
1910465
3890737
-748031
-1512609
-11099153
4759820
4322744
-1447214
7309194
2530005
8262028
-12464064
2787458
1978485
3162220
-723440
-1708074
-7526674
7701520
1482064
-2736808
1616158
-3929507
1800827
7902867
-2320289
1202327
292600
-1466150
6047340
4967758
493986
1950141
-5173022
-4571887
1879116
-5331332
-538050
-5497697
-3686160
11045329
1985018
84081
1002257
1062814
3648129
-2129857
571634
537941
-7856351
357220
9123807
5753383
-643251
-902509
519810
-2181206
2644215
4775010
4389594
-1130996
4004035
2351201
8907641
-577106
2842649
3588859
-2600677
-940699
2075350
-2018350
-711525
1430756
689679
-7949325
-519349
1806787
4776249
1861103
-11065546
11656904
-5149691
-5345512
-1739618
-2696573
-5157068
9250509
-3935826
3137919
6645671
6592356
6233575
2910106
3955724
-2557764
-1092643
-1915614
-1695229
-5580599
-928201
5804771
3234447
6149518
-4113206
-4082431
11252186
205021
-4575949
-2515096
2493656
1909737
-3188204
-1368876
1494081
3201810
-524082
7040383
8411924
-4939185
767563
-3463522
2570079
3273054
-3331245
-5035387
6296238
-27720
9642359
5129746
-4107905
-271602
-4437816
8558469
1203996
485444
-3466071
684581
3829631
-734417
-2839657
514990
-3786877
-1607122
-4012876
-7530761
-3072725
5983534
-9882303
5507129
-4661270
-1510897
8058844
-3470306
732835
4156651
808501
9491353
2175782
12055470
7979444
-4454829
-3214392
-1217883
-3597665
7447046
-5027137
1497411
-7023854
-2108302
-3417588
4179404
4551426
2098334
-931397
3432548
1375350
1677231
-1211444
2696261
645981
-2146292
4783041
-4696228
3489471
-1687461
1621616
5145047
5886216
-11997082
-5745198
-2788191
-4790690
2456303
1502934
-235533
-950499
-143335
3925510
2314171
-2143351
3734340
-1833579
3676947
5794329
-5318465
5085517
-1119583
2698511
7688847
5352754
1342289
-805200
10852575
-2597738
-6907818
-4606926
1872526
-5914713
-5838637
1067821
1113322
1661868
-2201975
6866303
345096
7160933
-5855906
1957697
1635509
-1597201
-3291459
1743939
-1994547
-1898303
6379521
10030327
6604687
1690469
7695738
738224
4364810
7422062
-1208559
-1103777
-3156304
1324636
3512591
55340
-3693185
-1096146
2142324
3364159
-608321
7293118
-1533851
-4599524
2532286
-2221387
2150730
2472428
-3663417
2210729
1421715
-7263794
3991006
6545550
198078
2573643
3915637
2663351
3146214
544423
1594482
-2457440
12320666
-1707097
-3179262
1558934
7675302
-1511913
1882618
8170311
299964
3796293
-6417024
546638
-726532
-389849
732905
4894031
-5222105
-2000257
13963722
-450714
6007550
-7302603
-1295888
2816119
2453012
705878
1401531
4401076
3377307
11079213
62784
9813147
989303
8982990
-1179932
-798449
8503762
2507435
3041838
2162350
1820016
-2575873
7761841
-9240463
-1718420
-6655741
520991
7669724
-323418
3131729
2373949
-1655949
-159189
-1979530
-342582
2457511
-4792113
787350
4297665
-3700762
-5620014
157913
393663
6438159
12291950
2756754
-1958595
641121
7779482
-8114563
-3946065
-1884692
-1656901
6189112
4697344
7805081
5207653
-793313
498119
829571
2116772
1497804
-4516611
4877712
905058
-1599162
3293642
-2047197
-2148498
8407367
-1614471
3489378
2031976
-1926680
-6080005
669044
-322661
-752876
3534508
578418
2083256
4536185
2779897
343283
2284902
-1023207
781812
2673825
822744
-8046661
-2573139
-2511366
1941195
-537719
-356621
-5332351
7599939
-7358595
952284
4567427
1530989
4133681
5631137
3011068
-803621
1392140
8300741
7157750
-428278
8855347
-881933
950795
2523465
-2325266
593349
-5814823
-5418056
1540321
3649813
1014643
-1085705
541433
973805
1975742
1096829
141658
-2485506
4590559
279986
107211
-2741090
2148614
3076245
3462808
-2459181
1096318
396900
-4651865
-2726299
-7287225
-2390463
-107350
2570450
-236800
1702258
3251777
-6661062
-161310
4281976
-2131119
2262543
584917
-6757964
-1241647
2470787
-1144801
-1354304
429871
806979
4366627
-3449257
573594
4712313
3339979
-597445
1963239
-2043743
-8927761
5834527
3171038
1291453
-250482
-527625
-6430915
1900455
4675338
-1952060
-146767
4324858
-2068608
1966226
-6293245
4257295
1986499
859581
301783
4853473
2990022
3742881
-7986902
1667058
2354570
2016350
-3524572
3523939
5259226
2748649
-2658631
-1211402
3963868
2985093
-6494072
-2824939
-8758483
-9207527
5542448
-469307
7118808
3226859
3722550
-6336131
337771
-4991760
-7334890
9428455
-5890644
2144209
171960
159780
-890154
-542799
-5600379
11402868
3386045
-2861489
1947944
3803712
-6350825
-1875240
3153400
-492515
11633018
6208097
190444
1246629
4475570
3636578
7955659
-5479618
8323173
-2378476
955379
3079925
-5269390
1190795
3814045
2840090
-911561
1586081
-2210876
5091773
1587086
-2556932
3063437
1894038
9418671
3100987
2513699
4044727
2856773
-3346136
3633700
-714196
5199979
-597094
9242336
-3710757
2658884
-1011580
3934210
1349618
-5078379
2148789
4155774
7416353
-5594386
522018
-2100510
800302
579091
-811486
-2131966
1147857
-8891790
-1478381
-2418914
-294833
-2535319
1010927
1211572
1860915
2660079
5161412
4050255
-2850542
-2195737
7737626
875548
-4553497
2015807
8435784
-1244442
2831166
4789790
8878394
-1825777
9824821
3091567
-6753857
-8499998
2958427
762027
3835911
-1028709
2827518
2030021
3998253
-1400658
850317
3990408
2873376
8854374
10791358
-3551724
5626224
2999688
8097701
-853809
7542510
1449577
-3631754
8106375
3143302
1356652
6640971
5232199
2007918
2022488
-4624747
-4469514
-398543
13658903
1310059
2205460
535066
3520944
3688
3678276
-5634329
-3057039
-9732112
1472530
3676798
6720705
11876863
3264615
10721913
3028342
7093148
6143828
-5489934
6088960
106645
12051003
-3324166
1933145
6244084
-6033720
1603694
-1827680
-2124743
12849819
4051668
-53267
1243945
-1011082
-3331696
3230969
11651822
-8170845
-1188613
-560387
2051163
210192
1387152
-4657067
4818763
1219085
-1122111
3495396
7409153
-2614383
5523895
3087069
-5984979
1316472
-996215
1766952
-3018317
301498
3214907
-753154
-4925442
7039991
6837711
-3462086
8120687
11988501
8451973
3346233
2670414
-8645398
-3483377
-7673871
327251
1095914
-4758944
6787469
1901324
5875079
2105098
8070523
1562586
3559363
145852
-2089068
-913943
6214954
3410546
8900642
-590113
10159131
-5716642
3550324
1925617
4583722
4413159
345192
4084153
770877
-5710316
3617837
2416219
1563732
1366910
2528123
-9591510
-4827431
-3409604
4029519
-2931936
-2789541
-1992251
-3950008
-8409480
4499561
2652811
-4924543
-1979079
1709304
713616
-5658352
875571
8662859
665007
3927388
-1105748
-888282
10284707
397885
10201524
-9158239
3146762
-4809879
-8781609
2314350
1472076
-2289988
-310217
1423838
7146195
-897089
-1299042
-64544
4554567
10457196
1420365
8591026
2444092
3716665
-652238
-1478017
5228421
-8313125
2130279
1854783
-3061896
5190156
-4272266
5798284
2188379
4147123
2723457
10083957
3726963
2588564
602249
3224743
2310945
-5126505
10666236
-2161276
3378566
5184679
1454993
-7975855
-912748
-1556393
4032907
683641
4199299
231667
5411224
4199771
1642070
-1751129
-5604139
-4812739
-2763133
-2636746
862258
-318426
9483297
-4508987
4224220
1985158
3877584
4237183
-868349
2003373
484513
6782719
1567861
-1375724
4299760
2883758
1119447
3117107
2849402
-2436401
7050031
2440762
8561888
-5091952
2170341
2409268
-3487328
2605522
4881250
2522874
-7604450
1017088
-3103929
960528
49253
-7284333
-3194616
-4845896
15035931
-1843215
-983724
-5496985
4994057
1973290
12896120
4450297
263151
7204816
4137683
2423280
1490591
283863
4531911
5468036
192254
-6050536
-5110944
-204372
-6794837
420801
5097959
-3701760
-5568892
-7237584
-2834894
292577
-4504354
9676132
6615412
458913
-6099925
5434119
5283474
7363344
3347736
-2232713
9888261
-2857779
-3493291
-3253013
-1844281
-646750
-332470
1254705
2100772
3179681
9739715
5703863
4019641
1887091
-32399
-8922987
-6092865
-2481644
-4948524
-4347704
-1216146
15422904
-1723308
3081708
1051358
-5568890
9865193
2854809
-780078
-5295734
-3441823
572771
-724172
561931
-2855719
53497
1357747
-440801
2275918
-3263182
-2161756
-1773990
-5232061
3913813
1914506
-4150841
4083760
2116270
2551572
894121
2223233
848748
905595
239821
790727
-1864963
1878173
8290136
6420301
5645068
-3656716
-2783614
-1730603
1133113
-286521
5329716
9557375
3482012
6088932
10214036
4435390
2770269
3119283
1269983
-6836654
3700921
2853906
5714375
-3340347
-43635
-4046808
5443203
-2272706
-761623
5848587
9331949
-3578808
-1708180
-56503
10331245
1389001
310317
3187777
-7995916
317093
2064871
720935
6127850
3133955
-3304478
5702423
2977335
3611163
130784
146921
819379
3135527
-3315572
2494339
-684015
2508201
2005264
1355344
-22871
-4513033
4723954
-4439370
188361
289296
3257929
-95209
-1617215
-4360745
2799543
-12653460
238768
-756935
2837188
938234
-5307431
-565535
-1041843
2054227
-6253373
3966957
1883418
3972563
2258720
3072082
1312850
5543653
3835245
-4168961
-2590245
-4702170
11471419
-386364
2853665
-8990804
7151661
-4023052
-5653562
339192
5094429
-1279701
1619130
-2037740
-2641234
-4780403
-767460
-710824
1137024
4269940
-3091765
2375369
-2834309
-719882
6802783
8156202
-4190008
2498979
159413
-1543863
1372656
3031978
4838145
-1692332
2578057
-4830698
3791987
8059724
-3345870
-3944649
4491976
1189387
6774905
3472805
-3991236
2227947
-5426572
2820079
4978488
5360730
-255
682527
2171096
6037041
11041589
-6330548
564540
147295
-5221659
-6962657
1585174
-358779
-843045
-2337611
-3869373
7179759
350274
2004625
3908996
5718193
-796974
2440132
1790820
2548016
-2352980
1150028
-384175
-4027651
9149357
1221924
10262112
-1315981
2723093
-572322
2994485
-7242086
5758756
1437851
7095426
-4284855
-1572538
1035326
-4108454
1944228
-138034
5829342
-3694149
900276
779367
-442095
-3400947
-11226419
4030638
-94575
127213
-2082877
7668292
-545622
969084
-1519596
-3578326
6370670
7564413
-868813
8941525
-2358465
9395372
207103
-3391664
2874976
2048928
-5802191
1793023
6914424
-1682678
-4612972
-3141228
4151745
5444151
4058821
5684333
-3338837
1153627
4719593
-4822414
2427280
-81526
1913258
6395901
-7786091
476864
543289
2315454
6638967
4288820
-1605299
4165820
1546643
-459626
2044829
-124583
-3923408
-2508281
3000092
3332327
1054351
3248311
-1716367
-3273793
7316966
-1134009
6688533
1190627
3654460
234841
4533788
-5748678
3414071
-3448341
-1215292
6974310
2454032
2667063
2606266
4309767
2275948
5008864
703878
2941133
-3997917
1570695
4880174
-3322362
7937155
3018919
-3948724
2868340
3680672
-5286505
5270673
-2674607
2852883
6141681
2703458
4594409
8143147
-6787386
9551655
238276
1151888
4327046
-3401346
-1577452
-5458613
4453650
628034
8824725
5765670
4495543
1714231
6439470
-4704012
3970460
1098913
-975236
9987403
-262508
-1409771
-2228375
-2271021
2099936
7427971
5520847
174229
-305508
3191107
5262455
1843455
-916665
2438586
-3144200
-1192234
4328752
-200749
3611299
2803999
1827695
-6250435
781443
-1293055
2620080
2590811
4855384
-7815861
6853184
-605126
-4643673
5160761
6477153
13662279
2962651
5555347
3978132
29615
-5492909
805608
-2159877
3988364
-7371324
3308820
4298670
4430787
3604200
-5403949
2005195
-4733313
4854184
5161859
2186855
8559671
4005869
-5080795
-330611
-2965732
-641567
5624495
12063404
1999111
-5527085
-4876231
-2772406
-1987527
-846251
-3951820
1521723
2297960
3862719
4492014
4611676
-6775573
3449975
-1538475
-4658189
1461102
-5994515
1171108
200531
1837146
-4815931
-5007125
34805
-5544045
2533476
-2922606
2084733
3796385
7102426
1201168
1432484
7049907
7543515
524895
-1172748
3665414
-4808002
3442524
1614218
1799075
-255392
4328242
2378054
9625459
-715286
9769340
7214836
4199298
1955653
3785514
-2481431
10841030
-612943
-2701134
-115911
4546189
-1169951
-5360357
4103780
8324269
1073208
2816251
7068648
-3224763
1292456
-1891572
2873172
-4780168
-753673
2565433
-2088403
2928211
973306
2264789
3730621
3967842
-1189118
-191662
3234679
-936599
4441702
-4349825
5597653
3704749
2694804
-12338228
-6569686
5539885
2240691
5209300
3488198
-2609672
2173174
-363589
3745145
-3353472
8049448
-1266127
85492
1601832
5615465
700123
169784
4641629
659041
-410897
7474554
-5166699
6748533
619286
-1115079
3864234
491770
711364
3200309
1725777
8086562
11888508
-4778632
5151465
413425
-2127787
-2239418
1465117
4073463
-552449
1353926
-1381448
1112176
2388671
-737944
1703140
6465101
-457491
-2221523
4988968
3198859
-8428851
-1443955
2251850
-595904
894084
-2004769
-8143529
-2930443
1819626
590489
-12531200
-3926709
4107460
8258244
11955873
362443
-1482901
2877605
-389461
-2249184
-6013074
-7194287
8567660
-6899890
5376939
-687125
2262190
1185373
-6423787
-63940
-896722
-3656523
8725791
-2011210
2158906
-1581560
5372410
-4080151
11434201
-1842896
-7017185
-3240529
2967252
-1537149
-3187702
3947009
-255348
-5024980
2999686
8634985
302901
1668520
4789127
1796701
-1790472
1446114
6358115
-5740743
-4026328
4181519
4257555
2174167
1126117
5013259
-2790452
-668158
11367468
-6423274
911701
2219437
373524
6061246
4280086
-7875541
2558153
4744353
68939
51001
4246321
2548591
259271
1782769
-1228021
-3181141
-5340538
-899989
-1601257
7471358
-4000647
1539470
5203554
-306180
4178895
5007590
-3052366
-5142062
28192
2877127
321997
-2505420
2406789
-5748008
2658951
-4838701
436610
574405
-1742537
3573008
5167341
5972021
2588438
4538035
-596989
-878239
3648949
-877001
8523243
172337
-4903424
1292232
150188
-6248035
3134881
-1711098
2140622
6332584
-6522578
-308341
886035
10797680
6212064
6279644
-1551341
10308737
6889827
-7500168
5151615
10179747
-4518946
1501103
-5288821
3895961
-438459
3353698
4443360
-483140
534839
1331537
3828866
4277192
3820340
-9929771
4709746
454778
-1815326
1811830
2480251
13129003
386556
-3421486
2108920
8009567
7103463
-1487500
644963
-3598013
-9602208
-1078787
5751267
1972742
412151
-1985026
679398
10616617
3747112
2348274
1296564
2855171
625224
7652681
-3396422
5319352
5772543
12378975
1338105
2666965
-530750
11800424
-2558113
91031
1291889
6876712
3980106
3710475
934028
-2774079
1379087
891964
-4519261
-4041669
545552
-7930067
725419
-5125746
2067969
4924219
5331131
381139
1413956
-2139014
2380333
7977952
388985
219307
1599321
237440
489266
1074605
4919279
1285696
3925977
4826439
-4053059
9957380
5097949
1247648
9290441
-1387434
-1600507
676780
-3601881
941784
703668
-586452
-1914792
2736304
3281308
-470448
2259967
-2493309
-513935
1452956
7126153
-408217
-1392941
14089844
10128271
-7424742
4787398
-11465162
-2518768
9074695
714775
-412442
-1697865
-4240724
-3591362
3058790
-1597134
5417706
455937
-671386
2215943
-5955519
6517389
-1659585
-7165669
-10015252
12149932
11728949
10575358
2495495
-135963
3759040
6380187
760192
5091742
5988658
93801
-3982168
-6779872
-4973260
7945839
7171441
1128119
-4183809
-420810
1430840
5994652
1859704
6055643
-3739498
5413107
-7061266
3410210
-1388768
11578286
-3009867
1665968
-258332
-485838
724445
873078
-683582
145531
238421
-1009751
1565346
3502513
-4394732
49824
-3023627
75041
-1322054
664684
4621269
-638854
-3956631
-4154580
2220857
2588705
9168277
1445477
3440360
4169241
9381026
-3994819
-2536705
4802157
3061165
10039269
1250495
-4189892
2639793
10251065
2119534
5097595
2128748
101000
4291157
-4253272
998036
3516934
1619654
-2383772
554018
3583380
3073944
3171209
4477803
341928
3243979
-4174153
-9283980
-257844
7728171
-1523733
-9555
-4289690
5534431
3408310
845801
-1654009
2274829
1170243
7643975
-3784186
-1960663
5336518
2896137
2122635
2542612
4556383
4382721
5142412
-423297
5309572
3632366
353325
625222
1163406
4767157
4842960
6096561
2911577
-4396593
2662815
-3343641
-382195
8504520
-4966889
-7083242
-3154489
5829339
4446301
448771
2564588
7752559
-3595991
2028123
-7471233
347896
-1604549
-364011
5044285
1163003
-6539643
-8069161
10129317
8062911
886504
-394168
-585419
143644
170188
11360461
-512366
1360174
9048310
-2854108
1055802
5144110
-536715
-2223656
-1173697
6487403
-5901431
1396365
1305085
685458
-8702690
-3769170
12006557
5011859
1137852
6247612
11312830
5814874
2136307
1705800
-2147105
3494586
2126864
-1668361
3659971
8993514
7197399
1505416
5204260
-909747
1867582
-4803621
2214901
-8898393
-5064342
658274
-1045546
4173006
8405920
-2852230
8798888
3908698
6160713
-211445
265014
3177313
-1412
1740093
-4103242
1889388
-5679415
4564592
3747807
-1563474
8107971
1159347
-6457947
1544485
3613677
-2073476
3034803
3040034
-2993781
-3778953
214629
3699900
9420537
-1671823
1255461
-3101680
-1757843
-2775675
-1449547
-1471923
1237401
-1209811
11921525
-4532248
9895546
516372
8314277
-671495
-6062603
2236590
1433255
436616
-1381114
-4007625
3947047
-1173714
-591504
2226939
10170696
-1398778
-2241918
5969891
4345647
-8001003
1695067
4822617
-2697373
7147826
-4272877
-346641
805008
5345106
4046072
1217159
-2085510
7222987
-1924282
-4600070
-5369918
11493227
4617806
841147
4337974
8598650
416377
9884669
3511993
838446
-5944604
-5594284
-9762690
1413934
2612064
1585189
-5863490
-1898373
-1892021
6882677
-276044
-7407864
1212214
-1375101
-271985
-3182509
3381429
2704606
-182872
-9732440
-6077419
381204
10687019
-2770396
1917111
-4910371
1403840
6139485
1475175
5392488
73602
-348247
-3092418
2852937
-2628164
1364916
9253107
3862491
3603233
-7521298
631316
1451424
-300722
6669494
3979164
-1206281
524750
-1164407
814069
1986478
-1169142
-1182051
-6090932
4899754
4617005
3572394
6320251
-5805370
8251023
1460365
3728567
2798103
-5136411
-6799379
6862935
6380669
-228319
1124654
8901658
-3868616
906213
-397041
347552
8795355
9160216
2577620
643778
-6396923
1563516
5976091
1910687
7589360
-989623
-2676703
1370408
3952400
-5772594
7130210
653279
3531954
-858416
7248854
2346764
-584096
-2319003
4032658
3025844
-469663
3221033
734986
831515
1816563
-7953715
4836250
8949952
1366748
3850957
-4426141
7706552
-2678733
-573608
4052036
-574531
-4514681
-4257271
143243
-658584
6129777
2869832
2941758
9833563
660459
6988366
-2451383
4953858
-635265
2802314
4447818
3156905
10272813
-3904691
200188
1610569
1867111
3849647
4630040
-3554287
-332362
1860196
880950
-2528193
4603158
3993702
794575
402675
8951612
2940131
13243339
424404
-77110
1168519
1437195
-5950032
274675
7460711
-1935909
-4974412
3750418
6827106
607627
466853
2589901
-563455
2474065
1626875
2611482
1206836
7533231
-1385345
-4367900
-1108324
4554979
5073214
47547
4433016
-471608
2170319
5269723
-2650784
4144572
14379116
7038072
-643326
3133278
2169303
-1200855
5034453
-593154
3171524
1498748
6812485
-714153
-1430487
-6017937
-7295516
286319
4990647
-1243416
7200222
834354
148261
2643385
-3457355
1952851
3211652
8125166
3178392
-2972935
480809
2674701
4598735
-1500847
1505999
5665686
7850903
2417149
475232
5056381
-665119
-2976002
1495018
-2780206
6700924
5602914
3947529
-1816072
479560
-6070054
3051628
-4876600
8371897
5292841
-1125630
2047963
187504
-33964
4126330
-4904858
-1094464
2873617
5242067
7817870
6543506
-3196383
2999483
1016592
2012042
3214424
2403455
3832218
1016167
-7309206
6003210
-4236363
-3663189
1823228
-2701434
-1716610
98663
6806211
4893241
435807
787441
5624226
797584
1203103
2847765
-3453833
318219
1845724
-12541929
3131738
-3612966
1286886
-2490907
3635685
-1850908
3662546
-498536
-8242322
204944
-3316131
-685123
-5243367
636
1718567
-755652
-2005040
-335510
-4320627
1179126
178748
13025753
-1647029
-290919
481356
1012664
12282433
-974967
7094043
-4947401
3651685
-1566794
2054876
965528
-3815070
2710589
-2633442
1308518
7437193
-4279512
-2291415
-6523608
1383834
6171801
-1745673
3847960
1135908
-950875
-5376021
6800594
-1432823
-2661788
-4919166
-4519240
2023445
643401
-2731132
1414675
-1516970
4501707
5559352
-464763
3150984
-1353448
1754202
553670
-3046801
8280398
9102298
-1324291
1280350
-1666577
-7019
2204046
2427976
836266
-6425976
5329022
4778035
-1380142
4285799
1026506
443633
737160
-4726158
5821515
3893617
2748989
-2780564
5695224
399044
5831424
3917700
-829818
3760603
-7284317
5196023
7919669
1568523
85622
-1915137
4572068
9150130
9833557
5114128
1321038
-652389
873256
-132618
2420976
7453708
7243666
-1447545
6004138
3683714
-666369
-6124588
-4316349
5808866
822493
-2807647
-4269946
-210398
3458227
3878860
-1644239
1778619
-3726580
-6786840
3997816
920671
-528639
-9463257
7023106
5728607
6162373
1176826
4714005
-173637
3301801
2230977
-1881716
1523884
-5267318
1966388
3503934
2784438
2760397
1912591
-575406
4039709
3563212
1343124
1738369
6707589
-6630314
-7149837
8564737
-563816
1186766
-1868298
-1110996
-1329428
-1804876
-5409705
-5485625
8047127
2422753
4187039
692006
29755
-1623457
3258599
9514553
5184231
3852842
8514089
-535794
527674
4116947
2282580
2969575
-1033785
-4863792
-1249742
651159
-6679445
2062364
-4562831
504131
6013784
-13165488
2961764
-6626690
-5462819
-4756627
-244450
8354165
-6887849
-6417839
3803926
4305096
-2564701
5918098
-3929729
-241110
-4117876
-785568
723292
-5157813
-2217053
-4596841
-219177
1391097
1452585
924864
2769918
-2095138
592112
5030965
-220368
4146969
-5165049
247745
5107385
3156727
-6081203
1387891
3783234
2209985
845140
1168199
6455442
-4161024
-4425699
4513138
3309246
1946177
2253255
4628816
174175
-592892
3897273
-6350515
746721
-4905917
707496
-351625
-4224666
9303418
-4828163
-210279
751375
335933
3497390
-2085621
5445731
4712525
-3839591
2875044
-5858342
4422954
869505
-2743192
8220118
7417922
489780
-1117977
1103905
-935973
101602
1218881
1897848
5531509
4914883
550031
8862124
9954289
4484588
1776053
1576271
1899791
3326739
-5800703
6916252
-263450
1580420
-8289088
-3415413
-3907204
660086
3066499
1162254
-2312868
3713396
-7345159
4192325
-7513766
-1949437
-4047301
703644
-7119723
-2559799
8422419
-627706
179747
1696290
2534682
9400917
-1506944
-886533
5217128
-1298984
-942721
2873901
3987623
-7594539
-752990
3656160
1273222
2339407
-46964
4922476
984965
43930
2216107
-3815046
1393334
943901
-10596392
-4482123
5928307
10518287
6615438
2240823
4594320
-183919
919395
-903915
7944974
-3210911
3336767
-3389368
8197804
217286
1423816
3489179
1238045
6885876
-1932465
-1644096
102795
2958350
3056047
8196568
2297280
-1816190
2446188
559047
-4469611
-635558
1634263
3831516
10204521
-3806527
4017694
581712
666321
-95453
-1963522
-691946
2485320
-387479
-4872933
2912029
6720957
-2433735
-5342341
667342
-1475258
1228419
1401741
-3127303
292387
1210907
4640232
2211867
2813131
4824143
1023007
2978812
1313192
-722859
-1080773
-7019086
-4959559
3608825
-7318460
-6325372
566625
-7954498
7528686
-2472726
-751812
-6809091
3640494
5074601
-6112546
2919742
-936530
1311973
4938323
5763707
1571045
-645123
-837177
1606688
1872997
1180455
2096998
-4273186
3160916
-183318
-426902
-1365965
2418763
-9564142
3911387
5829688
-1332464
2338630
8558561
-4203169
1956522
1881218
-4422465
-1021371
675481
-5638717
7086312
2250276
-6607944
-4675613
-1721672
1338225
-3086801
3887348
3394700
835728
-8517190
-163726
9495596
955748
-5515115
2800006
-2501484
3617805
615880
-6152636
7331921
6735207
-953078
-1709800
3947717
-284094
4092623
-721328
1056599
-1028708
3278435
8700484
-1346883
3823338
-4639043
158194
9541529
3277656
-260017
10717391
-4988166
55095
-1535006
-488456
49584
-8541863
1842738
-2057446
6000195
2693405
14012725
3485774
808652
-6433974
1445391
6899644
-5360625
3085944
1339772
4260966
4094425
10287507
1233286
-1815025
2501402
3335797
2534126
-395232
-3512807
-5101697
-7807978
-44235
-3158114
448687
-5118318
-3695256
-9077740
3217382
-333607
2106629
8365456
5185247
4403196
-2835106
10658041
2099005
3349059
-4456495
-2252853
6968605
-5642242
2695869
-81014
9786
4234505
-2127815
623586
1793854
1314990
2149864
-1926559
1484047
6094695
-7066312
6935081
-460408
1284270
-680294
-1917382
1045735
462981
-380787
-4066997
-3635656
8159953
6134767
-124173
-4570920
7708256
1211603
5471620
10832550
-501243
6443407
8422706
-100766
-4629081
-209579
-1418249
3886323
1238466
-944137
-707093
-3840984
-3207576
2239565
-1089679
4578622
2924920
188770
-2509464
2109771
-6113596
-2143104
3274172
6983010
799227
2931212
10453421
-8238336
-4323715
3086402
-1139937
11599362
-895331
3491018
896574
8107827
1503467
719726
6292872
1050179
2994334
31916
-692109
3024937
-1154338
2206315
7502119
4620172
-2363072
702052
7225741
4576334
-127591
2899718
752485
877289
8919045
-2274760
7069020
-2327135
3633530
-534368
1084373
8699510
8917526
-2889275
-4932169
1686796
-2475988
5823524
-366889
10915340
9345198
-3904089
7722489
1384652
-4976366
410038
3656334
-1134575
8402467
-2512256
907543
1095144
5731038
-6192396
3779256
341789
6347133
5158792
4384225
5898002
-879739
9183636
7472856
-3518820
4448601
-1035552
-860540
15160959
2796513
1305527
-750506
2669944
733291
9059372
-573228
3447987
-2960122
6043336
-747186
-540257
-638750
3676626
2147158
-4998663
11493779
-1679808
358466
-3303290
4231952
-630463
3584447
3254813
-5222272
2125056
1505195
-118178
-1118549
2594310
-179093
-3335979
-6181113
-5129169
2410941
-581539
-637639
-2312212
1688344
2237943
595595
308864
1768604
2550990
-9729033
-1930958
1538768
-1590734
-1062448
-6843969
-4153343
5618891
-5262683
7094001
9147987
2735884
3032796
6074729
-692344
3193437
6967439
-55896
2832108
2622102
5119278
776012
-7515781
7997221
3725880
607488
-2189465
-1463404
-5567938
-8047205
-1108842
-87092
4579003
-7856858
688861
1481530
-292401
5582823
4961835
1940768
2163459
3772435
505288
-6387740
2186298
-507185
8673392
-3065282
3325522
-6278863
1569495
2579297
2380075
2027954
7678278
5993695
12011540
1377377
2799681
5090725
736817
5097773
-5985315
-4137555
-7311956
-4824143
703805
-267344
-848626
-3022418
6503106
1778409
5288593
-2528435
1349856
833655
5575795
-342755
3899224
-3723475
350844
-5212340
3587170
6497272
-685013
4797121
1728153
-92768
120637
471366
5318543
-6410593
-6470410
4730420
1286814
2049661
8914325
525472
8519903
2872103
-2631977
-4272511
792175
506254
-1117506
9032417
-3057212
-12260295
-1680119
-929049
-8132058
878857
1616776
-1487242
2552158
1823395
2309780
-3487448
-935123
-234962
-1497228
4635439
3628578
662229
-2655544
75800
3011881
2529381
-3360662
-5435368
-8486065
193248
5042536
7537109
1596410
4055889
166970
-3905738
-101370
5619671
1480503
8481751
-3115147
-2247735
-5184317
3965842
-7865731
-2148262
-3118983
-5002243
3869066
1537082
-2004941
10129070
1628178
4294518
1102051
239484
-4905723
-479029
753255
8955850
-6558323
2961333
1878328
2385318
3431047
2122459
984428
2257912
1962732
-2005863
2045635
1724726
2881435
8716533
5803706
-3814123
1780964
6783649
5571472
1125194
75471
-2358367
3139723
-3702821
-2580131
11391064
1005122
-2491635
-4273136
8567261
-2952805
-1799130
4858461
4934362
5955910
-7780385
1828569
2302939
-2752382
-535097
-6358678
-5501889
6061615
-646294
-6984985
6441668
10707448
-1513069
64971
2227019
1624426
-2564245
3877890
5182438
520859
8227038
66389
-177550
3655405
2840789
4272120
-174071
-5906353
3004288
-4481956
5218881
-6102286
1225855
3976778
14975105
383571
2694078
-353494
4865776
5789298
2530344
-6092109
1696990
-1978947
-84825
-2575768
847701
9482712
3768400
-3737179
1290524
-4542546
-923755
3458249
8460591
7610360
5336675
974716
-846985
640178
1032943
11060544
1494446
680399
-3499390
-561703
3255998
-2343883
-423428
416539
4909602
2576176
-4359119
1816360
4401652
370010
6909967
-661564
-5030298
-466277
1614803
-4293768
-3610910
1526113
733618
1796653
-251068
787516
2279704
-2277375
86540
-597521
2969891
-628109
3699100
1854078
-6592261
1010480
-1100731
532277
3589088
2203220
-1491020
96602
-566628
-969788
-5948543
2454753
1882791
560579
-7140634
-877891
3400335
3395589
5564241
1862053
-10528828
7519802
-656068
3964530
1001497
-126935
9037308
12694909
-1642837
-7225821
3668843
-1162811
1577906
403443
7195131
-48263
-677400
-2251463
-5460219
8490039
-667121
1401044
1341329
-7212989
5570918
-3290687
3461543
-2219116
3792974
-3193695
-3337843
155072
5165263
-6610840
5067203
-2559881
8898370
11156510
8531741
5604716
1087221
2516037
2423390
3157106
9522608
-3906832
710621
3944516
3762310
3352180
-2155600
-4376833
2317459
2270025
6297641
1053827
-1290704
-5241038
955796
543038
-1743926
-441580
-235329
3614552
-5629814
-6711924
4938912
815069
-2501293
-1675955
1517076
3592953
-4137144
-1543409
-4300087
4901859
11094198
-1790382
6622765
3108157
6276775
-1525171
6820126
3364370
-6569544
7931809
136558
-3877715
-3985319
1533879
1797135
-131260
-743766
1580527
-1987993
2080855
2250806
2210361
-5725420
-3248064
-1146283
-253852
-3782217
1275671
4070375
3750266
2085888
3755330
7574367
-436120
939237
7405607
-10387752
1496549
5108780
-2147516
-5257241
489509
3040615
-4474194
4363475
-2250556
-4172798
-2849637
-9094529
3673354
451789
637393
2197101
-7055812
-3060290
11115077
1609508
-1566776
-9369701
-6031738
5626537
-8859751
-1412838
999707
-7120051
2236523
8226513
512980
-6515474
-5007885
-1815527
4240082
2420081
14221447
5141629
1035467
-3643646
5254268
-8241811
6951232
795567
7189413
3224464
-1589460
5572601
4082612
-4117857
-1954493
-2351140
917167
978290
-2384223
5298329
-6017797
1453683
-2706736
-6611011
-231600
-129816
11735555
3377575
2184596
2213436
-8323967
-8673839
35986
2368920
1910852
3993701
5685230
3018150
6370005
-2497430
2418187
-2958485
-6558748
2264545
516724
521300
-885743
5826651
1217133
834289
-5060500
-1779392
1763300
-2745433
3675939
-4874844
-2045428
2036693
977556
75682
4433746
3234792
4971530
3475545
-6077808
1809791
735807
256666
3664737
2192368
-1974033
2357780
318399
8167702
-2271240
-6450176
-4167829
1787638
9808088
4184847
-5960080
1688034
5731872
-1068985
-4747966
1781427
3652912
345778
2491271
-1152025
-1580274
2732160
1574916
-4485021
2500380
-5345148
5998292
1774549
-1733163
-452704
-583308
6235927
-772495
6032826
-6101558
-92404
-4089930
3305246
3304156
-3153508
-2431272
-6148717
1776188
-3147883
-78031
-1283184
8282807
2948255
-2966273
5567120
-1174782
3506336
3488086
-8099493
-1453603
1387125
4081968
1216262
-5596946
-513408
2573209
3095642
3070523
-350533
-3782077
10090073
2687191
2613105
-6622283
-2180121
-1339768
-1288023
-2423182
8064259
1951692
133030
888271
8446750
-597607
-3413677
-1235328
-1462165
-398383
-4719909
4823324
-3221238
5504606
4723680
-337841
5526980
3873743
3178832
6882677
-427407
2982729
6375153
1213383
-2101386
1935577
-8013406
5148432
2389508
2822458
-401802
495728
6416525
9701682
4132257
846944
5363843
8529581
5015266
7160321
2990047
3610627
2633321
-8106962
-42902
2321130
495248
4720630
-3385286
-2771754
-6599
-278049
4259611
-116390
6404374
-8819429
4032853
-392042
7967334
2726940
3941651
-3090436
3207000
-1260069
2571373
1039771
9315665
-640056
11263546
659115
4414410
2218543
-3663550
1640306
1217776
11895759
1757928
1742924
234223
6654139
173702
-61252
-857803
769672
4829737
-3025502
1435378
-6056905
1016119
-1026840
1786911
-223920
1545772
2303564
-12438631
-2627577
-1171627
-337636
7831568
-3693101
-637312
-968183
3145174
-1514525
-741962
-2587901
-2502028
2240900
9962286
2665737
-4153119
1766069
7787726
-2229248
-3471555
-4327247
2287609
-94769
-3758250
5872851
-4593847
56788
-1296362
1204005
6114115
8182610
16596337
6822946
9868307
3326006
1203240
2654185
13462813
6124340
3174311
-1537559
-8687750
-5432993
-2460522
-788257
5304072
9988073
5878
6316168
4379707
1495140
123442
6239222
302168
-1382706
-2884889
2336143
4395646
151434
-282955
3315731
5188997
-720615
-276119
1682279
-1364194
4214812
1156766
8014234
-1216252
-1055253
4115575
-2425852
652263
-1057462
3637322
265955
4983251
-670179
600859
366007
-1464093
-3994100
-1452617
1416280
2650536
5211701
2570833
178603
-475785
-524861
14711400
11530196
2467304
8957603
3943401
1359420
-1085688
4949782
-342028
1175728
1663244
7849609
-2193300
-5224489
992578
7440206
-646846
-922383
-165637
5082
-7184063
-7221327
894062
-6114128
-5570053
4116997
1935344
8518495
-8585175
-272193
332437
2797849
-6299354
802723
6879449
7727920
-2608327
5624971
-4504899
1783080
-1553527
2531973
1680155
-1720408
682386
11204869
891030
2988772
727742
821119
-4470707
5292286
-2616607
-2453139
1543390
-7291947
1567049
-415123
2425021
5820812
-1310165
4023667
4144778
8768504
-7716126
1233059
7986699
3401428
10869150
3473412
-1748082
-991921
-1537679
-751567
2298022
3760845
321971
-7797638
1655873
1605412
-2552768
4356330
-9573799
-116088
2332749
1041093
1730441
-2527171
486227
-2799286
-10809477
7479217
-4505071
3309555
-2271441
-211853
1566760
6440062
3988276
-606669
3445232
-4866706
2958224
7149275
-2873512
491840
2650657
3065173
1821881
500651
-2946017
-3867384
2265785
-46073
2219136
6967051
2307816
1094000
-2294054
10887218
3861140
-409060
-3419937
-391640
-670988
4563127
1043965
-3322924
-2806909
-941299
-4543852
-368089
331183
1047757
-2677923
1394983
-3249533
-6012388
-1061398
2759877
-161083
-245521
-8088911
4161844
-212010
-10544261
5368016
1548935
-5182759
10549298
-6865490
3787540
2381934
-295205
-5147861
-2091866
9212951
3103022
-508383
-12742856
2006274
-603368
1379774
1220073
2182832
-1455183
-1147187
1356903
3297434
467825
501174
-1122029
-2671091
4086250
-2266069
4759199
-862971
1636091
1231094
-5749440
7578414
-276449
13067433
3576664
4217304
46523
-5474365
-4720138
5873944
-3172513
-1300893
6181173
-2529061
-739408
-4431816
5917134
-2998261
-3995533
52183
6346744
9195694
-155796
4955070
4886316
1530908
1911384
2153057
5366295
607887
-4761445
5918634
3342812
7215802
1027421
-4694810
8849391
-368064
-6507339
1168290
7694402
9492833
7066306
-2427677
378265
2354471
9235195
1274355
773487
146608
8406750
-639861
-5085046
-851815
3768913
-11793634
-1374823
1914924
1912078
5461284
1646064
-845650
-7234178
-4511488
9244387
-9022580
-1140907
8041547
335300
7209213
-1078600
499947
2639976
8849129
6331766
-298176
-5882664
-3246397
9276119
-1568261
4751532
281922
5900714
571719
5284908
35347
-2265531
-5685265
7994808
-3016188
-2477641
1709396
-1732964
452545
-1853392
3832650
2407333
3287610
4277925
2915372
-7325869
208941
7640782
10591259
4432711
2048268
-362801
5284797
-2165038
3824739
4456070
8422390
5118163
-7354229
-2273049
966634
1638768
1086694
41269
1685223
-2687110
14461456
3287289
6083052
3043962
2119193
-4605534
2405217
670962
3289698
7839950
3865782
-3685322
-7148718
1443506
3827350
-3441735
-7365936
2769978
-1638709
-10553319
4755242
11873831
-2066324
-4245906
-710322
-1853292
-1739650
-2185587
-1097396
-5100567
2840278
317182
5542540
-5097973
2953006
1873687
2348833
-3877309
-4040680
9839373
1794528
-5657142
4456043
1349391
3388944
2428620
-5888531
-726253
-4034404
5462515
603500
821152
5455533
132337
5283917
-1446752
5677421
2192640
3779711
733344
-6125853
-4182250
-2939077
1462419
-6955408
6556607
113418
-7808723
3018880
4046078
945132
8370501
-548959
-4697192
4871147
-6116494
3739490
-582340
5970993
-5127766
1750518
6139786
505868
-485570
-5355294
2912877
-6090411
1958914
3361443
-6413522
26388
7933998
421393
3777012
-5343104
2468798
7559192
-2511048
10855017
8153809
-2930633
3219111
8888147
-3236940
532227
3744229
-2634401
-2187427
-1519994
-1589384
1702498
11754316
-7803588
-6420617
132073
-3746974
-2122146
6557094
3346149
2633395
-1297797
5659599
8379267
6198668
2585746
-609824
1090895
221316
-7976857
928469
11405354
-6825969
3739817
6946370
-2414367
196622
-2852626
-442997
-6121197
744049
1997579
8037037
2018924
3010154
4099199
-5509607
4786498
4033763
-2110157
1832149
4454636
-639248
-3300449
863842
3679791
3641886
1248486
-730137
7348877
3182631
-1302052
86928
2529282
12469038
4407390
-9224677
-2723636
9171622
3142774
-179500
-2129126
1314278
-3401054
-1236628
-3737734
1273780
-2316971
-1322233
-971561
4990368
-3325132
-1679517
2427309
830950
-127094
1288668
4680725
-4110912
134379
-2030941
2834940
-5320978
-4104550
-393129
-459548
1322355
3424376
-6855087
3998253
1570490
10862408
-4147700
10764697
8962993
4258066
10286944
-2411572
175163
-3070964
4012565
-546608
1635523
-6990476
-1899181
4109208
9374
8225326
2603509
-569302
4110574
-11393034
-6361651
-1686535
1029010
2129171
-496678
566861
-2398857
-4018413
1777608
2233668
-2896626
4689733
-5125699
5353120
5545289
10142194
14930578
-2413549
1273177
297692
8291938
1370009
-4896798
-4028887
3596917
-3814695
-3933883
-3745548
1785014
10334451
-2525615
5259564
1632726
-4141577
9119636
242575
705175
464379
2917581
3779879
-834767
-6470422
-686398
-385033
-4236024
8067143
-3552872
-1004116
-2767986
624624
-2893253
6366534
-5011364
1511243
-2644853
-216512
-2280099
3758412
1096558
426557
3724015
927767
10276036
-970692
-5249327
-2746235
55730
-3733513
385629
4848894
4917115
-60005
2566614
2891513
5692354
9652327
159643
527576
8142672
7349392
3112512
3898146
2712519
9637038
9407049
3638691
-781050
4819463
3558895
-74186
7220965
3034677
5541129
-3213718
11099055
-6389127
7176398
-4496976
-4444267
2735507
962378
2581275
-1383579
-3810729
1037290
5516443
1946317
1454972
-4618890
1711231
-5085538
-3120005
238805
1038086
-362793
2647220
295056
1967916
1678943
4502283
2558062
-1995685
-3023175
4784190
1509969
7810241
2172823
-606408
3871529
-2411699
6377959
-5722321
-4677327
-614925
-4037438
1845668
-3245760
6665249
3154729
-891063
-4275410
-1149843
3398239
4170249
-310872
-4021859
-3179835
9387686
322599
3033452
-926421
3696516
-1925433
3204174
3060567
5800952
4146111
5660670
1359650
-2964349
-50448
-2686538
4308272
-1241144
-448105
2976907
859497
3356471
1477649
7621307
-9130305
1571154
11288062
8447471
8234104
-1868198
2045887
-3673331
3816159
3922293
998274
-2605134
1205608
4653832
11184705
598391
1086640
1686741
-7689180
130889
2273823
-3452511
297780
2431394
5033923
9273131
3344484
-3457004
2265077
-8032606
-1738037
-55558
-1650156
1769327
-1470519
2492463
-3991672
-1439764
-4727174
604774
-1231957
3821961
3634684
-6977345
2932354
3646524
4084879
-5476904
1557979
662781
624161
6966822
2550512
4475133
935462
-3737312
3426847
4687533
-3807177
2256379
4637578
-604027
-5011825
1066132
28044
9926475
-371591
2139904
-4720710
-2342226
5986792
-535586
5324185
936970
-158658
-3758634
4057303
-1035298
-3754785
3930237
4258146
-1319351
1606199
-6151709
2273106
589399
-5141346
4219963
39629
4647364
6851795
-2107713
1906759
-1953143
2450304
5414962
2440222
3407120
5982451
-7956765
-662032
2679242
-2141036
300082
1898450
2192772
-5585084
-5231329
5119491
-1519252
3048798
-4234883
3175136
3154342
-4001
2087004
9802004
-2140480
1133814
4247334
6156647
3390983
-1649820
15763399
3819820
2355222
7148421
11503636
349674
350163
2088530
2064479
8425238
3540703
6107847
1843334
-796677
-2954777
7889771
3003174
-522802
3986521
5850379
10300444
-281725
1610915
-302578
1943066
-1391247
8926496
720305
-597276
-11546505
827024
11416515
1615502
2911263
-995829
3198731
14243003
430462
1211291
-1655783
-1204903
2270366
675779
1481833
-5524309
-4895132
-2327600
2477476
-5075109
-4861124
-3680698
-5317596
-6079909
-4794609
6147036
7517694
-3352914
2713992
2921994
2723479
-332438
-907026
7047226
5188647
-4321113
12756304
-3693280
6902168
438287
3200915
3754913
2675015
6358051
26492
502282
-6239363
9156361
4890277
-2688027
1670114
2825430
3853207
-4357633
1832121
-238343
3208599
1598287
-3811960
2795716
678949
639877
5402851
9641247
3240647
69396
-1581335
4012258
-3115165
-2262177
8262370
1693500
3033808
-3974724
4721637
6367452
6283334
-7531355
6663860
1979747
550552
-3934284
5905177
1285085
-2282490
3222730
3473606
-7061371
-4924132
-4292120
-4253349
3764300
-7114900
319696
-983943
-7865221
3778012
-5716869
37796
2197256
3969220
1425439
-171496
-7810658
-4636176
184243
1187052
1953028
-137443
7695303
-3124247
10476152
2382154
1079208
-2590066
2002129
3628191
-6157820
-318656
6338911
-5564139
11176850
987765
686860
11266138
6525294
-140927
1960455
-719322
2309782
-1278226
584580
464663
3928998
4688870
-313985
1060703
9759297
-4848337
3565974
-3782625
2320808
1810616
15757214
-1971846
7162654
1911992
6611801
4204833
-5284406
478954
-8278180
2638257
3251603
1005807
3244728
425569
547531
-4996606
-156103
5494457
47127
1087754
-1346489
4418858
8928699
-1862238
-1305212
-343216
-1085743
-1244347
-2343500
-2002721
671326
313785
-2639617
248107
4213260
1713320
4663077
551304
-1110665
-2318242
3339776
-4183895
1557669
855736
830333
921311
-451685
838040
374851
6584458
759419
385809
-6106515
-366041
4587482
1586292
-4067835
679788
3812812
-1223918
-3032443
6963414
11811265
979466
38600
2333029
3509245
3348984
5779785
1162208
-3812931
2603450
1941149
519808
2760140
-560145
7994531
2862605
-11183405
-5114823
-2086495
5090733
-1565989
-1677299
3924456
-7041
-875259
5415706
-7582029
-2033241
-1894341
5175693
3418517
1494366
-575441
-526551
-590015
-6609834
-6183725
-1576824
-2399309
2828787
-2692124
1986147
4924387
-1693668
1513659
4272871
6055879
-349485
8810986
8016578
-2048235
-1259927
6984377
6013040
3935265
2945088
-8571185
819458
-795677
-4025924
-5744176
-802859
-5303275
2786038
1189966
3442350
1085482
2885120
3610117
-11240532
-6112452
-1172826
-451769
4967181
-2526190
1829749
4013197
4670646
1150657
5397386
-1026035
-5167036
1955397
6309942
2725380
225236
2606482
-9071512
-8238309
7554507
3304331
-5642740
-2301761
8934841
1189333
4063775
5405530
-3611188
-2442993
4091906
2333788
117230
-1289654
7488834
1094280
-1685800
2148445
423497
4004650
-8515024
4130225
-811504
3020422
1324730
5699359
5726755
-4618166
4641778
-6752977
3644017
-1477424
319346
1098708
426697
-94427
11265126
5162902
1706596
-6449381
6836476
3315867
5928843
2415192
-2135472
88158
5029970
1231639
428956
-1167372
-4413531
2339896
1036389
4898391
-7810388
1086033
-1232724
5328065
1705509
10302607
-3273106
11928896
-6275534
-4748982
3517055
5374458
-1262790
-4584005
1141032
2388210
746448
13691575
4375407
1169623
1227627
1100151
-3516005
-3961497
4815747
-2481170
-4716553
3587088
-5340938
1972396
-829876
1946195
2044348
8645415
-1982935
444065
-7376805
6895788
-2769328
8682282
55191
451885
5289657
-756045
648196
-84529
-7614843
2243982
-7714132
990202
3152422
9166458
-5985347
-8469652
3450897
-324249
1003106
3956682
-3858777
-1306605
10837461
3565048
1866963
8256523
110421
2953151
8098053
1730024
8147973
7627612
904082
-5066319
6451164
-6982908
-3284811
-522822
7755111
7826776
247871
3566302
4710331
-2437088
-1195799
-6902845
-712308
5193743
393103
-8805
147137
4045203
5231759
-3952737
-269446
8811335
-1472267
2386779
3651396
-2377719
-1855167
8313617
3290373
-5369254
-855802
525435
3520844
6094696
-7015160
1611619
1679744
450359
-183100
7505742
-2919189
-799207
-1299852
-5134974
3291659
9451434
494317
7326080
-2445452
1165498
-3571985
4621795
1303651
972315
1963234
-777432
-268417
2352143
3071830
1274341
-1322929
5322689
5428234
1308715
3956297
1911646
2570580
2519854
736442
1380623
-4776721
1490394
-2825025
1587557
1485966
3336394
3097706
191152
8053862
-3216006
6714698
8041906
6356309
6067172
1636507
4357015
709536
4215902
1327997
2758362
3910378
2298327
-1677386
4701823
7025017
3480897
-146860
-7673571
4272345
-472564
-3650482
-4755852
1852755
-36777
10213151
1399655
1997964
530318
-7443424
720730
-7193299
-3516219
-4788789
-4136372
2166193
2242950
-102031
4679167
2849614
1401312
8406736
5718839
-7253097
-1594408
-4945675
-222324
4628765
-250346
100525
9340345
1433923
-4487383
4126719
3715721
-9202909
11276378
3837182
-1342350
2180525
2208419
3875046
10464156
2376510
787892
-4144292
1373209
764082
3396718
2003350
7708242
6251957
-3152691
-1953426
2360494
-3612095
-3784807
2385123
1096429
-6362223
-451634
10136491
-6207372
-2070699
-2511886
-7199184
2180681
10990655
3552331
-1112478
3391555
3991523
-2990317
5180781
2274392
-403126
4440572
-454840
-2838764
6560055
-6616118
5421753
2517304
-5383424
1683997
-2330282
7900247
-1895750
-2676175
444504
-1103708
8908918
-1083315
-5250586
-2206949
627147
15669212
-318980
-2414445
-1017731
9285198
290190
3597859
5884659
4418161
4797791
4899095
9180139
1553352
554178
-3973938
-10434164
5481035
2005824
1948924
-7229023
-5482379
-1198257
2227037
10367467
6100634
-6737200
-271824
-4652860
9451921
-4623843
13249459
-3324575
-3373839
1671513
495949
3007862
5887205
2227095
-7136060
3272865
10838730
1133301
-67464
8425409
746819
9324071
3227364
8217103
-1165829
-941239
5809125
3544368
1789660
2276686
-3638551
916166
1411115
1318290
-1131034
4150713
-10910378
-4288519
-2851003
6437631
767429
-2056847
3389742
-1412125
10447121
-560576
2011134
-1497472
-1029270
550374
77139
1562210
604209
3451111
230572
-4437280
-7002371
250620
1289266
-90694
-1460907
2096781
-2271438
4675984
-1583017
4484443
90585
5066532
-152183
-533947
-5006847
1858697
3483329
805567
7125032
-1350788
-1771510
-5482766
-1345560
1046327
9455251
4223753
3420044
3723505
-1538903
-5835841
8576500
3061133
-6125601
1550236
-7844641
1853913
9039833
-142197
-5246229
-4330525
4213096
3822879
-2207852
9260898
10350862
-1857392
4910064
2334552
-3810295
-5154274
2597747
-4640108
4148043
9762975
-1348620
-6558879
5102252
-3492394
2063344
-4351948
-3760790
-4072460
1224300
436843
4643325
9360549
-585022
4035041
-4787740
-3539228
-2970190
-816936
1602010
5800359
-6909700
8170134
8676849
-4958963
-487504
3354282
10074651
7471591
9023173
-261370
-5046392
-694552
-500519
3614661
-8066187
2428985
-1566186
1373465
4463174
-4673526
4923596
1363107
1821016
5098683
255667
-293946
-61027
7689094
-2045641
5662121
-304512
-320528
-3198019
5657661
1714796
1723651
5853224
6790425
-1830447
9979153
-691575
6647015
-441118
3156398
-2231925
-1515113
5085648
-3328026
3036717
-3620816
6382116
11111906
-1405164
354347
1093911
5566378
1122865
-1625606
5946429
3389737
3723784
4819943
-3680878
-391974
917874
-346651
3790391
10089543
620211
4473229
-6149989
1063308
1803957
3499818
-1820029
-4496170
7934741
4485825
3214521
9197957
-34591
-718750
9935936
5356698
2974896
-1020806
2317435
2368283
-3313454
-579213
-2921701
-1073368
6340532
7514374
3108670
6866593
-341587
-1936953
-2474040
-335355
212824
4382695
-56869
-526353
3818089
3856207
330781
2185008
-8223837
11276917
-5973720
5261405
-949849
1213224
774659
664667
2967561
4030805
5042420
-3090436
-4465982
-1706773
1795577
-5410857
-3773230
-1286247
-9371795
3074732
1451014
944551
1101051
4110724
4179391
4049974
-1937402
-1281289
7165996
2552821
-7376037
9915412
-887273
4615589
1674962
1172054
2714725
2980150
9044302
-767360
7817441
1617204
4937909
1396261
-29241
-2848341
4772428
-1440167
-905897
1343082
7314467
8473980
3149803
3646996
-5135308
5862777
-2988203
33624
2633441
653671
-662601
-2204852
-6257920
1285719
-8281416
1472366
956067
1093906
501647
8644576
3018913
-815168
3447247
-10053723
2159183
9533566
-207900
2031201
1617210
-927863
-3946910
-350232
2470409
5159219
-495205
-135215
1929763
35458
-1701716
1293917
3405720
-3822689
-702531
1704956
11277398
10881222
3961537
8689484
3861686
-1261577
4175432
-1323908
4930551
-5615190
207964
1635290
-2973119
-4387033
6586348
-4562893
2437861
4119362
12374499
2458112
-2464530
-664786
1368928
6125355
-2609690
-3148926
4175103
292023
9207967
295242
2154141
8910573
