847545
1728728
339130
193221
-1204289
-2827937
-4155283
-441292
855426
-1543804
-500224
2384505
-4376896
-6422323
-3025100
996822
-663999
99546
-781142
1897330
-4439694
-3585292
2087962
-497254
-2683892
1884503
-1294064
-2357497
-1660662
-4695944
-2623728
-921784
-288910
-657779
581281
-2165398
-4482391
-3093183
-2134981
1858586
-365042
710293
-58780
-2507190
-2933499
-6214078
1548292
500182
-4195382
-4648191
2324782
-4147029
-4059949
-4874030
-1995271
-2274049
-3969886
-1870535
255179
-39401
295380
-5210230
-1077854
-3522496
-5631849
-925396
-1532799
-163704
-1597497
941297
-4455801
-1319051
-1427142
-4295165
-4376174
-2378558
-3337371
-1342509
2984481
-3475435
-3533030
-3941554
-2451748
-5148730
3249057
54337
-1901651
-3147329
-4448800
-1366940
-1168519
-3155794
-339397
156549
-3666017
-3280822
-4161635
-3268481
-4429542
-2484109
-3964795
-1031505
-5315385
-2353935
-3634969
-4888195
-3491058
970768
310130
-1274578
-4551133
541561
230283
-3109955
-3155314
-2789641
-2690177
-95662
-1839580
24489
301444
-946692
-923577
469996
-1649489
-4944460
-531961
-1187714
-5642913
-1312382
-3041675
35094
-5238949
-31408
689035
-1934928
-1399765
-690154
326374
-3012997
2135514
48153
-856559
643771
-123373
972921
-4876617
-1885539
711113
2024246
-2571523
-4394382
-572764
-324916
1170606
-3048306
-371965
-1817140
-6257106
220803
-1305190
-1638125
-5102472
1165275
1618947
-737069
-242132
-1924475
6766
650774
-704904
138257
-3726304
-2911407
-1844556
1140959
-354784
-275706
2029505
-3952021
-1071119
390957
928753
-1069767
643668
-4748322
-1095307
-3601042
-2362416
-3722659
-2478963
-3685150
76511
-917770
154346
-2798524
-4355633
657708
-3716289
-4586558
-4467542
-3421391
-2469368
-5756368
-708715
-1252359
2697170
-1517120
195451
810719
-3614082
-4683720
-506206
-141363
-3188307
-1060189
-4124164
-2286185
-295803
-180739
-1049729
-3720600
-3941699
-743744
-3038533
-4528182
110880
-933413
-1750841
-501722
-4701024
682105
1618066
537441
-3082441
-3281582
435374
-120702
171518
962106
335544
-4120958
-5107511
-2611845
-2477191
-3701253
-278164
-3919666
-4326315
690565
-1987804
-1092364
-4974949
-253153
1491414
-380820
945578
744987
-1313983
-13565
700357
-4349661
-144119
-861607
-2734362
247773
-2796341
149620
-3529534
-2873070
-1551810
-938540
2139849
-1395219
-5360826
-2946748
-3012071
-698779
-4086735
-4758661
-3910608
-1535856
-1310644
-3038258
-2463848
-1877565
-2895126
100133
-339518
-4787872
2627816
1692770
-2904378
-4437767
-343989
-2453856
-3464596
1850989
3567469
1899146
-4009827
-822170
-3483456
-829588
-1553706
-4257948
262955
2110784
-102407
-1225844
1097689
2274714
-1328753
-533370
2347178
-2407913
-3658067
-170235
677894
-1922383
442669
-238531
-4409487
1943130
-4120446
1687912
-1844186
-562192
-5718909
112034
374209
-1930296
-464630
734611
-169283
-4617753
-2095437
-4538312
-3962613
68394
-1681573
-577644
-3164169
685270
-5291358
-3263319
-1808502
-1763748
-2613886
932339
-4510383
-2626914
-851022
2325594
-852270
-2940525
-1569493
-5066689
304062
907288
-2759718
-531731
-4199957
-1488989
155901
-4921397
-715837
-2200578
-3262821
-499510
-2886134
-1339472
-1045165
-4992738
-1245006
-4874093
-1749236
-4453879
-661592
-2511731
-2661287
141194
-3260064
-3225703
-1052532
56880
2435867
-1780922
-2497233
314188
-321402
-3908634
-5060108
-4658176
-734074
-2551677
-1812554
-6381000
-1605381
1183151
-4938562
-1157887
105524
-2203168
-3540803
-4205627
-5175919
-482236
296160
-2614316
-3799297
-3891937
-3004296
-327709
-5205914
-2974974
269329
-550611
-522083
608232
-595072
-1681835
-3407957
-221168
-3615211
1089372
-2488284
-2708306
-4629422
-3716006
-2532338
-3573589
-58093
-4181456
537319
18246
-822140
475138
-1316496
-779873
1275835
-3655812
187805
-2486485
-338501
-2867556
1841432
-2654765
-6420646
-423045
-2909014
-4642713
-980538
4145
-2120949
-593438
-4541690
1031403
-2633947
-339784
-3308130
-849767
-1644033
-1831434
-3062044
-1838201
-4602789
205683
-885790
-3391499
-894654
477895
-257087
-2124149
-4040958
-1676442
-4017132
-4774903
-1266299
1005814
-4825661
-1157035
-1489663
-2912018
417978
-3456272
1769122
-1743135
-3565201
-2921326
-1783311
-1010899
-794968
-4473082
-5282440
150826
-860612
-515538
-4352199
-583620
-6056359
450579
190374
-1487473
-1313770
-3989480
-3119753
210870
-3319563
-5940214
-189710
-3888588
-4150333
-1577319
-1223993
-284074
-2317194
436701
-816903
-855125
-3786479
-2667372
1722678
-654090
-1169668
-3492869
-1565225
-1332933
-1665674
918390
-391350
-4727686
-159664
-2314716
-1907731
-583038
-4284691
-1887237
1079029
-793465
-2026551
-2101728
-218565
-850382
-4607362
-3542429
-372629
-2595480
-4841477
1647486
-4689637
-1086299
-4805676
-5248544
102709
141845
-2040316
-4448854
-3456618
-516017
-5481344
-2907180
-5074926
-3439319
-3125460
-4604701
989461
-3504405
305345
183424
-1697877
-2744101
-1680235
795038
-3474493
234384
305121
-3682710
-1216483
-1249043
-2918960
309282
1459283
-700290
2005799
-3274476
-4793450
-3697619
396801
-3897031
3039371
-3653913
-3028575
-3055469
-1081088
-4633475
3150195
-1674793
-2726551
-6108994
-1806834
-1705000
2898219
-1924353
-347674
1184661
-2529485
-4636905
-2781529
-6425853
-4775687
-2469560
-4866744
-1227538
-536920
-394592
-3055930
281891
-3584983
-1087821
-1306565
234933
-1218927
-205762
2014289
-1998948
-3774185
2262184
-5000908
-929992
-1967681
80466
-3149138
-2898333
-908169
-5039698
-5123034
-2457921
599368
-4770172
-3565361
-2728135
-3033041
2287665
3098470
1481930
-5691892
-782244
1201951
64780
-3039463
-2581080
-2724094
-3170084
-3796575
1423258
151008
-4006568
-348830
1828722
1588951
-656575
-2440258
253730
-3733043
452265
-823373
-799132
700425
221561
642904
-1496258
-3062732
1028713
524013
75073
-3333531
-997628
-4307632
-1689203
-5245613
552733
-3087178
662205
-4206490
-2485081
-3720723
-3033058
-395986
-2123606
-1588353
-696191
-4706412
-2942484
-1341904
-2990394
-1074442
-1714598
-4957154
290945
-1301130
-160984
-3493747
-1963134
1088916
46584
-2856894
-3372038
-3439548
-1362826
-1428796
-5664540
-3745898
-2105200
1077209
-1577465
-4146592
-1630208
-1268986
787026
-2756588
-3982002
-3526646
-3373299
-4035289
-3963361
-4757017
228153
-2774258
-4613485
-4513375
-1560019
1963481
-2967080
-149007
-2325075
-4288798
-4421283
-2313074
-250618
-4553338
675481
-2085976
-5250108
-1248916
-3146021
-624322
-2179487
-375755
-4520163
-2103357
1340355
54240
-2853732
-934587
92453
616127
-3840355
-3906994
617710
-337336
-677914
-3273807
-514181
-1347548
638015
-51011
-1884154
399723
-749656
342828
-192252
-772830
-595044
-3469747
-1662275
53241
-4632891
-817024
-965295
388216
368658
-3269438
-1078317
-1379998
245929
-2577896
1145515
-616752
-803088
-2934392
555321
-1374885
-2983764
-1965337
-942933
-3710203
-2510520
-5035554
-5902331
-2897194
-736695
-6276799
-1761759
-3767349
-2695366
-4341315
-2476559
-1185230
-4165946
-1761937
2946888
-4488024
-4841495
442302
-283460
-1683817
-3313531
-4491827
-3765177
-3799021
-291055
-2677240
-3761874
-3320768
1591498
-2455616
1294181
1125696
-4812940
-2727291
1150135
-4406030
-1726617
-1652106
501472
-520832
-2650541
-1221373
-4061473
-216078
-1034246
1074861
9292
-800822
-5078942
-1185417
-1128796
-3556228
-4171692
351778
-231694
-4883280
9685
-4764264
-1331101
-1225587
-4120738
1848671
-1611845
-3552734
-3312956
-1732955
-663417
426971
-4255474
-157705
-1196804
-3882887
-4141307
-665200
-317134
-1222390
-627412
-373094
-783825
-4632988
-611802
925815
-3327928
974846
1394398
44304
-2393384
-3600631
-3806354
-389619
-3525618
1303957
787478
-3834663
-3861152
-5195062
-1467069
-4110857
-4649474
-693004
111127
-88321
-2604026
218805
-1534454
959565
541418
-2800843
-3449604
-1865495
-5137973
-1908659
406241
-4888991
-4925622
48877
-1009590
-3895512
-1673359
-3624027
-2996307
-958459
900273
-2684200
-2118990
-1452639
-3579548
-100685
-4349456
574705
-3740011
302004
-4261531
652524
-763247
-719708
-5012819
-1941919
-1688097
614068
-2602271
-478444
-587394
-331495
-345260
-342236
-2802245
-1240378
-3944224
-4205188
-758309
-565294
-5146625
-1442813
-1364546
-78044
-3523194
-1984943
-3688392
237377
-2846943
-1547384
1118364
-68688
-686010
-4661246
-4870659
-3197868
1570897
-3105301
-856278
-1248451
833580
-3023777
-1473460
-4679667
-1154313
1679865
-478058
-4715047
885312
-2415236
588613
-4193117
199451
-2419412
-1944013
-108459
-1268214
-89870
-2559997
-1999456
7600
-931299
477893
958059
178408
-5330848
-4969587
-3525686
-5482442
-5714514
-2655225
-54765
-3782347
-1158712
710637
-1061659
-1893564
641932
-236248
-4191595
-3822433
497929
-5770741
-2525497
773288
2037363
-3254694
1572861
282795
-2644192
-2015337
-1209821
-852671
-4512680
-4652798
-3857152
-3043898
-3786118
-4421303
-5475616
-4847631
-4123810
-4279976
-2310734
-654515
493892
-3661006
-92544
-546998
-1144749
-2098496
-3719452
-1217624
-3778286
-2814031
-4512112
-367976
-7569
105910
-430294
-635074
-3969288
884699
2150381
-3904288
32775
208413
-3063746
-3505192
-4576686
-3171419
-2600793
-1915000
-3733073
-80170
417430
-2882779
-3925941
-328254
-3053904
-956379
-5845226
-1123841
-840525
-5339052
-1319
-5620988
-93552
-392293
-2029916
-4703291
-4178385
-3993923
-1987471
-1285011
-1675974
-2361751
-5794710
-6078906
-160797
220688
1007960
563955
-311207
-2545758
-1513588
-2743868
-6237207
-2106898
-2168816
-4178903
-1944834
803317
-740992
-1987962
-679734
-3666820
-1506591
-5054659
1395386
-2719921
64640
-1364619
300624
-687067
-4443434
-4390385
-1779995
-2765582
-3797349
-6609026
-3852509
-187559
-1523233
-1761007
-2505614
116378
373765
-1738145
410181
2330484
-5124530
986083
1163741
-3336303
1183191
-3713275
638340
-4331823
-1988305
441054
979153
-429576
-3406125
-2747827
-1784019
1099705
-4509698
188310
-39691
311619
144459
-916823
-4305560
-3016676
-1207866
391339
-330176
-2714191
-938190
-611117
-329645
-2006565
-3684082
-3846199
-4352456
-1658787
-1748322
-2491686
-10176
-4352506
-2809612
-4497637
-3238812
1135986
153336
-2694314
-1292380
491076
-4269692
-1604903
-169822
76943
-1638608
-421706
-504439
-909888
1916841
-706885
-4439626
-4325894
-2235193
15963
-300804
-2120574
-371425
-5115153
628309
35451
-5054000
-4025821
-2613430
-549991
-2124227
-1025707
-4153045
-1004596
-918207
-429189
-1415518
-3101801
-2452223
-116867
-4116441
-3145827
-4581610
1760724
-2962376
-3045528
-2330473
543547
-4794638
-1712729
-3461559
2541917
19136
-3402254
-3241558
-1107055
-3000528
372906
-2695229
383793
-382565
-686011
-6142592
-4163631
-777211
205240
-3013143
-1896500
-1589981
-1853638
-370632
-1293763
46588
-267166
-2185280
-4798799
-3389868
-4286981
-4295772
-1911025
-2304043
-428703
-2270919
-2007897
-1349240
-2504095
-2336761
-446224
-2628627
-988391
-3533821
-1751049
-4220948
-3151155
253207
-974152
41542
-85966
-1830305
-105967
-1671882
3080238
758566
-2373364
-1543639
-3072262
-4666327
205305
-327994
-6270648
-2648374
287361
-4698418
1090137
-2578093
1416654
-2441043
-953118
-44777
-2683501
-47282
-772924
828707
2471604
-661900
-3334231
463580
774073
-3014709
-4683406
-281601
1354645
238038
-2160629
-47705
-1426962
-2348776
-3647859
-1612495
-3756182
703186
323039
-4307153
-1673004
-3800635
-1179397
-1345711
-3208588
-3153743
-4496288
-5639327
183951
1876797
-1632177
-71625
-1810158
662780
-5168423
-4887635
1831370
-2875684
-5160312
-537905
-2830592
-4976984
-2775177
-2439446
-2082016
-4179328
-632677
505499
-4043051
-4182322
-1609920
-488081
-489347
-1816379
1003295
-3027881
-925360
-4570043
230465
-3668952
-123162
-4531132
-1374633
-4301388
-2013155
-3174094
-3800639
-3689870
-2842060
-3466218
-605461
-746687
-3725947
-4460002
-397354
1842465
-3454551
-3522814
-226067
340831
25434
475643
-3711919
725802
-5355888
-5311495
-4970203
-183966
-4353967
-546336
-203612
-431970
-2320616
-3897078
-962999
-2965499
-696815
-1378210
354203
-4559038
-793975
200462
26339
932432
-2749092
-5457597
191789
-793956
-2802516
-3488391
-817771
-4109667
-3908427
2614163
-5105660
-2041965
-315088
-2279871
297335
-728533
765877
383841
-3830060
-3286178
-1680727
-4167998
-3554068
-1483801
-4121561
1919862
-1769651
-2908577
-6345163
-289245
1482955
-974408
-1494811
-218104
-3897676
204027
-1639367
-4660612
-4749696
-4273051
-327681
1007831
-3609204
-945040
-3786996
-5718996
-3340536
-4565874
-882403
-2182322
-4224216
-1088439
179116
-919346
-3419855
-3188220
866354
-532793
-5005123
-4545344
1586014
-686388
-4113535
-792685
314877
1012794
-921486
-4294387
-7319
-1318125
-3434818
-2847064
483141
-5253961
-4781800
-3244223
-110627
-4610369
-3407049
-4143622
-997245
2610079
-4575745
-4141489
-56874
-2726454
-2414366
-2554242
-3950158
-3020247
-94094
-6386312
-880368
-4207797
-6256829
-323411
284457
-5579507
14793
591827
-1683046
1754737
1321834
-13867
-5151629
-3297182
1656240
202165
1742578
-1192236
-69509
-2646332
-5422512
-255504
-457243
-6380548
-1862728
-68590
744291
-1042235
-1872659
-3921836
-945100
-2467168
-5521645
387222
-3047291
-2840297
-4610818
982155
-1748099
-4752174
-5296846
-2775023
-1219869
2053895
-4290475
-2851933
-41818
-2335333
-1001215
-573145
-3033930
-3644240
1854864
1823829
-3695408
-286730
349172
-3768404
-1742001
-716934
-445999
384727
1262528
-4248866
-2187834
-2689424
-1507847
-2099089
-3098575
-2715991
-2045660
-2386919
-3774709
-4245277
-2515815
770035
-1474832
-559560
498427
-4811694
-422152
-1376176
-1590584
710585
-1383468
-4188413
-5145108
511052
-3743233
-677843
-4129315
-621913
-899743
-798238
-4940824
-816862
430108
-1378632
2653825
-1972262
-5888968
-159274
-5286182
679232
-2776
-1579849
-4194879
-767506
-3594180
-3085421
-1816060
811761
-1522089
-44706
695022
513765
1459106
-3172498
-4686378
119899
-3045844
-228787
412219
1596112
9473
-704229
-4525451
-626531
-4562812
-434767
679995
1379540
-1373038
-1422516
1163549
-5046102
-1907650
82984
-3079527
-1717080
-4910578
-2765921
614351
1197355
175630
-1290036
-4461249
-335913
-4102329
296071
-1456764
430466
-317910
-1165875
-596125
-796807
-4181870
-2909117
1235222
-2220172
-998103
-2641945
-4896173
-2387305
11063
-2979887
-4092598
-2308457
-3381284
-453241
-2847055
-830983
-2497764
-1616570
-43444
1046248
-2827325
506423
-304372
-4719427
-2678880
-148681
719002
-300068
-6050805
265228
297585
-55498
-162010
-266275
-2818290
532401
2768595
-4883203
344155
461688
-747671
-1024642
-454973
-4021773
-4913325
798679
-120111
849166
-71972
-4674915
-1245897
-5384082
-1213401
-1109637
-5127417
-2229001
-1401895
344759
-4039236
2505866
80474
-616320
-4013062
-4908760
-2113908
-120734
-2389276
-3329575
-1076402
12681
-1967093
-5797675
-4201844
-3307723
775948
-5281866
-3200929
-3115179
-1075823
-1700752
-4664308
-146449
2286917
616013
-3841908
-1860064
-5950333
-3669577
-4850883
-4599574
-6334007
-3462675
-1933094
2661841
-4582397
458287
-1317370
-1618612
-4437989
-1158533
754791
167627
347493
-2368098
-600023
-3029407
-1822119
-4383257
-91368
-1751565
286756
-4553302
1463802
-1223992
-528386
25793
-123273
-1014031
2133450
-3980728
-1564889
778131
1203663
-4462059
-2859359
237158
-3024603
1466146
-2715367
1693436
-4480135
-82806
-1790260
-6442080
204512
-3444858
-4201607
-4602579
-3786186
-4928881
-4418860
-3714203
-4116723
-4441825
-302947
-1186315
-4264814
-4324767
-3038727
-3669765
801969
315711
-3841750
-4677391
2320466
-3038849
-346927
-2704195
384706
1852687
-4218375
-3174053
-2323292
-3175972
-4017845
-2178396
-258348
-1504364
-322228
813039
-1745091
-4002227
-4439981
-3576662
-4787186
-3968636
-1764130
-68196
-1833419
1993581
-1702832
-2799363
-2138139
-1904995
-4033893
-4306498
1433548
-4311931
-2921787
-3212336
-1406223
492459
-1034178
86136
-1323416
-1122379
-2307286
-1660214
-5531706
-774411
-679007
2205085
-1919582
-3269063
2031027
7143
323903
-4244367
-298924
-1140471
-2145707
-4605351
-1450952
-2232619
2472656
-1484376
-182213
-2931891
-2395456
-4553986
-123708
-3880012
-862248
823427
306539
11369
1708222
-4839315
-1885932
2123203
-2229072
-2543981
1574556
-129610
-174360
2150827
-1689337
-364723
-1649671
692155
-2999126
842731
-644404
-2147457
-4218869
648272
-4331612
-82617
-3653769
-1238715
-687538
1381917
-559062
-406338
-2443102
274529
-752762
-5047004
523312
207622
-2230872
-3861713
-4346481
164708
-1698669
-2526439
-2546495
2021411
-2497663
-1249772
-1959664
-442613
-2956430
-4142437
41436
2150642
-4025636
-4103910
670595
-210484
187664
-2081355
-1125224
-4643076
-2354125
2050808
-4565902
-3200604
-2878238
1042276
-300846
220691
-3648032
-2222222
-1654907
29564
-5794530
-2604511
1434711
756587
-93480
716125
25068
-3103453
1615330
684635
-1720441
437307
1684911
58966
-610835
-3032379
-1315843
-3200089
-1160124
-3459485
-6615263
172116
901400
462182
6670
-3360358
-3330134
-2222276
-4441284
-415766
31454
-1117220
-3772383
502606
808552
-2985543
-4603584
-4420521
-4577982
2469810
-3642774
-86220
-4846410
-1293955
201087
-82502
-5369403
-2789189
-5577434
383644
2154084
496392
-2604374
-2969052
-4138474
-484503
-29071
-2109250
3110035
936520
-4991622
-1624899
-223941
-431035
593884
-4555676
-3210621
-3034445
-1831309
122237
-6440807
-2624765
-5185486
-1632288
-4088950
944907
-5377046
690656
-896201
1376270
-4687546
-1335360
-3981891
-427602
970380
-5309961
-726092
278841
-3034284
-642868
108997
-1416864
-4088780
-1504901
-2852916
-2716259
-1349258
-642072
-1410993
-490866
478209
-6367156
-228114
-1697796
-4820733
-2552244
-3339157
-3965073
-3629018
-691579
-3856468
-5965806
97057
-4466392
-6283176
84270
-4625894
-2476199
108596
-1014159
-74486
1968162
-1863264
159170
-222003
-805739
648808
-1659303
-2557167
-1803736
1477182
-4808607
721241
-3789502
-1756713
-3893196
-2650501
-1048892
643953
-722738
-560901
-62301
-1977561
-3049567
822706
-3875797
-2881688
-4195027
-1437349
146400
-283472
-5399144
-3427535
-2194912
5221
-6466282
-4108654
-1269133
-618822
561521
-3155405
2684042
-4976097
-3521764
-2703308
-2139676
-1865325
-532791
-3572262
665247
-4625821
-1246971
-2945848
-5516576
-302595
-2925011
1290062
-2821697
-4389295
-2810165
-833463
-4411341
-3121225
-1335384
-389318
424841
1641298
-5803689
-554406
-4300459
-2012072
316328
-4340505
-1612633
-3953545
-6332515
-4585731
-1694770
-3852674
236735
-3588852
1631342
-1420217
-1089120
-6033686
-392597
280238
688190
-4304842
-1492778
-42069
140179
-3707184
-845145
-2679911
-643107
541735
-521236
1459626
283490
-674065
-2012151
-4720277
27210
-1294623
-3052708
-31180
-876835
845922
-1416579
-1778106
-3031727
-3861401
2188534
2136701
-2176562
-3211602
-3618624
-3598264
-1435541
-3738107
-4069381
-1662332
-4687858
-4529936
-4551314
-3518424
185068
585167
-606289
-3698498
-3641574
-2468635
-1556299
-4067291
-459566
1485000
-1462121
-4728188
-1494582
175306
-3231482
-236732
-1862540
-2745921
-3983032
-4217820
-1277847
-1192986
-89697
-313188
2733959
-3730596
2252462
-3784415
191761
-2065972
-758054
-1355180
847950
-3708143
736537
-2811799
-2611955
455342
-4199754
-1765479
-4803942
-3169364
-3677839
-2848159
-1018293
729618
-3194050
-3866218
1739131
875027
-3596802
-3016957
-4448029
520235
490845
-2408693
-1037010
-611888
-2982977
-4859292
-2023517
-1865914
-1699570
-2930044
-979552
-727502
-1268853
-3895183
1548908
112954
-3458651
7159
609060
-854220
-591030
-1677757
726011
-313067
-4618572
-221638
-3847777
-141713
1131847
266205
-2044388
-1722816
-3179636
-152505
-4350988
-1206265
-3112414
-906503
-4635175
-4504179
258801
-3544224
322791
-3769612
-3719064
-3923228
2665287
-23517
-314843
-1898828
-59248
-99417
-3866218
-4667650
-1218482
-961404
2237033
1592432
1764126
-1400924
2564642
-1475421
-3770394
-6179933
-3621564
-2260543
-5930879
359752
-4989123
-3046624
3073669
286289
-4511827
139043
-2603828
-2996159
-4064582
-3987475
-4547768
-702344
-4124998
-1105133
1094545
26641
-1614038
-1296543
-3220858
-765451
-3059543
647272
-1277161
331412
2265555
-2042415
-4907476
350098
-3887106
-5362101
-386414
143178
180568
3152
205685
-413164
-4513095
-604011
-5375655
-1779443
1421259
-4084025
1084036
436609
1680476
-3624494
233149
-3359952
-2098260
-4399010
-285404
950650
-5833335
-2879221
-53608
673305
-4740563
-88704
-102567
-4992377
-2338942
1863040
-39435
-644100
604311
-173412
53516
-603160
-3734804
-2432359
-496910
-751489
-4121280
100601
-5560660
1873861
-1892762
24995
-3925044
-3294192
-1073712
-153267
301545
-4160610
-531690
-3197292
-742603
1393372
-633300
-3225954
-2172016
-415531
-6835
-1111176
-1871749
-1404831
747065
1196463
-1726887
-978812
-2840124
-2928187
-1706057
-347548
-989381
-3718596
-3329274
-1927485
-5458069
93472
1036190
-3121427
-5669465
-2861515
-4067710
1121762
1226626
-488254
1283990
-2866572
-2814808
-385227
-1071348
-5461742
223837
337597
-6127315
612356
-1767424
-4635397
-4115386
-3834099
-913276
-4655463
-3405364
-1873150
-3877103
-3282587
-1029195
1318522
-2479752
-4514719
-1696380
-3904808
-4690333
-2006740
513676
1426392
-2237254
204282
-5270802
-2220451
-2342038
-4287360
-3945166
-4853250
-4679345
-2530855
-1864457
-5996183
-5034167
-4420231
-5075058
-2973588
-4475249
-2533666
-3133604
-782361
-2891603
-3152122
-2151639
-2860703
-2125571
-3373979
-4593072
-4361719
-1295732
-380189
1303889
371757
297872
-3936696
-4998219
-2444857
-2837409
-1700221
-5343082
-2189988
1477824
-2601189
-586196
-290392
-1006127
242029
-3207825
-48011
-4508364
1953893
-183783
-2712921
-53973
-3685020
256272
-4516582
-675624
-3038170
-2981054
200756
43518
-2134754
-3734877
-2042581
-515498
-2858538
-1257640
-3561414
-3399261
-3920603
-1710201
-2926826
-4248892
-2702378
445294
-2537902
-3214595
-6257299
-3207896
136015
-6424419
-2337930
845354
636930
1772141
-3915276
297408
-4698377
-3643038
-6260862
710928
-3505879
-121389
1371060
-73849
-953541
-888725
-3391133
-5853609
-2066674
-4163171
-6284
-1030340
-4801429
-905986
-4550359
-2922866
-2173950
-6483553
-1231721
-2156433
-3242047
-1166104
30612
-111576
389006
475525
-3041757
1489955
626308
-1988362
-4715060
-3819168
-362448
-1565044
-1258329
-736949
1115935
-4457154
-462525
-101668
-1618661
292246
-3608396
-783439
-2113865
-3117853
-4031583
-3607248
-1039355
-3147866
151705
-1455852
-3722223
-3559717
2408934
-4433619
-1513799
-3464410
-1515189
-4580307
-5366255
-3085702
911135
1120456
-4248007
-976748
578278
-258815
-3521595
-1767967
-1572387
-3993100
-4094876
-4616481
-423049
-3683020
-5138845
-4954382
1950871
-912394
228234
-6433437
-1623944
95367
-2827458
-4073303
-394108
2259998
52095
-877129
-3875982
-3989565
36169
-188293
309214
-1394655
-2201522
18869
-1844343
-5325613
-3635304
1185288
-316976
-489532
410917
246347
-2754131
131054
-285337
688034
-150272
-210010
-309951
-1423261
-3619518
-4275482
-3936576
425448
-169270
-3890821
405688
589804
-737950
-1873920
-3259969
2424117
114014
405772
1174500
-3879873
-4784374
-2714389
-2933859
-314857
-2621310
339851
-3318270
541680
-4603927
-613568
-5535442
-2822001
-3452043
-5432467
-1192716
443018
477848
-2690386
-237057
-2788937
-4389918
-3917244
-720436
2593785
-3097372
493599
610964
-4840214
-4528825
-5397564
-4072830
914211
-3471026
-3956772
-387196
-2297929
-1400682
-4150600
-3995891
-821443
-637769
-2751089
-3565911
975840
-515180
-1278443
-2803968
-1360904
-5503434
-6216495
-968708
-3763266
-3654667
838067
2590819
-821382
-6210397
-1176415
-4720568
-1616716
475438
-77502
-824103
2163021
-663567
-6120147
-2722253
103266
1222296
-876461
1544211
-4060166
-4736434
-3096828
-1348261
-2038996
-106822
-1330225
-1997635
-2715164
-2475408
-1327985
-1930108
-921917
-5066017
-1291410
-4981216
1020469
1172968
-1627152
1114364
-5118579
-1699333
-1904904
-4266027
-4393796
-3671862
-4411784
-618807
-3344521
-3019205
-5713819
100145
-836321
-4002939
-4541872
-330155
-168351
-1609495
2340232
-4540924
31431
-650344
70469
-2524903
-1360510
-539061
-1544535
-1922922
301031
-2598767
-3168150
-5283918
-5583078
1174428
-3872641
-2342135
-3378211
-3132807
-4964804
-4341051
-4340766
-2337694
1325775
-3508645
-607106
-5024886
-1840534
-271304
