-10342518
2070033
5843492
-2239961
-10934677
-19825610
-15913639
2735710
-21243243
-16770157
-12563964
3409182
5535026
-2902692
-16901244
-19230377
-13711426
-769512
-20827518
-20789081
268366
459638
-1522112
-1663724
-19716210
-15964243
-15200360
-14392828
-14604823
-16136546
-4409372
-21581241
1966052
953131
-9859136
-11410119
2616646
-13465368
6144368
-19830698
-927979
9987208
-20140744
-3865947
-6156335
-19364609
2264874
3940168
-12235375
-11044314
-20001972
-19337839
-16665688
6632642
-2414782
-3471733
-7949285
5000898
-5156574
-18242569
-14354165
-15264795
-947380
-22357853
-67756
-2214434
-16799316
174987
-3439524
3837860
-6472494
-5233390
-4010721
5172126
-1398939
-11590005
-14000427
-1085301
-3770039
-161881
-8764558
-18004667
-6184300
-19531755
-1241999
13347928
-15950287
-1332468
7511355
-2852556
-4347584
-6433168
-6990457
-17986158
5357608
3188054
2256333
-19806855
7914542
-2742787
7146557
3271239
-9278220
-7189534
8456157
-4840074
-6626305
-5831055
13353442
-4850001
-8139962
-19801547
8183853
-20922233
3139643
-17185550
-969212
-16294095
-12441155
-13715805
-4021976
9616814
6524222
-15644769
-21222657
-2381453
-18874597
-6659716
-3167032
7705902
-19013861
1048419
-17532804
-14809810
-20482208
-14678104
-17186436
-17972762
5932907
-6761131
-14217278
-15253194
3079290
-2985218
-249709
-22702286
2810225
5729727
-11957154
-909017
2397452
2039857
1039787
-10855342
-2601963
4819601
9159575
155563
-3387712
8594590
-16560355
-4798226
69666
-10303801
-9060349
-1427780
-1950584
-14513034
-9439185
-6647307
-2484180
14629282
-15689493
-2646283
-17984314
-17398100
-20476872
8985454
-24422272
-10229177
-14752469
-112155
-4286969
-18109692
9322834
-22477693
-4572255
-5783291
3586764
-1580384
-18514597
7174142
-20839793
2045351
7519289
5266464
-1308762
-2038452
455430
-11016821
-3760001
-3395388
838003
-13682478
-770104
-4289418
9037435
-3216465
-20292562
8200
-1485847
-19170709
-14114645
-5731399
-8052254
-9482628
-1044119
8890457
-5931128
-904059
-13819863
-6059805
-9577889
-25376980
8412496
-9538578
12160172
-18298961
-3276808
-10966920
-7823851
4195031
-16334411
-3178037
3445085
-20347096
2419702
-16896736
-14037763
-189485
-5202650
-4085224
-1012408
-22521723
-23626738
4135637
-1907691
-22253456
1060844
5741559
2198451
250479
-2282855
3943711
-7645377
4754298
7077058
875528
-13665035
9917476
3010379
8203295
3673270
-6835840
2902756
-2513441
1445509
2236514
-19459620
-6932998
1914659
-8232119
15151609
7221961
4102938
3327322
-13622901
-15900726
1221300
-19891761
-85267
4024351
-1798835
-18900131
-4349485
-3361193
1430255
717867
-29540
-1328545
-14625759
129332
8922103
-18787320
-12306767
-18271862
-14911267
-7157689
-2952871
8478372
9236060
4151271
4816706
-5921751
-977423
-5628348
-393975
-2562864
4959851
-18318505
-7876389
1134519
-6793365
-26289713
7351244
-1995399
2666391
-13533825
-9501127
-2953861
-2110996
2759737
-22223743
-16098265
-5644713
-10638244
1251840
-22859680
-3920677
10002274
304314
-15969955
102071
-12402029
-21851326
-440845
-8647279
-2016018
-12642356
7699294
-1090559
-16119669
-814670
-4276112
-2021408
-2701861
-4885262
-18204613
11795272
1119510
-16359057
-1578209
-20421013
-18723465
-12538126
7445168
-13436785
3898200
7836722
-253694
-8240466
-18131246
-420345
-11657030
-3708313
-16306046
-17006023
-2579667
-13107881
7304900
-17469725
-2060431
-1890145
-10888891
-17652746
-1905577
-22248692
625596
-10613325
3545184
-12749566
-11112204
-14082062
-9936427
-19166701
-12761787
-16020740
-4726890
-2420572
8084060
-8358948
-21316818
-17986545
8244173
3730521
-18389686
-5319314
-2260351
1086394
8535493
-3644826
285402
-2882402
-3205538
-1176984
4759687
-4678047
6689339
-20428272
12708885
5318512
-15814471
3216868
-10219838
-28281677
2885145
-15563367
-5701307
-21457474
-21335172
-5732200
-10532774
8343418
-10997318
-11409234
-836564
-14543762
4228138
-9519201
-1356875
-6323722
-9556228
2138022
-17169590
-15828688
-23341021
-8910720
-2438927
-8489042
-15262219
-7602216
-4643816
-17122265
7790431
8942568
-22010484
-17144680
7178511
-153359
-2176983
-3150577
-21855351
-22346546
-6548192
-4451615
1110370
80125
-17294080
3758699
-16697138
-128777
1032779
-3917727
-17663446
4724146
1948560
-2913420
-5500417
5733436
-16158810
265409
-20745673
-7525312
-17120201
-1471087
-3360401
-2049204
-12520584
3369127
-19856068
2476720
-22075972
-498044
-21959110
-24548963
-8309038
-20890307
-6122350
-5360613
-25051092
-4351890
6920317
-22239535
-7904500
8509387
-22500164
1346023
-5689926
-2924172
-4886930
-13905744
-9402305
1316177
-8033938
-27399189
8146632
-3327974
-1446734
1660963
-21147191
-21953110
-7083199
-7084323
2818469
-25316138
-9095022
-1836649
-591486
3030846
-25158609
-12673148
-14302660
4905293
1819553
-25080258
-15990880
-779851
-16671257
7115548
-17757597
-21539019
2502985
-10288888
-8635745
240712
880757
-7868807
1878524
816846
1568579
1721270
-16630531
-2583995
-1386131
-6047251
-24731038
1590451
-17831251
3626733
337931
9843931
9368215
-12274188
-4727747
3910437
590449
-20425984
2771056
-17503647
760384
639303
-15999343
-26572708
-5142568
6719137
-25945399
-4480638
-10352003
-301617
-11466572
-16012391
-1949696
1201033
-858331
2027516
1091057
-10961042
5626666
549871
1900807
-5455004
-8440158
-6340038
-5506450
4737871
-4742232
-15361560
5143413
-2583615
-14427179
155707
20067
-18102728
1939829
8391179
-8765838
-15207266
-22806666
-11767178
-427125
7489586
-18002304
-17393463
-17742547
-21892564
-9802442
-20715798
30743
-6402481
-14063217
7867130
5525045
4604176
-14034449
-17269892
875662
194854
398920
-6163177
6529758
-16535866
-13010427
-13070129
-22462162
546543
-21931010
-15629170
5849700
1600391
-10333598
-22411161
-18364793
-15025243
-22079909
-4208730
-22166414
254486
6307931
-9545675
-16855842
-20711925
5861476
12339778
-2484920
-24275059
-171545
-1035457
-4043508
-1554303
10831837
-2862635
-13783179
-26188436
-1763271
-19581718
-10531697
4037280
-776456
-4906445
-15430151
-25639697
3876077
-7070420
-3823779
-13959186
-23334930
-12508336
11711574
-5947298
-15009984
-9226379
-13308954
-21182911
-19679489
-8743390
1828576
-278971
982441
-3935162
5555678
8592837
-24522133
1909033
9586458
2051348
741785
-4946415
-2713901
-1905074
-13747603
-15294373
12897161
-3005851
-1565048
-20115689
-18006653
-10730431
-1350791
-571177
-18106965
-11874756
-259289
-18719026
-23065479
3524061
-3178560
-21421848
-13331541
-1457343
-17332103
-20387674
9282339
2242638
-109792
677750
2522342
-2734330
-7644665
-14224882
-4269403
-7608663
2516906
1384196
-1446225
-17662630
-3208615
12649914
-17250933
-14674401
-22213425
4211122
-9160763
-4566974
-2739214
358695
-5930474
12633582
-18669169
-2153804
11820248
-669558
8268371
-13629483
-18598971
-6063619
-24671758
691471
4752365
3671927
243993
-5816938
1750651
-13793569
-5499676
-1650097
-17923415
-20146208
-19464195
-2794873
-15761254
5617333
5051194
-2357726
-411876
3667060
-22195521
-6255490
9496358
-12672703
-23757696
-18123684
-5756218
-19260478
-2635391
-20642808
5244646
-2067684
4926913
-18871600
-3474251
-3211272
-13848399
-16047803
-3016746
-8077044
225168
-17832399
-3360258
-6555871
-15445219
-25620295
-1615192
-1966114
10916130
7325616
6440032
-1810927
2207257
6790331
-2083358
1776463
-11181173
5323273
-16220611
1794190
-4864398
187730
-204862
8169115
-1041473
-68397
-12970731
-17508163
-7012250
8145726
-14072985
-1031125
-10974732
-4819649
6991096
-3971129
-16877628
-2465922
-14107742
-4667393
-4369038
-13585397
684533
-11375916
-3082873
-2383480
-19765685
-5773687
-13289056
477253
-2952582
3175605
7740710
-19774955
396871
-4486513
-3952267
-5065636
-18131293
-25899876
-19618237
4943836
-7476827
-2398504
7573820
-1369718
-21929984
-2396817
-11358724
950375
-14226119
11269850
-4929568
-16794127
4271043
-832957
11080244
176694
1735520
-19770973
-2013566
-4869991
-14590167
5951457
-4262924
-8568138
-1205987
-4947332
-2879133
-5352094
-3060619
-479601
-19002627
6986508
-8641168
-12110380
-17784721
-16083878
-6129117
-2459720
-2136344
-16113541
-16450559
-17195194
-3503852
-3694134
-15663092
-2356736
-12228199
-10808091
-784434
-5028991
-6637393
-16356996
5154907
-6790063
-835753
-20128252
-1472065
-17809146
9861870
-3814528
-23955753
-21747640
-5033596
3018519
8887941
6285185
-821205
1122943
-1492879
-20759573
10252599
-14473442
-14449365
2118984
-2354459
-22272826
2316209
-4974522
-855205
6609787
-4689649
-5444174
-633400
-2371831
-7646134
-15410845
-6475014
-1714039
-20994545
-1196357
-18769647
-5860569
9847796
-14540973
-7552697
781121
1550347
-1301717
-13597290
-4411333
-7920453
6342512
-14646556
-9018044
3735
-5765708
-21712728
9732359
-2217309
450602
-241519
9441034
-18269903
-15546411
2226867
-10862410
4319076
-28462978
9471291
-2939426
-4942439
4263977
1065068
-13885827
-14680547
-2919485
2849659
-13698544
-2481899
2982599
4239161
-3696107
5574250
-14838543
-5710616
-1152461
-3558221
570673
-7990626
-9767732
2065839
3757921
-17575620
-1316943
-9833463
3803903
-24499113
7581703
-15327147
