1390358
192677
1228093
1018608
-4297
92935
225809
234097
400145
626085
995624
85276
488356
1309819
6526
351045
881595
-197070
616941
-13727
365626
893906
1048205
1183930
1177504
1198971
1142655
293940
60449
-108988
831752
201622
82482
-8865
144215
192496
772722
213773
-99528
1329876
47388
657317
-41065
1330968
-30806
320274
255671
-41380
476799
194152
480235
-46510
804698
-49088
1010458
530799
177960
289713
19272
-67570
40029
416538
672175
667216
778927
200827
967657
207258
-80699
75079
466270
71038
7893
844108
-49031
1028743
845796
1065984
1414649
252561
267630
87297
1402486
141191
106545
776340
349409
897130
544650
262188
-51869
222372
1163929
421586
559831
1078462
-35585
144812
-1701
335299
-135524
344042
46607
918014
273032
104908
-62285
147468
-296440
206603
623953
285114
-42984
299612
294277
204816
70271
461200
363497
66694
-54
148567
187419
931385
1716675
-4620
1253955
358920
337265
152228
-141085
478109
804727
621594
511027
23934
1163175
1155777
560799
1058478
73206
224517
50812
-3607
929224
-109680
273855
345231
159196
-458515
602135
382492
-97480
1236332
368205
904303
122008
1260348
1376232
249855
316535
294571
-95521
809264
232097
219539
378787
247046
1306842
97033
1176566
152093
-6372
-27139
1060455
1012748
627415
449938
494508
127584
148652
951085
864797
142048
-74042
627356
61043
561984
101367
-36484
619229
6569
-108161
567631
112972
141858
467303
240260
842149
296929
452933
275112
1103245
232227
481118
811616
-202040
88811
896556
1161205
277837
64253
444813
1261324
906506
1090334
521161
91188
1074661
899221
918464
-211295
-12854
1035789
425662
2795
20874
1269413
214975
147230
680807
-148153
184938
1119597
-400504
62625
424861
439354
736922
142270
231438
250432
346540
40207
1315678
249772
-58113
369195
393116
-417626
958711
-42028
732096
665694
984478
305448
-35242
460180
-33584
256417
1013714
340147
617865
1064061
489171
941944
598660
139006
1179779
28831
519583
617697
335576
829393
56415
82603
2424
93234
781671
-117963
234474
341391
637763
-122596
199461
164422
1023976
731961
704432
1090868
61043
89790
146272
504296
62292
547497
1071203
492011
80238
855301
699209
381978
90296
-265210
306869
1363376
123112
1079797
-171320
1321527
57432
933605
396801
1134196
138713
1159762
502579
1006939
122168
693106
-127621
391361
669421
361960
663131
370047
822029
589159
650781
424350
249661
1123972
167047
977383
738849
1438267
394616
527807
533438
-115396
-72586
437102
274074
1057773
362024
262872
798482
381573
484032
592322
1135750
-352803
-191299
15857
660332
53605
13630
-73128
1213660
884912
-241248
-37601
-63478
334801
1219343
517802
520176
-203188
443974
354726
1269413
293120
450744
271319
109493
339122
354778
745910
140026
793298
847408
686885
301329
191915
-76797
453890
425674
259514
-3581
442453
306089
784588
102557
59632
689505
1040412
1282358
1147519
414258
20544
234173
225254
1271173
1042896
799019
-63597
-335362
-83538
334007
-60424
1265291
415142
-14824
-165070
580878
838694
-56565
447539
-15830
625872
977495
761225
1014411
514466
27421
1126301
194776
259834
1215303
243574
377898
255242
546202
-78730
865626
-107475
700200
94133
-164961
276660
185019
175599
204890
66481
-8260
1485297
-179744
-70089
317717
265499
237525
-87891
-57442
75181
140026
-43348
576583
714384
373147
223693
-5575
69960
1027369
56833
20060
646623
1052261
79129
78278
193559
558793
-94487
-105547
217588
1222997
704039
1088330
413258
914114
-200311
1350337
330915
840761
50131
402392
897172
592322
-50749
299616
1286835
-29135
1018504
-109424
188574
240861
-131685
-97110
768911
457753
519974
-209644
824809
404073
-101091
1131244
282711
937779
44614
178715
783728
192075
288830
253106
199234
556617
336634
350721
174461
1122231
827583
339643
169504
-61511
997976
1097045
528739
514499
187780
211894
1453468
636693
-48742
206710
431348
230249
193337
603988
877630
334539
300869
135939
118573
41985
-23105
-179997
1488491
-66068
968777
368811
850667
-472272
185421
962246
146088
-307992
102891
99622
942469
535413
501133
-286613
994384
296069
379052
185225
-14293
531709
-102765
241864
400354
179225
-263506
1088196
86953
763966
-102730
680068
1000057
1346695
1286871
816838
50927
-89042
164139
144215
-37061
334844
1236332
-81129
738890
85604
238876
204890
699894
-102884
385128
333661
411580
215696
808304
320822
834060
-116244
622218
-69644
819603
386049
-53892
-22193
809176
-81663
996053
214277
17079
246546
32038
625279
-377221
249328
659535
1210599
-139554
-77618
1308969
1018504
383042
77418
544696
637963
324428
1019784
435514
228681
43503
1148838
2511
837277
346359
-126902
89559
1183569
253823
164637
822207
260509
-249570
1265765
68402
465030
952372
1097045
728763
-209644
827189
344764
-161633
326379
649615
167350
55318
-138756
53372
147677
1179687
-84553
303280
1262727
1018263
135356
-62090
-193226
1244778
743721
587162
217293
593488
403672
235561
379945
91790
-173374
714324
-220517
146229
-83956
995763
-399546
-92055
102599
427408
1088196
61043
-35557
1031257
289719
1008374
895963
859360
206064
275477
270902
919270
-227445
1284306
-206275
-9723
132101
625082
1010458
705459
-42585
291523
1120413
-219665
50810
166832
1095655
248476
985861
252574
490946
803313
967322
1058478
227709
-99524
1243112
783280
114603
262035
277794
-17717
-191671
746589
69809
367703
246084
511393
231183
256919
460180
101393
1202486
546862
41914
431333
73644
681612
406963
1512546
1233811
898534
895963
520894
1069906
167331
322936
463558
-66142
-46491
693106
918464
383042
102388
1521261
411654
-336243
411691
10591
835082
677676
293177
1039350
-185178
634887
1071212
999653
229461
-161343
-180608
1538657
-183588
891378
234284
844108
436843
143226
482206
257425
-39116
150189
136839
-186383
931934
160899
138687
-123758
63950
1429989
-21646
968729
1173099
629878
281896
91308
913549
238352
155728
-147132
708929
453149
893125
27960
534539
-15064
592577
-354996
690909
983617
98930
300894
293059
569757
1024974
748585
209262
253077
436322
-60424
376590
439590
862710
1010505
-106382
367025
123146
-137008
533643
114398
-16967
175567
212426
76230
-107994
100736
78836
625108
79436
286798
1421111
-62316
-87935
819252
565106
456206
498874
-61131
93387
-344045
247288
262188
66495
603603
1068076
1286964
431349
425963
655286
832934
961947
385400
563577
44367
406963
501834
792218
542351
607746
523945
700540
845750
745570
1084864
306089
7067
416771
247914
1205338
1027485
836405
1274476
287362
86199
920583
451531
-426923
396801
59546
45182
-56070
918633
670039
210533
230249
1187254
318679
328586
366260
385967
18370
423707
467689
837277
133055
214036
105587
1125808
62463
879687
770018
626863
4123
259244
498492
-27991
375575
528716
176783
695742
1114978
1002485
1143047
1270977
244012
-264006
4080
5427
-121392
77646
141219
280037
76919
1051354
643691
-13748
797223
1022857
373231
181508
641698
-193394
971381
982866
186205
549267
903900
-198778
137518
157223
257370
374397
906030
669624
917324
337625
43709
564650
249082
124071
-307992
45512
30949
402398
133291
437815
1137997
198202
603042
743764
50131
1324406
208550
381387
35434
350271
70774
246198
1065984
600061
-44462
938429
281299
951768
-149759
168527
1008593
413258
-15357
562308
1240098
-17918
1334495
196244
938087
711934
874031
834923
168707
896501
675192
744000
204635
1187254
659257
163484
48346
844013
1023684
408286
288017
216752
-79176
967602
799965
177403
730205
479497
918446
187961
230520
1056018
235561
-193285
1008977
128125
114398
1024856
-423002
-53645
392050
841259
-45057
822435
-265210
348122
-7235
861647
917324
-61192
160322
1248327
652510
703331
288429
65758
342880
941623
250826
367025
680807
156754
503871
-41950
488829
799682
157541
463163
435495
602507
-125027
78923
25481
859861
860746
115806
318907
553909
941623
-301241
-26747
703650
834886
-28463
605159
-24671
739107
548749
16907
366323
716667
1894
-15356
682294
391036
-200642
1237483
750062
692837
126759
-45293
218219
1481477
1129261
415491
-185386
837910
154814
391185
971071
127252
803764
381582
73725
202112
58170
713925
348882
824957
62925
212269
97671
639135
49827
356265
237525
1187769
428142
1106806
137574
259414
884371
247894
815442
455408
1102355
835108
237010
400386
1197200
239846
221128
250826
217929
99728
139582
369785
878433
183560
-17305
251578
514998
34575
200145
43472
960970
32996
219214
499828
158414
68228
190088
1175895
850816
-31620
1148838
372289
1629672
573517
69524
-76548
64253
402085
242386
604873
548039
471135
1132506
223687
564057
962074
510061
805240
575591
17653
95050
26310
114603
71192
423278
71086
428549
852681
494987
687613
-142920
144023
331393
-65884
730189
-13727
255284
207053
591739
251185
127594
403257
-51576
-114213
414676
1202066
102056
-100551
1485297
9065
825318
1212340
876349
136734
-220437
22242
210415
857898
-139378
370565
1203
460926
819845
100468
846950
187419
714882
-16967
887673
42816
442355
838957
1315466
688133
674837
493872
945382
-120901
391872
1251706
289678
1055367
-71558
393116
-12845
540371
-309664
1009457
340187
-71683
349329
308222
341503
284993
341084
313251
245104
172842
351965
-165949
864537
345011
541508
704049
659454
622591
927857
735321
734395
165271
-244221
921582
285493
378898
197156
1220698
-24656
303223
142077
874570
-354007
-59518
602670
716859
769792
-12201
1062420
117724
1082635
67266
816448
88023
710135
40479
226017
691906
174158
175869
293554
171689
774429
1231527
385339
285759
156927
321959
11141
210000
394216
1175199
276550
307241
1465300
588934
628468
1014411
908654
842234
300468
46262
405553
83644
547320
597916
-165460
26091
981040
1214158
1272021
256887
754743
819193
63950
-35796
273872
915943
262120
204790
-77994
385881
-245
-82943
452673
426108
531643
217273
56670
998393
613304
-30402
735558
414502
1018916
40219
-232090
22419
829393
379431
539518
1069116
937556
907572
1251645
16127
139569
-92233
23080
302068
704247
1381785
123090
-62445
504296
629578
726319
284061
185150
1282358
480062
-114929
398040
485344
-63450
716417
1168820
77167
665554
539073
945666
792044
-270
1181320
273855
1066304
449810
811136
372569
378787
631151
239748
1174295
-91979
5529
791779
77768
314755
-181899
707505
706466
339547
59493
616941
-10108
796379
-94219
-181899
620661
132734
1458385
479437
-242653
-217167
-83690
32454
468151
806187
129862
505694
315843
498878
1008939
1037160
1104697
59469
1024663
255284
966772
778415
905294
900846
-93477
1214117
196385
-51866
308551
-129514
1087107
993667
405697
284822
616441
-294433
-104458
-312328
895906
436322
790953
930211
1079216
658974
840795
-366991
954339
562661
1053929
24260
459117
251416
285986
206611
9882
36546
814666
-94613
504298
695448
785623
195419
341892
235723
-28190
890693
790522
11721
156383
471093
159081
295772
-411710
1502602
1015502
20825
625439
261724
-40102
69848
-114207
1234384
-48430
243052
10221
917846
130711
-100551
187788
719507
525838
1021056
45364
1320738
290753
851357
801419
1236332
14448
354559
1296591
-230879
231591
575886
712318
151201
-81940
1032117
425856
-110790
153428
1655799
301815
1192539
747151
-137996
398291
-272794
-140416
926698
78835
180100
637935
121153
-127690
90082
-111050
374149
-94121
381927
368205
193973
-284643
-92015
977383
1213660
379978
666969
1074567
890693
747151
937953
218477
165812
-158112
931476
479311
-118860
167392
213740
1057684
561727
748031
834793
1115734
700137
398254
314106
45793
183477
-189810
1194971
-317311
120942
-66707
456171
505826
236375
1233694
550883
1454816
-116618
289719
1055177
-203215
-153019
752475
599685
552838
1676075
-57862
885842
397459
844013
842234
258611
849599
1018263
1293281
153274
91137
602670
580954
403970
253051
230691
520342
122008
-89625
51757
247021
-34999
-60151
186063
549128
93039
250266
558069
1004527
1026007
-210414
755240
1152439
623978
-235401
1353717
271047
91589
-51414
1108816
1188028
313682
-221464
-115655
169505
779118
743764
172767
386560
226486
858230
1087451
389894
720695
32775
135786
840337
1115734
458915
1013642
1214412
332759
827563
1145071
298221
183631
504
228146
-324954
115402
275446
1033031
402006
167208
896500
323902
896500
-44344
13630
224795
1080386
802484
45598
214353
72386
780270
609785
629615
-25771
202014
245930
374841
1319231
159271
-144655
668617
484810
-402724
123582
341391
-28190
550450
-165065
908887
1054232
474877
291241
1119344
112002
214353
-39748
800597
32191
78167
827886
683409
151185
202055
802576
1315821
334404
75785
-2693
309239
160059
-9380
1080386
79705
298889
165765
145120
-133289
30925
995673
314019
968825
171547
-233015
247860
564483
893936
140691
-269451
-1458
704826
137169
138170
141366
-359098
186854
341574
185811
-6956
311561
-61596
553635
5601
559110
330336
507079
1418249
997270
137647
45236
690909
368819
542962
15554
-206275
878116
340405
-66710
-133234
615295
614534
144812
826766
434206
656118
-191414
139855
1146897
107903
171822
566787
196414
253903
481798
457097
-60121
285493
1235173
345366
426121
504684
707886
264667
-17297
617483
1250764
103490
510046
654544
502600
873770
198865
495125
410945
-128588
-28263
-57555
43119
957633
14515
258095
261224
-32127
457353
1349131
963608
162745
399561
-228145
478754
-4016
504547
-355903
778046
790463
1134706
-5718
637674
701395
-10060
370191
795763
108131
-15406
1145071
1055206
958201
651264
440553
287468
62265
514430
788249
1023976
-57652
789982
714324
161419
142469
741773
498839
535989
12178
504375
86436
518245
906203
1351367
281314
141219
890811
436367
54896
1075915
13693
838532
602943
260458
55881
114096
1111041
791779
416538
13934
-130808
593317
669015
-260237
951768
338748
488829
899877
510034
36632
1048975
-7357
1146248
683622
686885
540371
69875
728682
499756
-145661
-10460
1100048
-17832
265059
992931
21650
743764
446533
690727
192231
38934
-204310
104747
241209
658835
192231
451457
-128214
-12792
-65862
469958
324862
141949
217615
660233
-117449
526208
-10415
106149
533948
394831
69875
-18355
357861
841706
740499
166894
-483225
-90278
-54986
456766
451316
71943
208977
633022
-147451
718711
275963
124117
1030206
1280467
900768
13718
649446
317071
426629
135857
614132
816283
397021
844361
248698
1069443
88183
123851
946249
171285
-145496
396801
-107674
936750
146982
64180
257425
298402
348867
95310
29486
110097
228561
481971
405666
2266
-7994
414914
303787
65574
14064
1453514
1084323
807154
946421
88927
467737
158511
307106
880076
1060038
773960
340331
677759
228020
-78784
1013900
837016
-58156
108391
135855
89406
706904
834956
241164
-198395
382506
1055836
372131
470619
221495
250830
552326
956104
-10967
115130
171688
253423
-123348
1204578
170029
100514
-391590
-112732
42395
104817
-182296
-89865
1004999
675773
9065
961608
89901
585347
-95034
560194
224275
-139107
728880
-138756
448612
260668
4470
396043
1553911
736859
756787
134791
714324
-380748
39903
283474
674922
261414
834256
295277
1024230
535132
-335005
811616
1165026
41953
330579
-50575
99486
870841
569159
504684
248205
479497
565106
-175883
152369
967223
50981
637442
1320668
111670
191330
59980
417089
128927
479596
77885
-68605
262213
637790
453168
85246
240770
-214669
464908
247887
6061
-161010
-106514
-261109
-19087
34917
422814
619013
135473
100641
-204821
586174
692864
795763
295958
182091
-87491
807463
183371
224419
141525
33439
48610
416340
684026
369785
-61511
202559
643621
-77639
1050851
100229
254804
172297
301286
143514
431080
845885
89383
301511
62126
618470
790141
-123758
317783
12360
1605115
-30533
451999
223461
133405
343592
222520
380217
785039
182599
-171446
604900
1121202
655391
91137
344266
536736
790953
716286
-73071
599996
455226
138784
773851
914787
79859
556468
201543
140574
-33569
617483
1299112
246084
1358069
-21917
-15356
396011
220592
1215760
165000
-21860
844788
898609
344619
285029
214466
700208
229143
-36078
-50399
-139378
157285
509234
237768
47471
1477319
239547
1055367
60829
502398
1488536
516856
-154169
984169
1083609
800080
-88631
698579
454890
273539
-34553
-13214
267924
1169772
391040
410945
1084882
252554
736238
868422
1075191
-263172
742314
-43912
981743
1629672
257459
674757
963608
284606
386343
791168
23080
122998
-106699
409648
378633
592976
577081
95062
1404312
163397
784589
855743
131758
664571
-43210
-39015
165680
475720
806725
1349716
1044261
970584
1061468
914397
1214873
608857
808387
32239
1169459
636843
853838
689032
16662
132288
-288637
673147
335173
349936
894480
-61486
196022
4470
166606
153609
593821
-117781
45364
1279487
341110
263112
1107339
333935
193080
752857
1268152
311368
139792
1110968
-107475
420649
-166005
-87480
531709
485184
250036
128654
18623
17326
98053
48438
238198
708165
748380
137474
1215552
922441
160357
464275
216941
995696
128348
1290029
-306034
383256
157285
438919
507224
724766
839805
543799
399039
59352
533717
1206856
1264047
868093
400200
967322
-87882
197061
61700
303224
79846
1564266
1021341
171574
501931
234254
283010
1249221
1023664
81139
575825
-71074
449415
190425
798684
224527
297029
165716
824195
844489
278504
21016
256909
815509
791205
357248
805442
10475
876648
589829
-63870
450858
671703
983617
786974
712586
608926
1040969
755386
408634
180628
-19526
78497
52024
246400
1069215
-288113
727319
376145
-180639
739107
524988
585347
1070155
299612
264362
198507
-78246
92270
786205
99724
358493
333842
749637
1023345
166771
633838
283083
859188
1174032
305859
290960
1038413
750848
959129
507765
136839
619013
-25298
33835
1185824
-125027
506759
66761
95054
186468
815985
756713
1296591
705171
124825
786465
441344
247123
-364449
509304
174926
780092
256147
381152
1515801
314587
346616
241018
-64445
260516
502524
937603
1287219
893670
901667
791167
869245
1083554
994384
682109
26644
290265
591760
56295
-33324
166360
165765
114195
1019429
569561
509846
854551
972798
167853
102036
290911
1270977
734304
346138
888471
142940
728892
582185
484705
569784
20603
190527
646252
-83018
-220026
750804
656118
712725
524711
-72019
177979
186096
480235
-95373
-8459
1324232
1296588
146524
-4823
749637
958201
51951
61605
795414
1315690
-58113
459673
726372
814484
-331311
1046338
132796
-19900
-383341
887533
730189
325732
521994
-77691
399983
976905
336163
727523
1650225
845631
613930
263161
166980
228616
129575
717412
126538
-250314
695742
205250
913563
735913
1057773
394922
358709
-177551
662376
861776
18106
171910
973425
84639
1057773
542070
170333
945820
415388
1279819
36219
1409685
69828
365509
642659
189741
48341
-13201
219104
-168662
192842
790684
-291423
333080
-16475
-129550
-131685
958578
215753
789767
-12845
1180518
957092
216289
661005
768096
-151956
381765
-135292
97433
838835
736568
51578
399234
531665
119351
683905
430897
378182
389797
266029
67616
363473
221173
387832
611354
351450
996603
414502
1472629
834545
335425
273855
324684
256036
-112410
121308
174243
1060455
990365
852846
989295
339046
657795
644251
547287
1401239
832266
-16776
539884
631569
556589
1062678
789238
276993
131257
612993
428549
86783
487286
21775
265112
65628
44530
53648
249940
541912
499756
300254
151059
1276234
1649431
636545
59416
555105
991046
282711
211222
898768
56637
554398
1130001
150189
941293
-17305
-104830
518930
1697553
75133
822852
180409
70077
1525939
188043
-76959
780042
211411
9316
383604
959129
732155
427629
1086185
24120
559009
363958
1296168
-110652
969821
658833
876148
530637
1078172
616441
813613
11145
-341791
798352
957998
368205
71142
212988
354554
282742
-61596
30775
1124135
1142655
40527
75785
852119
1055048
643234
97474
-147797
704039
214335
727574
144739
170531
321464
946406
-4068
1383518
348867
869197
170944
1114276
281607
71927
225943
372569
732028
1039911
58634
-24828
751666
426464
-61394
114271
-209258
834545
157785
294094
-156592
10856
169106
1337630
324684
408548
1352629
1120970
171285
623978
785582
561648
-1930
400386
180628
968777
-33503
651732
206666
728747
-32611
25413
320527
140512
-39748
1419402
-120126
322085
340047
65436
134162
552326
79963
916368
499518
798270
775447
378485
575591
368959
207655
-392794
-226328
242630
825624
771903
839805
469082
523800
565106
-1403
722079
117665
701395
620582
153072
373288
-11736
995288
177489
916261
1110613
620380
949570
403208
1065984
909700
437896
874031
481161
-114745
66882
575651
1180503
-6037
556152
98358
820716
243272
1031922
387067
804160
-45525
-116896
500153
490930
415142
745611
-39748
849174
-70215
-231477
189917
810407
1194971
551327
726166
216106
30803
1218035
348472
504296
-5321
800518
555354
266035
1320668
-12181
-158112
21650
-441511
584315
293070
-194726
2263
41637
885531
1483600
445035
1139196
232309
73162
-151647
-65279
148643
309294
-116284
-369600
209855
-122803
862518
-32065
-37446
338926
353578
437728
1355702
1112422
498174
888217
249823
318716
931863
-5557
1041289
395175
1353717
204790
730135
236187
583677
1233975
740657
1231783
768103
168904
-88907
753571
916585
381402
-250800
313093
722658
469463
1262568
463304
36428
529728
1244052
913142
-52417
-164011
1058948
57209
235612
688357
947694
-205908
727969
388350
-2130
155645
241423
-103075
1351662
44452
542041
1256684
625872
346611
247783
-161633
684081
47201
298741
198865
392666
305070
478875
18106
605214
1248758
405854
1142685
-37011
100514
340220
83925
-139836
378251
876827
320822
260558
-122814
-81664
729136
458432
80963
589728
645964
914959
379718
471639
-42858
244383
546096
579726
26394
-171745
858230
147208
1164174
661269
165460
91459
113301
-136655
149361
90748
789815
241757
-193462
1081502
132824
158172
171497
372854
517907
187544
1109913
1114802
-201761
1027599
184657
203440
743818
313417
420714
243620
280700
754816
288112
-93590
502450
656694
1069880
-151234
75744
-35146
112771
295370
6526
735634
744660
785799
-53564
135944
-156576
1126863
765120
156667
550740
699991
849273
376865
-6910
1208381
1490841
721657
-260251
799767
579127
109589
77315
741995
751008
468781
812430
-53498
494651
1021304
408548
634220
-217285
368649
-66020
335822
471300
541912
-260544
1247408
392666
1087503
275286
-32289
-116615
168031
416962
-67415
1229678
1092500
1335509
711463
637674
-154442
-19900
603113
558513
519075
24987
1073220
108679
163893
736461
554745
159511
248354
207384
282033
-250717
192160
-11327
398157
344042
354637
1265765
-136127
889966
378458
-34029
152595
1173940
22279
1032511
309503
1555418
-14111
222272
62211
1056814
35161
1318092
536429
570689
256198
-211678
982333
973425
713249
1290019
1646145
509229
-114207
-48100
815491
1017946
1061009
336870
152719
162280
692700
670011
1005413
-42740
938640
236554
267339
581584
-96397
473160
916323
345554
1016082
765158
174598
50421
317210
-168762
354281
554767
294894
-33920
667646
631852
-32955
405043
689124
212426
269103
240131
-95893
1258181
406387
51654
1142655
88100
500819
188331
798297
669421
270460
227709
922441
170129
-48303
842301
756981
486532
-56573
901970
702027
29316
-57862
955868
649365
-160189
564599
316483
348144
740859
535327
-80699
728880
1057270
111022
506759
25481
111937
938727
212599
643895
183639
160333
1208804
27960
805751
451399
-117449
865724
937244
187290
78170
-85834
189326
458173
867255
643768
-3831
121505
923056
515664
-50542
338929
-143928
1215720
158396
411654
530678
1238043
1024230
16282
24760
182800
-56565
33122
134998
-131836
-200311
31085
249200
75433
354726
716859
260033
-28911
165812
618916
514245
465473
50783
290358
189917
1184049
1026575
1247408
977660
1059035
80467
493872
333225
704401
163484
456059
60016
1229037
610519
371368
718711
-129639
-169253
65957
1137997
91331
428092
329812
-7956
-244221
-261304
740993
32287
139251
128569
1269197
43626
159597
-58113
3918
789238
-121392
140944
314654
1236245
317158
159196
1011834
-42858
1187149
106706
915775
15079
532651
358117
1163929
320905
69848
493038
436367
187068
62756
-30739
807958
864890
368819
-25872
88365
99677
229925
261181
540312
1175473
90097
-32924
467982
96603
686415
199234
97433
551697
-66068
945072
114730
-112492
-79881
514664
15014
897172
867487
193653
1087107
153898
102589
184938
59222
166192
1136243
806190
24843
296524
446770
807771
109981
1240620
222808
1084468
103515
732724
268992
882215
226324
602681
498492
-122597
33055
204128
-26971
363769
1349509
88543
-66020
960237
309856
88543
468217
595148
693283
-44240
1052939
689673
168100
280984
240078
982977
573517
1248327
637963
-160189
293113
257009
909433
175912
-260269
199313
-140360
1344592
265559
221609
399180
161895
-85
449063
-110503
330353
1639393
284061
1188932
238187
1259878
24137
-98163
869335
1013642
1237079
1027
752165
262325
963813
146229
877464
606343
174725
5426
47171
296524
463558
187219
838388
295255
718206
150684
1028091
559777
626797
447809
562492
969304
317533
1116285
1002500
696127
710356
526679
437397
294738
167613
1486332
1000554
318255
1040293
-60151
647552
197491
875055
-77243
197888
566776
-220517
129817
1422966
175897
99057
-15202
132071
1055206
913097
569370
172018
252061
298302
313417
-10576
436951
677617
1499695
161604
1268005
-289101
452933
1001783
962719
333161
363958
552291
952764
190079
597189
976315
658235
-145173
-16064
251718
-60876
920609
340272
533621
-53309
323424
-20470
987171
764303
295225
511584
409633
18467
154680
844865
-72586
542067
1032511
-124956
163595
12178
802134
843393
1269413
541787
1090031
499597
1027599
-139389
-143928
389293
567527
152388
136600
1553911
-62090
159644
456104
733581
189419
633343
824957
79859
1412665
975424
71775
232121
46105
1371817
-16133
1230924
732383
110546
562175
224541
848714
683834
807774
620661
1157444
722079
1017258
898707
1258095
464824
16123
340047
835500
-313927
594236
299481
197347
734275
66704
62549
104180
1378146
61571
609557
580192
443879
36382
7899
183371
1052928
570022
945011
1168856
705767
927303
1129372
826184
169504
356847
767947
107095
297907
10823
754126
-87935
388764
181260
473616
214901
317946
609252
544527
535727
252198
847831
23220
219920
397221
425503
677289
-206870
-37214
603168
-67226
425815
521803
497346
145540
830554
911035
-162624
985059
544492
449415
-255916
1135439
75014
-2345
206099
34954
-277431
857191
168753
1214243
255665
473736
-349810
174390
40207
1559494
1073212
-63510
-32650
340147
61446
217474
-130137
5058
1131328
481032
1075350
46930
552291
-23025
675254
361416
129619
197639
824053
447593
1168909
383286
703287
486814
45021
378767
-111837
1052703
1076503
8420
-86429
973925
876478
-441511
214889
1257895
-139836
1225874
561518
261194
815904
-89729
1020222
1318092
-255878
164021
646252
30640
546096
108677
303224
463620
-253246
82176
584265
51036
447103
909448
926293
-20665
321732
358874
651093
126862
-117781
-50556
296681
773304
170944
417116
1008730
-137372
751767
689038
44571
737441
-334395
941623
1094029
954426
434428
391185
42489
958069
768583
-57230
430368
676089
1097704
728709
232810
-16300
48636
308356
238738
306137
1208804
194540
-38117
677827
-14153
296623
516856
235073
448672
151433
256073
-291687
54859
776157
376712
183631
447103
69085
1126370
150740
628922
136720
433381
1168603
220576
479943
743159
1131244
332248
296709
-6372
684557
43548
123582
963538
60204
883833
1024230
355088
309294
324776
1026858
213321
6189
69026
322085
340212
84044
-189975
455573
1000462
245273
-122670
1011909
90536
949010
1142576
274336
529825
1159732
629433
153306
-205867
506759
386049
1307560
763026
214269
-78998
747308
454867
481725
302421
133074
861216
696697
789238
732839
739154
512046
572750
669151
811573
295277
119751
1223971
-232953
564324
198096
283067
653294
24839
762132
281744
15753
155633
583821
154091
487978
970378
-158004
352895
903708
692529
221021
122644
481916
32996
91524
1002140
1108513
33439
273241
-50924
502600
23789
323185
503999
1204722
464265
-40623
98476
64977
623947
1457814
1306292
-36022
-227445
119822
369169
780270
-180639
-103075
-106839
520128
775614
36961
20404
24370
62530
1240446
-98494
602670
1059061
1210664
71927
88145
452673
251936
124040
536232
544838
330579
451455
138442
432091
847028
108800
-122597
821453
423976
686415
970888
1572857
1631035
893120
170531
1130836
1424068
648561
-14930
181801
700692
166360
78692
652888
105809
47887
164331
-49088
93147
328485
202192
526997
1078914
547542
334183
969142
740796
617925
1151271
1040330
1274476
620585
576168
442858
552944
253423
970476
1040949
808467
-379044
933980
418924
64543
851944
851951
178830
106067
686637
122873
1271091
965838
-11587
337922
256304
275369
1025309
144739
210608
-15830
-75081
-108727
807463
1027310
640123
111904
747670
828056
27984
120707
154921
986406
1189156
701011
1197219
1107449
915097
211795
118987
1236236
419810
731813
1284305
222172
1263106
749916
757727
216055
183113
507765
-63318
-26076
699153
854513
-168662
484810
431348
119351
12987
717994
79385
321350
1212349
815704
504
-49704
204673
229025
328647
391668
-123080
752857
106875
415940
1278425
806725
38174
45564
866513
637269
848613
923362
533964
498600
-180418
396043
869479
697065
75418
275414
799682
233020
255742
980127
979548
593042
44892
287659
310409
181374
86651
786974
1682081
1563864
171822
-167262
197792
367570
1006330
747956
74103
1152
81400
973681
328280
150620
731543
562492
1136858
768620
234119
533434
135802
1110644
827736
366775
262325
310092
593042
1128007
75459
111520
244932
1154
-62871
205236
891093
493748
-29131
618850
317300
228522
876014
114398
-102983
91212
570976
497238
158896
317703
-50314
510237
153607
1349716
1039467
434945
51654
227167
210253
653871
485006
-60643
1306853
995624
774485
250444
1296168
378431
1128533
246736
823796
714311
325362
412247
870669
193078
713183
1087451
1230703
657593
442013
761225
489103
648680
317433
942415
520266
173126
1052270
636698
107444
1465226
614440
1007508
1053782
309817
1260372
359692
321407
741061
293696
1289548
267578
915410
624904
-420839
509585
15255
906446
38968
750047
902301
47947
807145
398040
831968
117656
1063791
720479
410307
-2532
1134096
833138
104830
223883
48346
595860
292609
115764
42395
-28837
533948
111361
923550
-175281
1069320
804404
46526
654248
53097
407041
595156
1061851
853409
979323
463943
222570
1156261
1079177
1243329
315776
1328747
-99010
152218
53342
1409685
271715
522615
1017225
413938
280984
-11622
863094
60013
214138
1021764
49270
973925
831583
326886
347267
270121
163330
277928
-32611
9861
672527
-87891
654473
523634
785517
534687
759674
70337
143681
876265
337981
341489
264708
-247900
-47391
999653
1230099
-17847
269754
340220
100100
522950
79388
117360
1110475
313842
-343249
41032
234950
1172469
1516628
-10923
258248
868167
1076114
1216057
13479
1236648
137610
1191405
1321291
251614
123765
333172
210000
780879
-357867
425366
101183
226017
71086
351204
307351
424271
-48814
66882
732096
-343880
174811
626863
213201
228859
79385
361416
861893
1165573
1214695
-19631
618871
998089
-17820
1138478
137169
1962
364020
-36933
1179240
-128119
1081502
-28272
240010
884912
46200
1329876
330903
48341
197826
-117311
164012
1145439
580077
300188
636545
88749
63700
182389
672601
601614
-71918
185675
410329
586786
176804
510728
-203215
78758
-33584
186468
1046602
832902
756451
899877
215875
1063530
1008912
-115040
124187
249216
1162186
1181320
73137
238830
634392
167032
704649
305272
17429
14785
370958
1286423
12000
1115107
504684
220748
633371
754816
303759
1139225
-444797
519398
28775
491149
739892
71711
363202
-58113
1040484
1197581
567699
-129010
-92932
697589
613164
-25416
877936
-286613
1121450
472586
336097
121670
-5153
349151
1104697
328716
105935
394616
543489
-71318
1198005
984066
-122466
688576
960970
771903
1189232
837016
871958
21775
396301
945297
381048
207992
-171850
67755
-483478
956628
58125
82984
-11461
722079
133405
1060597
1331008
40235
321732
6429
129408
-104250
1137198
742314
202717
664360
91733
192291
427438
69937
872977
698579
133055
629019
47361
-59302
1230420
611041
691004
24137
62180
175849
-159669
116020
42069
387354
567033
1090080
328135
90332
380284
560996
717800
50454
959341
267555
82348
106807
10046
1164196
958201
7036
344284
166360
-27749
146272
-40977
1065582
485804
575825
553726
1087503
123297
152952
165812
1216818
-70986
-26971
65436
562749
306640
40451
-140650
252913
332495
-200311
236
121345
-364449
16396
-118540
837666
863257
265558
676682
1184184
20689
1112422
203876
884069
780607
253872
206997
924392
-60506
438919
927857
714243
128969
814038
580226
910137
-81771
1183357
161973
1105866
685035
339865
1256651
44683
10240
822415
253851
-17274
151059
350740
349608
788234
756598
741260
-40947
-109884
1009798
-25964
1362565
1275984
511027
212360
850968
315894
389819
886223
183118
447664
213561
466516
129619
448036
396001
618916
140640
481647
209951
297055
345011
357105
1231783
-17297
204128
833720
576195
-72613
-3446
156928
651133
646623
1455017
-9380
170851
16907
-11757
236170
-26179
370667
1217246
484689
-1403
88394
-172800
450461
1147808
41301
-106950
194298
233820
-276975
166832
1361473
-112541
850273
811086
226928
391466
180838
-82290
1307928
-110451
555824
360498
741427
-5718
92267
-385905
602135
-9299
436843
32317
9757
726808
-2401
1112385
1077709
879939
229524
414128
399242
1186491
1115734
340187
-318274
-108049
349822
507301
42093
144012
-5557
141652
1008275
943279
-21180
309817
204800
789982
887673
138705
491777
6569
-187158
1042908
74824
337715
727523
759016
-61460
323902
12953
1152442
912938
-15646
-139554
-157334
431450
15721
262724
68894
434412
1086908
921559
-57462
819049
583097
164115
852613
-189662
1239820
979548
54675
74592
966978
101227
476489
152167
1195636
785664
738947
183560
128310
-135800
595156
-91128
-19480
1286358
418993
1014151
798352
80537
334844
897542
1078608
-427756
68817
1240420
123073
-237020
238187
1079216
298670
421665
12930
77972
1079216
130119
-408019
702084
1041113
200632
456175
-2812
260682
835648
61804
304245
145304
-7994
228681
-112798
32192
1282922
10174
768792
815244
1241992
126574
1048054
1509412
788738
958663
385399
424271
679825
1119344
971525
181626
1112598
-137558
-413915
276888
329054
148764
-162208
-5162
936806
1157817
867757
168991
578078
58528
-123058
814667
389209
-91835
166939
-167262
912260
859360
1397339
156651
196122
229276
550588
413350
773367
580588
595244
688470
301305
1044637
248094
252564
20142
551238
940971
-313310
431415
475589
204546
4018
300849
479311
978007
155525
187791
641049
93851
-12995
1061009
974558
129566
807644
411783
381042
-345545
1072767
691919
2587
394377
114365
76711
756460
481971
328427
438420
1071774
-41363
-96176
262155
1058805
-94487
251991
247123
-45452
118994
376852
174630
143613
633811
536172
1298062
192496
-1244
309909
228131
644911
394922
1146572
666063
65959
239547
1233811
-223401
1293281
738344
152744
-245462
-137996
913832
1202230
-8865
-78249
53267
969821
912249
-51521
185421
17310
453499
523108
136776
542067
315155
62804
869335
889004
475396
551685
620015
456326
-77080
80303
88026
-75229
421954
-46407
124025
501670
344619
-46510
337937
-3518
948830
-83819
1312845
547542
-18126
160143
1434351
12964
130867
154305
400633
253154
966215
-51730
-96382
7608
9782
-105508
-18215
268824
1352629
148539
-44428
1593037
263388
152884
-165
653469
895690
18370
667376
1274754
-60173
591958
275286
15255
-51573
277653
-93590
339153
711759
937556
1114574
1120472
381693
1272403
231416
-327894
181225
298889
-14153
779118
72311
420051
-248650
-74094
859090
-208113
-126763
309817
633343
652610
-13757
-11138
534166
-416481
306089
1142685
367703
-40947
-222116
74489
-5474
605067
816047
673820
719028
1247200
21800
907626
1174437
154249
541007
259379
589304
204880
934141
23080
91855
54904
1582574
-263648
428983
297230
662941
417084
276550
824926
-34656
275048
194914
-120126
121194
-73934
255603
109020
828415
1292544
-106382
1046968
-344045
-35966
1157451
845885
93519
1418249
1280183
629578
4666
2587
-44293
101966
953449
1079216
-44240
630975
-19696
-3331
436362
575904
1237949
1068069
872812
-33095
1424984
144025
221670
-154518
-35146
982977
170218
353653
78836
876476
-100219
443134
-92432
1034767
-68241
194645
804125
380926
611090
620373
155332
894646
-126008
-222761
93328
-50941
38280
330053
670224
-38980
1107689
1027551
243541
656000
1398133
49875
1036057
451399
596707
-98859
745042
441937
67866
-320638
176993
252198
973557
-37349
670011
35457
658962
581479
-19900
1126370
44857
-143928
614642
10322
337937
630407
416202
269621
348867
564324
198507
1241414
5223
248617
-220026
1077569
-250552
738411
747994
68817
-37601
-67570
-209771
-318123
356482
150367
858233
150561
19600
230249
512611
177912
-137996
-21986
9894
-54196
-3731
630975
691952
-25029
208977
934216
33126
882699
-181069
639787
-115040
1371817
218492
823200
276888
731972
1049010
831556
-2373
796063
378633
-78784
-180767
246609
51016
-176921
-35242
5426
471683
952603
1259102
1244138
555748
1442088
867013
672587
1014151
808021
160663
900528
379045
107545
116020
453499
629224
26547
-312328
723459
69131
29807
768364
840421
41194
1280731
246609
1017548
210954
624982
656694
334844
741427
1056814
955099
89629
771835
74891
457025
345583
229925
513478
-96233
-115051
572427
609678
861909
1513893
156395
512761
53228
41914
255742
569020
233788
275172
-8128
-28272
356030
99057
147646
956226
219900
283551
830149
896506
-137929
364476
15759
-157068
271319
404216
-242818
736781
681872
62782
14440
337538
-40453
120408
161882
984066
423976
1101750
874580
35090
300446
59222
56079
57060
-7344
176
790807
1024856
682109
255085
517728
-23105
825931
254870
800178
-97184
1288405
694134
-160982
466203
-343940
1161205
380926
258985
387757
124071
283105
185428
345231
432091
161116
1042908
-21345
397084
825365
551600
204513
1030613
1119311
-47437
-140650
155671
-33102
1257559
862369
646643
1038455
285986
50354
16127
771703
-159584
45048
-133289
181732
707176
738814
110994
692271
167208
149496
1165113
-23640
518166
914643
1189156
1016411
349111
-271921
584075
199235
-217391
296849
1154
-1219
1269770
161083
-33165
425503
119889
120704
1150797
-106950
274519
1174437
476784
272600
1086779
844489
1324639
67744
195489
703763
-21863
256036
685438
342575
828360
1072918
391466
572168
63434
214892
510082
952304
1218
1158293
286798
142498
817409
869846
207942
855753
98703
-27020
253784
264708
688056
379907
18571
546981
570786
273728
64273
-341922
1286993
191643
864797
-153858
334539
576556
250744
791167
362990
352218
1017854
-34367
627286
272231
48610
217843
190088
822435
79530
711995
1121170
47794
610924
210253
407750
476873
1174405
536232
530933
1705161
123847
476780
404713
1005936
1169434
-5011
-283003
565796
670747
837452
1211656
15554
591405
-7956
350268
1231517
196684
354875
938684
-145661
-56573
170780
486172
799019
818781
980073
-111580
28345
258683
1057773
770733
132071
1056689
-246196
-145496
1276754
620024
348894
801332
-98859
-205337
67902
348573
212286
1174076
75182
172989
431580
1026007
342297
-236352
-95393
424640
739208
779816
772194
7295
385432
-83690
123791
1008460
511199
698903
296246
-78866
55181
162011
309531
224508
1004706
405509
3104
214320
318731
140944
206424
431687
407912
742278
303399
173427
171316
370477
6028
667284
-2401
367570
538647
968541
-32792
-7089
799329
-124655
905944
1030393
902655
63950
283641
-179740
45342
88269
1544239
422267
810799
339020
308124
571604
1203998
-302561
64854
585431
355478
-31271
132117
326905
915775
1034379
276366
844865
-228558
-247446
562661
231863
325207
755223
-102930
1037649
50354
715765
227579
1140130
1341891
-136685
325321
516856
26111
330745
126581
424788
633022
94016
478646
501142
-341791
394811
596256
565106
1134737
390449
340405
1126370
632420
318158
40596
-201761
222287
150512
43574
339018
595156
763410
1242706
-335170
-133794
929170
1129261
1129934
223342
852531
-14293
454155
167424
659160
1509412
98908
75512
1008878
244254
1233694
424742
394551
146606
558337
657902
756298
355234
-169313
482385
103528
73304
971525
197538
14785
-62445
1529502
-26512
305508
939772
572722
875395
402850
178377
-119399
63985
355457
136359
1321216
488027
22618
-263665
841259
200073
220885
301815
795202
920384
108391
802576
1123128
1128175
11803
-383500
789815
105855
-28112
918633
197980
427458
-210037
89900
7893
-155987
-30230
-205267
461019
901563
398254
1387701
811573
251614
-81264
267745
-17305
718366
63735
581960
-46419
196781
358205
1091520
-83901
514905
151059
342008
1059117
-102986
292963
931622
874213
1025418
876951
109025
-62486
1334808
-254445
581753
283551
16437
822107
-283766
1160178
464597
561312
182581
187791
295033
295053
1087451
754460
530307
462558
481387
-79373
1235967
580906
477684
1016082
459992
489032
560231
255085
-255757
-132263
14313
-55286
765882
1336128
479825
638521
1240821
360102
629246
883614
555824
1114574
749637
552853
77315
85929
41973
1265620
1629688
-317311
533940
-16974
154814
141296
1197589
181674
636557
212599
1308996
831227
483602
347165
718803
843861
246495
1244464
41466
859519
42069
90586
526094
211411
210533
160899
-50458
596256
737441
287678
196018
285342
484883
-62692
118449
278216
-42480
1056592
270703
1050851
-12311
1091680
1573581
1347300
848990
152564
977978
1164196
976179
1371163
1276754
128309
725043
692837
39617
600423
90097
383462
546932
-64501
80248
1070155
45598
-5005
120349
1264070
292390
1183955
1077569
1072481
519822
1054523
944639
1237810
325017
19996
60639
355478
-44293
582577
-259224
310943
-95393
168565
95074
171973
804125
842149
446651
830990
1231415
1008429
810407
12933
958603
442453
40769
503221
844810
15218
192560
281113
815035
230094
1261324
1101133
708164
616441
628728
757265
145104
167870
-309664
1051659
136179
784588
85915
202328
-98795
55880
671840
50785
171285
1053051
112720
334400
514998
641662
991696
-91736
10720
699160
234600
284971
821055
339974
225581
750437
1284306
797223
-136392
444057
288400
252913
649446
756981
1242673
331393
287489
712914
-130184
2511
230490
1123128
832945
608969
-66490
855933
203275
933250
118101
683409
-12201
951527
257391
828056
1192539
141871
499794
362838
1237483
809862
1069318
118897
-81585
240573
345107
878433
700204
800045
254857
163233
545110
475156
567054
-17918
267420
66761
326744
121345
233381
436990
108553
1213688
657076
354904
-5019
448630
1279578
-31854
97278
623491
324776
95397
237565
622889
156364
196130
938017
862518
759967
-168228
273439
1228074
816578
418810
104943
147200
272080
1226193
214902
240947
519974
-114413
370047
619557
372241
273405
457965
1218007
1564266
967657
114959
333032
5625
499713
496571
-157191
-107994
216438
171547
856748
92270
239085
156512
248609
303066
-156900
-47927
1052928
7295
361260
921177
535696
116624
-24633
841414
421813
695322
654248
514218
101494
233273
455075
-87716
267592
-63118
163397
396879
142149
922395
1451208
803940
1210125
826334
97888
190079
677585
754317
82767
418446
877147
-136304
167740
253039
618850
1214412
107774
337880
57409
727358
443475
222495
-54
144660
-81663
686197
833538
192160
381931
980127
168760
538369
165728
426105
543889
999062
676089
36420
-92594
44571
443200
658235
859631
678107
817094
-15054
790807
816001
70337
-136237
477230
682143
238538
-248650
1389048
79601
834971
-82290
-103300
467982
131395
-9717
885963
7687
16202
-108246
33996
433730
155965
978568
76875
224215
1137720
1354080
287468
967390
816908
858559
392574
329145
146324
460926
138478
-37714
-122803
183187
167798
64543
-81940
1116285
740045
476799
639346
52952
-46241
338901
537208
-289159
728321
1002500
716417
1016647
583097
183909
296239
669192
115402
852628
401898
1352695
466823
352934
683222
719064
469342
20458
658235
643390
867286
183909
1222207
187068
-54661
1079877
643972
940328
-336092
305070
945072
879952
767947
406757
583860
848990
749142
736781
10702
337702
481916
-51139
370084
178186
1053786
495888
502439
970002
779378
1202066
204874
200656
396011
-212935
514998
1363376
204701
-46365
742221
-76513
1042896
801969
719410
-19759
628728
509229
546422
144153
1506699
953787
348502
91137
100371
879687
210031
330579
137888
233070
334835
82348
244254
163893
64169
361159
394493
791168
-23621
885214
607372
814584
576562
271884
744645
404955
895690
961119
1280890
385432
1334808
458432
844489
151840
215928
763935
1362565
114966
123297
546746
1180327
747670
450802
32239
109493
311022
-81771
50376
457634
58170
-36484
945361
976404
270730
1100124
136179
607005
157127
588278
540108
75717
463869
669065
339812
-57101
-29649
779796
198781
452091
-426923
1544384
1060284
182889
896441
172057
835648
461088
579406
607372
560103
1315466
690727
673233
68100
1179509
428362
79158
407139
1238919
246084
-15992
107988
1477319
893573
-55791
897987
979978
637572
670091
272836
854513
827446
1144415
240779
533717
526338
666537
477836
1264178
-62413
1123593
899999
618162
758205
833376
482041
518336
585356
234258
1287219
1041935
1069443
908299
933605
214165
-228013
705842
187098
481032
580435
704559
338251
869305
430694
766026
-28198
242337
774354
523706
71277
282370
368900
312782
-51931
-104274
522344
81495
251578
822029
805355
-9493
745050
-235085
53041
915943
31370
-7355
1233694
802458
1294535
-401139
340420
92270
705066
178580
1005930
242331
454997
1050171
239439
416988
1024937
-272959
651394
828734
962026
723356
-165460
243620
154249
-4620
409533
246480
30748
442355
285986
816908
665274
903900
831914
571671
666063
-260896
405188
236497
147787
628105
956104
144517
991046
-28505
1036138
1280302
765821
195592
281303
3194
1024017
-6573
-4288
1172759
-31936
1197200
1044445
-206735
1101260
303265
1205338
139095
1073347
685184
553749
128569
690909
55040
167075
594980
1371236
1258410
967602
383615
66481
296681
1059555
-6217
-5162
100641
620516
373383
-95625
253460
362981
823796
197491
846372
195768
391036
299540
249222
18452
898227
-2345
593285
275414
399447
520176
89403
389355
-35206
-160119
-143163
386395
-229975
-49902
79520
1006151
818781
211599
55575
709099
898128
24892
-9821
-115051
106000
167366
688227
514905
-87882
971910
1452922
-41677
972253
494729
662513
880569
-68060
963608
-65410
1246729
1032963
-2867
-106719
1380015
1612735
1101151
1064220
182043
209951
906094
17816
99995
-307017
398074
214466
6110
1019784
351045
192000
984735
415031
304245
92663
944639
-112752
699153
180958
30902
-102930
891093
1119627
909624
205479
658242
171945
461200
134499
1315821
326931
-119840
612974
825624
765566
-155987
406514
368811
373231
89115
258118
216438
451488
-154442
611629
1074757
-167670
1076928
653383
259041
-46491
316901
-54829
618470
1105321
1181338
-73260
527775
528716
812338
115361
-107722
178492
-111321
612000
182086
206049
815671
1149746
988500
-4080
1238043
11721
1551877
35885
298667
504364
213740
1263033
876265
-57489
854513
1148301
106436
-52766
128821
306952
75079
891378
460772
-74958
471254
-16133
1174363
383286
502532
1555957
704401
145
229661
1148494
35668
578247
304760
1042386
249908
252554
481647
357357
406757
1070320
959088
162851
267555
1649715
575480
293888
-87657
-117050
583718
-8090
305487
965975
203440
960243
121797
-45195
387259
1126080
728751
-60184
571483
-216011
430460
1068704
140677
289565
177025
484689
664571
187117
72471
275446
803849
966013
6429
139251
95397
281201
99584
892719
248476
-199375
202413
14444
417944
535132
680867
1021926
301286
-118826
-2009
82603
275369
440269
390940
309762
1183919
196414
403895
325540
975080
454950
630461
867757
126026
376817
722079
530678
4429
1180427
365872
200175
1310951
773591
195768
348472
166502
276477
124307
1325687
144215
303265
22305
1014575
250629
-109680
988300
689032
-16967
284601
700204
136734
153853
206953
706944
569561
1040945
535
1299114
371368
616115
-219834
181874
614534
934561
202818
297907
694134
174029
64008
631852
754126
238590
1214393
156395
188357
695637
535063
731592
394493
229519
224205
227709
144012
-44544
-188354
659257
1017554
333009
834793
371013
971910
374385
-390659
860577
972396
450666
758007
573485
1170045
980303
882215
953794
439759
-26971
-57652
64169
130119
205114
-33640
672748
-116281
-129776
281303
700830
46255
345554
1293583
305272
1695197
1074661
738000
586590
-119034
218133
-111141
152167
190392
-275290
-72019
405509
159720
-108023
356388
1528499
806604
113060
478639
840900
498600
-185569
338748
65457
991425
273439
912559
190435
-198061
1171632
1051659
708015
-132352
497774
274001
437081
15949
1098368
88145
349822
760153
200733
955258
1048946
192677
684557
1184999
958754
526215
476784
1251706
53648
156962
656245
31856
-47391
102697
761852
-32245
166539
844489
736334
137169
978237
270384
402231
288112
1427027
728751
24724
29422
45531
531690
667938
57416
526338
592208
-383180
211095
291523
413099
579887
340950
392243
944550
1027878
-144833
700208
862359
67494
912987
801327
644070
1013808
365279
6450
875437
181508
963538
928963
708165
-103253
494729
42744
-181731
293113
637935
205476
259675
770527
138692
640716
1001234
686885
1095238
443064
372046
182091
255903
138771
246609
275367
616304
565393
586174
275596
-41363
-36368
123422
474804
-185907
319033
859446
243641
788743
81215
299035
297719
-81585
1040945
-42441
955047
-11757
484689
90296
228899
1291864
650491
777119
1216305
591886
188322
180946
833720
258175
698182
216515
-18126
1011752
41313
-158302
201588
35457
-8361
240807
47333
480766
1167509
-32065
335417
555521
166385
-7035
-34466
375923
431348
282033
-111769
77167
535742
252951
369785
1282344
-175883
835108
-426923
213744
949816
691834
1060038
-184704
-187328
363437
78509
776660
354803
1055342
368819
108355
36382
367570
197491
132117
-31081
977522
42816
-473671
1549829
599379
422278
1308854
559113
291815
-405273
-136585
216765
193961
885963
-379044
-69236
196087
24083
929916
589763
716181
1177504
-28097
193671
-40453
667376
-114391
936014
334885
186315
827722
281113
835711
214335
116398
329145
171838
88600
447966
648331
487391
203836
-78480
-12245
-60643
397154
191755
16819
-82066
37201
848152
572427
500915
442453
45439
256079
300126
-116851
132613
704559
187961
380848
216200
54922
576051
1233694
117927
1139654
921414
352432
159460
120395
556152
135356
213527
179238
-76551
1137573
-21583
-139125
379449
-48430
111586
10221
1062878
366546
282370
172552
73604
206525
116398
244337
250266
115361
775132
-105696
1235423
864504
1067910
276025
-292580
504638
879052
605726
353752
305487
1102593
542962
776340
283067
-93207
807644
923059
173191
818754
1456467
653469
851850
1038099
675664
142096
43043
240861
-200884
146455
956815
1144017
397979
1045496
489216
-93207
352218
50785
177036
-116689
224633
289708
454829
-75145
907077
510061
714464
-12181
484810
738544
905774
1032511
19723
128309
80930
994117
1182822
966222
701395
333864
-202883
219704
618959
177127
-66068
376717
585431
-47004
233443
217140
551452
-204245
341245
239439
191755
424757
328693
432402
123550
-118718
175869
-66744
1213660
564741
281299
163484
562060
226017
-256490
-97394
1274754
-293653
1372346
1143047
565882
-116084
875124
1006582
852853
1174437
1274171
435495
1069908
1180813
962529
322158
533375
9696
779584
271715
-137558
392006
566366
61784
183390
137585
-87485
85235
171860
878076
108553
554944
515012
-98073
177364
340029
1509412
816283
189631
38393
214722
920172
1002485
265702
196912
24760
-60151
13301
669421
108807
208281
680807
438971
323380
1016411
1004865
640958
1091868
106545
748258
-76733
45564
167987
-17399
1283790
247046
481480
102557
72650
504
306206
169955
-116615
-32778
1146354
1254257
132857
-217167
-73128
246876
-5718
297634
16282
486029
-129383
584529
-173412
933250
410606
279545
974963
958002
783346
515303
-137934
138442
202237
47911
539053
373334
323108
801557
1172759
912362
313417
402588
235778
486532
813962
-18126
212367
186835
174158
71086
266804
137683
-32485
62549
984066
1128237
1085919
651024
409736
678107
356039
20108
238060
422633
697065
509734
141525
163374
1225874
228339
-107321
102631
1138769
926544
-122832
355457
310164
-125027
327342
372786
703331
260065
1165026
309531
153044
173367
111869
139855
185675
603988
66970
996858
435242
-63018
294722
458918
523769
1157817
282791
1025959
1300929
123014
-102884
805670
919397
337489
1139837
627427
-45110
1347300
352099
237793
403343
809176
1431324
1224898
685035
641404
194540
393298
-163394
50187
341299
226331
67866
853354
171133
1028091
301409
415491
223687
727166
848830
431687
-77830
-82226
481971
695182
34054
295149
410380
178168
57078
-179744
118246
1118423
-154169
443200
-44840
515012
588366
9065
742221
1156614
-164907
-328783
144739
369195
181724
-44202
599996
477230
293340
1091520
778415
-169313
867665
1404442
182287
54546
86926
-17088
83149
401350
961425
182599
-244935
196799
331393
198076
966460
-111837
1000742
371285
608367
1242706
348573
955014
810798
633742
626863
324157
744843
365899
-27749
640164
453155
602943
747956
956323
210898
738975
363669
262089
82166
262376
-24992
351580
435546
24760
1051354
918014
591777
719476
876265
836851
226880
-203534
562207
-192443
169075
385843
150819
575651
-193226
416605
669624
282877
693195
-67336
184284
1017564
737048
-53109
222886
-66707
418185
-364284
391872
620024
351949
705638
1491430
38165
258873
259265
122354
119556
1182290
952673
-46356
-50153
44530
523706
359866
401263
-203692
320729
190907
5792
337715
1130781
65019
973425
1317220
-23417
756460
-197951
-31477
271141
-178716
738344
504296
129862
438577
273909
163930
517761
271614
596669
-46175
227169
622526
121153
239080
204724
1214079
36420
1571559
154708
1226535
879140
1139669
756640
1187769
275367
-138763
241410
148582
857311
97278
607012
127322
128892
-155762
340080
26294
337981
-34713
1224102
934216
1364055
222419
937541
299964
507498
144358
337538
12998
111670
1402486
1082392
-20415
-61469
-60774
855912
-435749
439759
908167
171791
313682
-4823
857508
838156
622349
530726
190907
310943
-197951
135088
1072481
-127612
90588
-31990
-37007
516691
1232523
-187666
695442
50989
689038
929224
176360
375394
-249570
982032
245409
731843
276477
441325
172398
524299
502398
512560
-7665
1137198
718206
437081
465666
1173940
683834
508277
317717
351949
198096
-39748
482786
-121342
424098
25171
167208
-24824
183425
617918
111022
-212444
68718
893125
1173940
-54378
576583
830795
592208
40351
477832
-425519
575503
156976
13363
180689
178715
778090
795879
57416
314327
830434
158962
620119
-83506
371290
-30739
706236
1068479
870653
8852
669151
-31833
128453
514000
134490
822556
42468
840259
269128
225304
1008683
141242
1094377
24595
-12522
608723
246646
1204024
379973
471828
454867
-394428
832902
863257
975843
-5536
-157112
1631035
346619
780092
1203455
351250
453168
922462
110011
196444
732724
14953
128687
228980
380547
18541
959416
835711
873356
56534
335071
696712
274767
413916
692030
1229815
1214079
-157429
-16046
156383
118527
1015124
-193285
791167
467917
354641
873194
1118061
1179758
28575
844671
482499
909919
328280
229570
575825
150894
197480
411241
251077
180958
108677
1347869
296681
306869
563900
53605
-112997
780270
414978
-172500
506514
1018116
-61596
253109
48636
509783
-119840
756435
927311
821992
103420
921145
1510263
-111594
511264
228616
1339414
-46407
418341
36816
1114974
1296936
-55722
397979
205528
307895
456139
402793
993268
833593
-94312
91305
-111163
1254097
452575
64440
1054232
350271
275596
5427
499674
413528
356982
535095
113732
738814
1654348
340925
153670
178570
733916
1289515
-166980
219539
-151042
440014
1083448
471828
1051778
462179
-71846
-48742
176559
1009842
-62169
1040673
426108
-192190
715340
-19449
92497
464303
-8882
1073347
-124040
320527
1082875
801065
867036
-78583
71708
123090
554477
293981
382492
-342501
-268193
614511
604900
347298
117158
856051
459040
508277
433204
496816
584042
1315678
130948
1364865
306291
443879
1080787
253823
610012
1182556
97278
274622
424271
550000
317945
582254
383181
792156
93924
197538
229461
407821
-279711
363769
-199834
-96382
460470
-58027
138071
-325519
-65094
31745
13693
1182181
129967
530121
426108
477689
287893
212469
45315
1179994
50070
123611
170944
609557
616441
1097045
724363
450223
295210
341503
511264
1424068
128523
286815
673005
-50691
280177
678
484796
-49111
346828
772722
718229
106545
163930
110441
-102983
-149759
239594
372241
-386369
-157112
538621
174276
345402
138713
-135790
523108
703287
214410
115764
261194
694324
974
-78246
25964
-3851
312022
1107843
395192
265037
229025
-15688
1013808
207721
1035608
887533
212821
485276
1185968
-93234
292390
887499
159045
287659
98703
105935
145708
1442639
100165
362259
224580
45950
265322
491577
168903
1029849
939944
806604
682469
1086418
783651
42110
47126
642904
-68605
56246
652610
242615
633371
288141
510981
192517
-50924
819845
1016082
545238
204490
334345
1409775
-88297
800213
595244
699400
1690564
344820
165081
708761
-32485
148761
339153
1563864
485603
1112272
295916
-66744
418924
300713
540757
238663
140322
276481
-33503
738965
216773
823032
489362
1296168
630806
828734
278852
8397
405123
264666
899333
1258398
241709
566526
-50941
357670
168445
107058
252049
973579
300468
46333
255512
716417
716542
132378
351843
-139836
344462
374255
1162537
1104697
747249
392006
139974
185403
1016454
1559494
503617
106000
216438
-246506
373321
334844
-45144
142851
-6471
189419
153044
1110613
-5005
338926
123550
481332
585143
764602
161503
-3429
600773
285321
650653
533018
946151
258104
373334
1043894
1266214
240947
357357
1087618
1056592
-401139
160357
-99644
-32403
229916
13398
565349
132797
997992
767784
741995
-140650
775218
187098
11617
495919
322326
611041
-227445
570786
369239
43548
41773
1199538
823796
344284
1292818
571483
-53892
741685
1125766
1019816
686257
897390
8964
874583
121166
1015257
806187
136734
107454
273860
1177129
-45242
-313927
24260
385513
-343249
733315
889080
700204
786363
-214581
-240498
708165
247288
-25862
220576
898128
924392
147895
141137
183477
739208
334650
680807
1098368
270632
161989
185675
1172836
814038
140026
238568
481387
108822
446759
468299
-194726
163293
-20617
141710
307732
219960
-219196
842794
922119
-62316
725054
1114838
-156592
475854
452658
476151
273848
232057
-190286
47399
1199
375604
637519
981683
163374
60337
1170045
151250
226978
157571
480669
108553
184095
381582
126996
357083
550588
1229581
839607
214515
305314
1373167
203876
82231
351623
35681
1194142
217789
122195
849080
822886
32963
-95373
334641
1220448
316331
296088
1229623
358606
331069
1420838
-138469
72311
1175291
113551
48100
410329
322750
1181338
723239
145672
252584
-121342
1170355
106515
-127502
858786
733251
-115768
619227
81559
-71683
1171468
39519
210847
1296168
39674
555318
572235
656118
149752
72449
827886
181724
776384
702027
1082875
1163113
1139778
73148
-36045
168707
23169
-33599
590321
444965
-44240
257205
582229
898111
1216325
499939
86948
957092
735150
747570
869305
472814
390798
-150958
410606
1179509
508393
-70401
747061
145550
609557
176463
659364
204701
278797
1126180
1693989
895963
671320
523191
237119
406251
1234002
184618
141804
276477
296261
728880
535261
898400
61637
303399
44721
-354007
967322
553676
784250
386452
-71768
3952
20710
39614
571604
667544
277621
369777
423976
231416
106436
71050
506862
844953
156837
152949
1236316
713957
252574
279230
290960
1184448
17310
406181
923500
1022857
20439
-271755
508881
830548
693518
40600
162646
1335509
368995
445231
1103390
443184
116326
536095
-219155
87163
350721
-36014
164003
48358
-121767
927353
122506
272495
86799
-11587
227579
100615
130679
1293281
388938
700366
-344045
1094668
188468
400075
-310158
-59414
662320
127382
368649
53267
1092491
1182822
956479
61956
699861
254641
85634
481916
728892
-14922
666453
299198
-277738
71133
754460
86971
241329
258089
226324
1032284
1142500
-24828
94745
496031
665554
801920
279996
-77618
950269
-88663
991521
337880
883950
144665
478109
512235
46353
453296
1117848
1196230
378232
1038266
461237
111937
117668
652249
320262
609678
439637
950826
82912
726165
659711
-13399
401562
727929
1082060
144025
369195
71406
-93943
-63180
1012159
952575
694134
92532
643621
234516
587883
412974
450223
488903
671478
453890
95050
147435
-42585
1308223
2620
439590
533728
-23621
284707
41985
196130
60569
159271
1421952
32038
1224898
1349509
407591
1279087
201701
890693
1086575
715839
1466831
149500
937779
188829
568181
683222
-66627
1121006
796219
1585993
-57661
838109
138671
1097776
-205009
-219834
1032850
1315835
-216750
89344
56862
1577145
-135558
-14003
-3136
511274
54725
111189
1204578
282711
383256
147922
425165
-153622
-214834
-151749
330081
93634
912713
986784
233556
172653
-290678
750147
212101
456175
1431179
914139
452544
730060
792156
88184
584265
-139125
6681
436473
314654
390035
1032850
726275
241059
20603
1226000
177437
807401
35995
1097776
-200642
368806
211238
258259
185811
21673
-111321
40769
669192
1573115
329514
-71379
203440
617483
-77577
407750
179368
-16912
806090
1955
381765
545238
1282945
9782
551281
239878
120679
180100
551409
-17922
-62353
481122
385883
1251993
501450
538621
533964
161272
-114391
330904
491839
593953
457634
265154
1031607
43064
218477
151250
462190
399698
526208
174757
275297
876148
763303
591963
208550
280037
273707
119751
185421
317793
-219355
268662
641829
889517
320905
265334
907694
281896
468779
954076
45748
1574462
141525
1113441
837071
-42056
859069
276940
228339
1315444
157164
592836
620731
72236
1216818
269281
289048
-132300
795763
911109
355478
855486
291399
672527
955232
1110475
1318943
33261
350721
-147843
-211677
275963
-16304
316499
76271
144040
37658
930434
497345
-77778
50455
81945
618482
597815
583378
23625
294643
439395
906166
-298571
103151
-126858
1109017
-38117
197168
46421
533251
-60858
997182
412305
1209010
312457
151213
346149
-394262
303587
241927
559722
1097704
-64148
456571
1014102
167330
325362
15
407138
41973
176473
136864
1203320
1018860
468779
460214
586590
390217
1075350
82604
370565
-92257
43574
242283
539961
28674
851447
317941
1012449
1015257
141525
551923
-409633
1068482
941962
685565
210763
982941
974454
224194
59725
1063574
-375598
680144
-54
806903
478875
501931
66495
310188
312034
1309549
327930
667646
571946
1153236
872791
224578
82176
167613
204673
1037207
1244052
219289
869836
1061541
857508
971381
48138
-94724
368805
644718
124159
1350337
702450
756460
1101133
634959
506171
1008730
897130
202137
135088
77769
1635115
281884
-9620
909240
1018795
1200590
250432
132189
454950
-29499
954283
273909
-15110
-49279
852613
209763
1310379
289768
899490
-4470
-15064
222002
-110053
1135722
586915
318544
62513
159965
528107
272680
-91835
-26347
313455
918446
1517973
48502
228980
-53183
819845
457353
830149
522213
1067818
970002
622388
700712
829376
-29364
1302505
720207
965626
1517091
-65267
544048
545110
-200090
640482
-34029
1069443
218558
740859
-32235
346619
355088
150538
1264047
781027
216125
598813
-124956
213556
-158097
8462
1029203
774280
249935
906233
23625
216385
298889
615542
161882
141623
501834
398040
-32650
393313
153306
30766
287195
523108
1530742
255671
1258095
-200837
974433
1000742
-28301
944639
146088
405697
-17847
299793
236827
410627
-23466
-109145
321959
553686
406251
338019
846932
473557
781495
1104274
357881
283474
868648
401942
-288461
109781
-295781
505044
47887
62549
129854
826334
643564
73366
1070373
-139738
705459
715340
490496
150117
329970
193337
348306
-4135
328586
335071
550000
868648
1179994
706466
605555
807401
889080
726808
1329251
799682
369785
1127276
64253
17329
-77830
1050390
963245
1155777
257445
599685
770294
306571
64921
-284331
313936
221655
-25717
168393
-181984
98476
726087
378251
621859
1139365
657043
1081424
-30540
-88797
477956
942469
1105319
207304
412658
335572
291523
631109
197978
821973
146199
875437
1292818
139251
333009
-276259
93519
-70986
718054
210818
1453441
337958
509229
196607
262815
21686
291523
1189232
873194
1185092
502338
363032
115704
720321
-264006
782667
134713
782057
114398
787031
62292
-79978
551946
455209
-276515
-13757
964308
980253
747249
727512
475729
1075191
1224568
534835
728747
637976
618677
104153
153428
842058
300869
379052
840937
442453
788090
-72781
204645
537071
1260786
48346
1023664
223546
108679
103683
363074
197236
173275
407591
616046
-44428
1169418
342385
-157997
195368
181084
419887
-42198
337702
134998
104163
677783
326931
53416
-146050
50061
402691
139027
804724
317433
255173
219611
1039210
493525
256323
601536
63735
1662322
292019
25964
778090
328079
253031
324513
888349
1196230
443200
-67241
986759
407286
71349
868972
-135451
1037160
234415
1046602
421679
196816
872576
1069318
1305120
-402724
40707
-109942
-391590
217821
774315
-21205
239080
53361
1101750
920609
320905
-96176
739906
381152
675437
-26956
1256684
205236
807774
133606
463943
270380
730302
188322
-29086
344284
550472
-3851
663131
238198
113217
297353
192698
165355
100143
771750
352918
171838
978568
202112
80303
-120901
548039
103856
530321
365626
-105751
832934
740048
62126
1370540
45512
911319
432539
1212991
-291541
460523
42776
52028
1150361
-31833
108572
-222761
36546
232911
55
942415
318539
642128
1616021
-287424
823976
44956
872046
354726
1364865
69809
387902
199966
-84553
290753
283741
693917
499615
856741
1058444
838504
994145
368811
371140
265297
445976
1002059
518631
131110
1134457
233689
119906
6404
-161010
165679
267901
191330
216106
843451
279230
542244
261394
-167679
267905
254040
84219
830434
268726
970378
348472
94758
1427097
302191
6569
648331
137888
-114588
467634
917324
1077709
24083
363638
1013740
67902
-167375
84931
244583
-333966
1362153
369239
1171813
1129481
579158
319888
796599
729469
131216
1106564
747308
-68670
575179
131110
-48141
-284422
378278
160500
212072
719410
-16046
-123758
120816
36218
141517
648169
79158
-123940
977495
753218
321464
256406
77134
-99524
49921
610924
339655
357670
731818
118003
264800
168569
779816
-61327
73729
533565
444896
934484
876827
257246
259794
273241
176775
1171119
180974
7050
1010941
788710
966978
-23506
796379
815896
-45452
-115051
976558
860973
659319
-905
303223
415261
316483
476151
-325398
1286871
-64379
239748
-27161
49218
556589
186032
118897
408548
282912
774485
76711
968541
230219
308764
354637
817663
467454
1135717
149628
305463
23330
1062420
775475
276575
731940
705242
428542
222808
1132461
234619
1264178
1154884
308658
906606
299232
392795
1213660
1068069
121125
-114207
898045
-21955
-89342
328969
169075
-102972
218421
213718
-50941
309341
13386
-99528
132113
639375
-38273
1036311
-284490
499408
503525
-134807
1161396
186205
587799
800213
433731
831501
383042
3524
23995
474804
-48345
465028
469318
106875
106424
87370
913382
355457
-212154
571739
539536
201354
505402
836156
794061
290689
277928
151250
1081424
95050
754649
-57709
990343
823340
62463
715143
551238
-209241
1286835
641404
695637
435093
168991
644911
375604
891134
1014847
834206
515278
171634
712101
66173
151940
1009457
162646
407329
-27709
435352
827736
-5005
20603
135786
-21205
539581
238537
650734
699209
211968
4429
714387
-55700
181951
342008
-187328
347267
-176235
130867
471874
182043
865165
-126664
763
165658
443974
88202
687631
214626
-5162
506744
785623
119573
493964
-2373
586892
66104
580341
807803
484883
411241
669661
-96764
218926
490749
206049
622652
991077
1124676
885777
45693
-37280
571604
684455
-52195
1352658
91188
81754
462016
942469
1200689
542224
380017
1119344
-79881
620380
-90381
-287424
1082832
-34935
115961
181503
527116
-85459
79370
338416
648991
495134
219788
-100485
228549
939340
845150
530799
421665
400145
1116091
151213
1335509
298882
-24293
249855
-270185
337529
-331906
414258
-71918
681606
86796
1008977
334203
630060
619022
183243
8219
-3518
424700
185978
416988
15554
743159
123874
291762
178797
504245
40044
104274
688357
-59369
758205
126176
-22674
52166
196810
174598
139582
369213
89790
173034
368900
1062505
-66731
632454
721949
91709
41310
536095
35495
1347300
321677
789650
364845
832783
1020198
325595
123913
169504
261397
297243
-50118
237889
446992
697037
1073545
-87882
1005936
929031
-151243
4490
325321
827519
799435
-44462
211782
244510
399698
-56565
795103
481971
426076
694741
313251
-98186
721212
1169459
332362
88927
119641
546096
383079
39614
-56070
7263
151515
5601
10591
815509
197491
-344052
-291541
-37601
33515
125530
604699
1269559
-139836
586610
92340
127252
319445
-65208
365440
317793
61804
177979
18571
-103492
451999
291488
34781
-435749
139888
157164
916217
566596
319445
598558
1137730
15647
-49146
1037725
988115
826184
-81771
544048
719515
500908
212576
675664
1218007
-163721
873770
1605115
1191405
104849
90010
807154
200145
889966
50395
60884
279466
-78442
338901
982333
283878
357357
1962
37658
748585
995342
458094
745611
-142508
-122971
164422
58387
45531
-23444
234335
-170287
1670909
369169
1028091
80888
580581
402691
-26129
204513
555740
69046
-71720
1272420
638858
83560
435030
139500
264800
108485
665704
346500
1156200
-78191
916018
1242344
-134500
242672
1034631
-115125
295225
1022092
717349
384491
699350
214410
330518
174036
204701
-9975
-61522
336961
632624
32287
1413812
1015124
253077
-60762
994062
1115525
647292
-227061
957015
525838
1040969
1172759
148493
28419
-40824
797361
142149
1106965
1302505
111440
150276
177540
1100392
-84104
385843
754597
136839
-26804
-34438
-177216
-104397
103164
427408
131004
10642
403386
543232
24364
-108019
788062
340080
198564
662371
156667
157501
618639
106026
470619
226507
154179
7036
894089
686122
-87491
327609
581584
710135
487255
747843
318679
247145
168569
-32245
289790
368568
320940
50131
720479
-62692
110459
138641
-85647
-391590
26294
457961
50187
-260896
529860
607005
-71379
306270
646643
831421
973557
-306920
6048
493872
780879
516856
1077709
1093941
1134752
322027
351113
-405273
946301
820660
957241
561101
220531
811493
638770
-113550
411382
239846
310448
507301
-13201
723889
576556
945567
542803
233095
955378
-126097
799851
1083554
365295
472227
328871
59901
299540
815442
508816
-43652
70736
1130057
55530
1050851
248205
828383
1279819
665554
195489
157541
73148
513875
-89625
448612
435514
360433
494982
261224
478142
-38386
626652
1115519
-316643
-17274
427834
228209
-51772
135939
575572
1318508
582698
851944
131758
268325
893670
141242
962246
491875
816264
964776
265702
405727
124071
893120
141533
1000002
-34029
453890
215344
245852
-143928
117142
226331
201174
717412
85132
179479
659653
625022
217119
781381
-47421
1137997
185811
212360
593080
835230
737190
-66131
49892
856748
757254
317742
1108340
98930
46471
210249
556114
788743
834226
