-1847882
3695503
-718488
-2225340
270028
2041277
-1061108
-2271174
719992
1848952
173094
-48133
-2269189
1484761
2033820
-1287932
2716398
-3900888
14204
5373212
3013240
1280889
251248
3433537
-67145
-6915707
-89070
33677
1350966
-1937620
369282
-241507
1443429
141561
2169329
112102
1219944
-825812
1924024
2467094
3028283
241383
-2880197
-4056117
2249671
-132994
-3931904
-1769414
-2018790
-46009
227077
498330
2607
-1048543
-405956
-1253167
1106986
-2269806
-1343873
1080649
1457054
-911782
-1397783
-4036071
-5575757
2312006
2350910
3404375
111859
-4285984
-2955609
2127952
-1599609
3367990
944037
-1182817
2312542
1902062
-4031022
2316896
-5269172
-2756196
-396131
-1114304
3380490
-2426345
2782738
-158691
2653918
-3608713
729704
-589616
1651501
-1979671
220364
1155347
556750
-464728
3251614
-2100646
-5582897
-2313805
1334055
-933507
-2849281
-744932
-397296
-335643
279691
-4178580
4349571
1512871
1580215
2971715
3742756
2633256
-4235551
-3151959
-2965490
1295225
-2707438
2075399
2317338
-956547
-6334753
-788195
3490510
-211578
1027271
-2675476
3556050
-2625286
-1660075
1999647
-4329400
119479
-2164014
3895764
750214
-2843579
-684261
-2283841
2832081
-113733
-972959
274117
-5712222
214493
3646778
273060
3067038
-5264931
-1140416
1882082
551674
-84072
-1379505
-559891
-72060
-1095866
-503703
34992
202562
915467
-539366
3133335
1166643
-1027206
1696083
-680589
2550767
-51230
-2610933
-4183865
-1684405
-6048149
-3883453
-1569135
501672
-1926443
3036417
2615641
-3914152
552954
-644437
-266922
-2137359
-3086661
-1574790
1539407
103596
645786
-222807
-2015991
2662725
590045
-2584874
3325020
-719195
958389
-2513542
-724015
-56475
-2644076
218852
-4903133
3390334
2085518
-782091
2627946
34750
4886918
-2015048
-3683179
354796
2407858
-1983509
-1961932
3703872
184925
-1463677
-3031457
-616887
777207
-278437
-1569389
4183850
-752280
-1055338
-985591
-1902246
-1852277
2658245
-2076581
235688
3426725
380884
-3383042
1091889
2757
-3440559
-1992983
-5408600
319022
-6045062
-2853424
4164073
-7276175
-2292253
-3756789
-5170513
-2739841
189132
4909075
1293815
2337298
-4519215
-2114780
2585189
353438
2310523
-2256414
-3654319
2398513
-3646031
-491041
552498
-5774824
-1192817
-1748546
-572131
286490
-614925
-4465138
3575980
-4884726
765311
-4673235
497581
-2147395
1392381
92433
4717801
-2308195
2444502
-47921
-4316881
-2518940
591922
-3145661
1890308
-5155968
825614
-587972
-2502210
1772417
-515355
-2644833
-5223036
2656432
-2181149
1461444
1061317
3476482
-940402
-1011378
-2325058
296287
797632
-3415710
-4746229
-204722
-2919600
-4327004
-2343884
2630936
-2399579
3283179
3286661
-1111883
-1939145
-6153117
-1702088
-2542309
2744139
-1182297
-3303508
3437756
-1544912
-1262915
-3816226
-4564159
-5172794
-249914
2464357
2544142
-1680436
329585
-5238429
2487269
2336303
-3617275
-4292230
-3009930
1774173
516679
-2716328
-2211475
89154
-1903501
-468651
-2353287
-6799000
-464623
772425
128309
-2267501
-132891
-3242132
1592816
-5458732
636751
3115328
4230851
-3010816
340584
-4436491
-5494107
4092340
-5912354
1267641
2662540
-2098823
278688
326690
-4069980
4084711
3786866
-75768
-2330468
3864569
1032582
88610
-5803708
3017864
-4806701
2196163
-791578
-7432035
-2280850
3719637
-412366
-1905973
-922176
392894
-66444
-3240343
3972549
3099393
-5740922
-5136973
3526837
-2068706
-66968
-291982
3553111
820077
-4626286
-3000161
25103
-1777047
296764
-585304
-296603
-1561469
-2224353
-3656259
-4376791
2214917
923623
-133169
-1587649
-59941
2489122
2625223
-3821771
-5009382
-1991118
3336512
-3515007
4557784
167837
-4598247
-2695046
3230580
-4724864
210341
505856
3016244
366733
-5197008
-3440943
-2628267
-734864
-2015785
3972718
-4184319
155679
-1735436
503994
-105521
214477
961270
137798
-1303371
-430725
-3130077
-3037036
2702872
-2057731
-2965888
2254156
2899082
-1641149
-1425721
2650006
3291408
-3265345
-2151861
-948630
-982496
-714301
514009
-477152
1063233
-7088744
-5726092
-516195
707109
-5002275
214563
-3193587
701405
-169461
-628424
-2245292
1190130
3051524
5108335
2305617
130714
-5236304
209678
453165
89966
-114906
-1099001
287006
-1854147
614382
-525800
-1913444
4911721
2668583
-687476
-1277187
-6150331
1575876
-2211416
130608
1727720
2926255
-4536995
3515260
-2645442
1190997
-590413
-2647725
1072843
-518711
-365207
363255
1358354
-566991
877416
1641879
-969094
-4509138
2017168
-1694509
-3752092
-4865294
372596
1087702
91752
-5043292
-5535287
77980
-3929998
-2210171
311410
-1520178
-2625426
2561
3413244
7722
-1342151
34361
-5094686
-5493649
-726143
1157817
-3469380
848299
-1681443
789947
3501067
-1438991
-2682297
-35846
-2330850
-1294480
-2130206
-681752
-3742405
839248
-369817
-3626152
764764
2170864
-5848853
-987558
-604690
2929932
-4512189
341118
319350
-2387138
-2577180
-1938334
2552888
-185434
-741450
653654
-938394
-1727755
-309921
-626165
-5905535
3702551
1176912
-4664895
3303957
637236
2103556
-4779780
-3981764
458034
3312782
217342
-2684793
-4155920
-1913998
-4933490
43444
-1954434
1459960
-2473293
-2056657
1502339
2502065
-7238441
-6139560
-2916717
-1683199
-150983
3028819
-67198
-2462733
265871
-2893206
-4577957
776197
824990
-743297
-1584152
-5670393
390989
-1863977
-3202228
-1140645
287721
-1094727
-7305635
4063714
-1627644
2912688
-2600918
-567617
-5662167
-2545346
-3420389
106373
-888870
-1675268
-2254654
-2155262
-2505207
-857097
-579443
389375
-855852
-3000641
1060925
1522564
-1344624
-4708578
-2240358
-1779206
277815
2987602
3908387
-344786
2763934
2332819
3420651
2570282
-3511249
-1365691
1932247
-4298628
840703
-1817775
-1285750
678428
-2300330
-2533095
-2562086
4881260
2689686
-744925
3218338
540268
2291653
-787757
-2626037
-4412093
-2273438
418682
-2406947
1564486
-4055445
-2267828
-4562215
-1045661
-2247599
-5258994
-5509291
2951109
-7783733
2586803
-5053208
1606850
-158707
1442910
3473348
-1738307
-4519853
1173672
2297597
-1162633
-6064866
-3257575
49829
-6220031
-344539
-2589583
1456181
-4974980
99801
-321841
2668440
-2806494
98245
-941585
-3038737
-35840
3998869
256699
650946
-1593234
-2669536
-1586984
921703
-2265614
2499972
-5676186
2323088
1697878
2078399
-890853
1950735
-2448536
673891
-598139
183197
384784
-2768850
4562396
769790
2256248
-5590317
-619204
-3373573
4023001
-6056001
-4961922
3170209
1860924
375486
23456
-5791554
-2346612
-5564385
443736
220054
2953263
2855268
3319410
785781
-2190940
-767307
2755176
-4031939
-4460649
-1690940
-1071972
-1081022
-4828063
-4198041
-5849356
623594
3079816
-30863
-2187766
-4915240
716429
-495547
1372481
-5484732
-1460412
-3126367
277042
3234617
1546460
-1575253
456586
430630
-394936
5544877
-2322704
-4263169
-3866059
1121994
-2821702
-332875
-7792098
-3385820
-2367573
1961878
-333593
-411546
-546471
555470
-583817
-1411185
3148139
-1481894
-1169602
351858
2391811
175467
481227
3007614
2865897
-3331714
3263562
-3682231
145060
3738798
-2042069
-68869
-891949
850466
-1838716
529546
-3273724
-15602
-3801807
2618978
-1356959
369053
-193668
2617075
3745067
1512959
879055
505798
59251
-3084730
12404
-745506
2573958
-587227
455689
-1802988
-28494
-451912
-948917
-974450
3468804
373523
-3133693
-1953242
-1703499
419603
-5176682
2344093
731772
-1988094
-38566
-4878272
-4329445
1445249
-737444
1611703
-3471733
-3259824
696643
-1740868
-1334717
3189474
3617577
-2160542
1905448
-3669512
3093679
1206785
4763784
-3163327
-1851468
123109
169294
-5061671
-2162661
-1767983
-1883880
-4838550
3149770
188152
848457
-2498544
-4785400
2032775
366327
909081
-1593403
-4781045
-1746636
212271
-1786016
-1067523
2102797
-5397414
-984290
-2535070
-520948
-1565790
1294820
3556467
-2083117
-5145638
460821
-3892729
-4905195
-22553
-1860265
3415746
-2032700
-4202410
2804004
383693
1489334
-1471735
-362813
-4294354
-2980749
1943102
-971707
-3296617
3724045
200850
-2846136
-5391106
1222771
2014563
-4513762
557380
3650572
-1494028
-29076
1222659
-824501
2026822
-4171378
-2812544
1024971
-1496901
3111794
-4941874
-695284
145941
-1510873
2427320
2736866
1763981
-2406195
-2627356
-1522160
1632193
-4017433
979430
1886060
720437
121174
-872465
-3154404
-129913
447217
-1474991
-2233011
-1482494
-3519105
3566038
-3939890
301434
3636720
877215
-4599822
-2352639
-895838
-1015447
-72281
-2770028
-3577062
766330
-676108
-3633767
2955404
-4802118
-2849786
2898114
-1572531
-32726
-3209951
-1831785
253276
-1555871
-429265
-5296183
-1669533
-2944410
-1446669
1338801
859383
-3743497
2723258
-1625867
3843253
-831972
-2582461
-1217417
2807204
-2832811
50408
789631
-2831730
-1391393
537249
2790649
-3544203
1544298
2018649
3838345
-2908518
-2126078
394055
-5093394
2181871
-298822
-4447922
306544
2548285
2578546
340531
1137310
-3472583
-2029715
-343451
-1838253
-5509131
-441305
277601
1427923
-1282139
-3238123
-3146326
-2138650
-60530
1458041
-1382678
-418918
383986
-4462674
699993
-2770314
-277398
336845
1695398
1543756
-6284179
2468162
-2688129
-5346718
735544
-913761
1403276
-4861547
-1329130
703335
3119883
-735165
2453369
3490068
-2462184
976700
-566405
-4228947
-3036693
2437682
-6616640
-2597466
2962229
-1885610
-866406
2920369
-3529047
-3859586
-5624690
-2708716
3792551
-2141295
1741135
1580473
-1437647
-1211348
674729
-2805259
-329437
-4301239
64711
-5132469
2279549
-1431468
3501846
1218983
196297
3145065
264479
-2216437
2462063
-4086209
-4210314
-5031334
1957196
347080
1868853
-999108
-4582524
-1598485
-2786646
-2615963
-3346823
-1317403
-2067263
4267627
1550225
-2978014
-2951200
-1621706
-2567653
919914
154462
-1904486
-1656065
408289
1578108
933024
-3139564
-2023149
-2143354
-1223013
-1942554
-4291860
223631
-5363621
-2081903
1477155
1689857
-2936197
4296214
1601175
-141198
1889094
-253450
-2715335
36618
1292130
-3214325
1581742
-1526886
72101
1632525
-5246942
-2575942
-2877363
-3129880
1334405
-1930832
4230990
-3199375
-11420
-2580428
808053
77075
-1801445
-2409939
-2477242
471696
-3496788
-1870472
-2905920
-3672602
-3350777
2233551
-2287219
-1210121
1744679
53046
-3849090
-7025125
-1817867
-1726613
-2945385
3875102
-309768
3139804
-2142916
2689756
-2225562
-4051937
-5070799
-3199466
4658396
-950295
680881
-509855
-4424246
-2946789
607096
986352
-1167843
-4942665
305781
-4305490
-4264029
-513701
4603002
-3258300
-1177024
-361937
-189701
-3270464
-463827
1935646
1166680
-3060822
-1533976
465061
1737600
-2655217
-714901
-611250
-4516401
818828
-443540
519572
-4476111
2978264
-1956820
-3484331
-4735823
-2090183
1565083
3279239
-1694802
-3130715
-2774351
-1929576
-3642539
1505247
-605225
-2668971
3519753
1127460
446474
-803185
-2570506
4759605
3062896
4363508
-2626183
-7270590
890164
-3212045
502088
2903173
3395436
-225960
3861016
-2705851
-4168289
-4134490
-3000461
-6176391
-2459833
-512689
-2078897
4324564
-4465210
-2983106
-1004959
616515
-231285
2814523
2159866
2324404
-1024649
-3673761
-824022
1795405
-4519470
3367513
497754
-3292619
-2572393
-4072110
-2091567
848937
-673689
1654711
4459679
2286906
-626413
-997274
-514649
-5249012
2823432
-2075368
-1277068
-1668032
-3536271
-77717
389068
-1785926
-1994665
2600163
-4498284
-1813339
-1553398
-7576735
-1528936
787413
-6733106
-601406
3089441
34574
276491
2449181
925628
-441875
-1998869
-370059
-5496495
-2786537
514130
-2967780
-3658494
-4376875
676781
682823
-3129988
-2078631
691301
-5906733
904452
-64750
-2720131
1621086
-1237827
753899
3185525
-4433897
38000
31960
-5414377
-2047409
1119060
1691810
-5221763
1913299
1032179
-5949674
-3721614
2684791
-3944411
-4354054
2252059
1323021
3252936
-2557838
1065280
-3208377
-2641823
-4326786
2112880
-4364439
-754389
2525002
-1598664
-2313555
-882252
-6256145
-11071
2928467
-2895637
2477922
2104065
-1461517
-2354527
840401
561297
4053475
-4215929
-674674
3736995
3028494
-3411634
-4293557
655821
-2877051
-1057362
179353
-2620579
-207685
362599
-1942056
-4460674
-3665487
-866811
-557812
3377521
-2357698
2069278
-2757448
2498168
-1736790
-3858179
-1168789
-331624
1209924
-1473400
-183965
3623466
-4714186
-3286431
-4876842
-2474121
-419344
1649760
4681197
2648293
-2072691
3679105
-3461291
-2668994
-1405818
2090828
465833
1835810
846128
-6608678
-3015783
-2425409
3685825
4500180
1560999
-1763678
-4929658
-1823479
625157
612172
2778767
-1673742
-4479639
976060
-567389
1064699
2271503
2926869
-3153456
-3835174
-3864966
-4177042
1982803
-2528753
-6369635
2074749
3168894
80959
-1406078
4712341
117928
3565454
104330
-187500
-4886212
-1147825
-3223260
-894400
3923625
-217003
2668272
-870436
-5316824
-2784179
1304858
2709846
939493
4102643
4629774
2818839
-2388333
-1210836
-2372029
-2181477
-1428389
614771
325210
-1238275
3359882
-750769
-1533432
-2227308
-4440390
-2407300
-1389969
548519
-3071064
-3377828
-296942
-2361122
-4904919
-1950003
1242685
-1842796
2111040
-4464183
-1315110
4061260
20858
3582141
987331
-3332440
2186357
-2955459
-2772801
-2252010
-99769
-503403
1888177
-1394692
1048251
-3407972
727916
-1129491
-4250246
2572700
-1531805
2845003
1285707
-1047156
2274459
908969
1943824
-1700975
4164011
-5298760
-639373
-17174
527013
260672
3554170
-2392818
-2857127
3513661
2961345
-4887918
155774
-3368832
-802103
-2439407
2104033
-2594056
-1404983
2065128
-824033
-4669627
3096950
-1844585
1985744
-292379
1133828
875881
-2903086
-3058426
-2158109
-1928359
1187989
-3681277
-2560291
528803
-3621082
1203124
-2604702
-4950276
-2103359
162765
2231518
-2668706
-3072258
-2294509
-142385
-1536906
-448709
672333
-3471143
-2311548
1694100
1554701
925234
722290
208793
-3851516
-2661277
-2185301
590782
428320
794246
-4018046
-471941
552427
751143
-1283823
616346
-689637
738265
1244130
-1009072
2840656
2262065
3541569
-1458262
-4902980
-595911
-1355942
-745482
2064129
-2347925
-2940374
-2976314
-2113091
295813
-812795
-3534030
-5304763
711797
-898688
2327648
-717121
3361028
-2904509
-1500187
4278461
-1285473
312132
-4598918
539029
-1931449
-2017375
547664
3419166
1001481
644096
3358144
2912380
1369897
-1529698
-666287
-2258803
378678
-524680
2770610
3719223
-5006862
2798486
-2843389
-4929789
158030
-828949
3812845
-2842657
-339715
-2517269
-53747
4921433
357527
-41030
239225
-1589562
-5140253
504841
-1783121
2953738
-132900
346580
148757
170372
1005700
3143590
-335777
1350690
-2094241
-286849
3739639
54611
1628262
392320
193466
3724359
-3392432
2069550
-871760
-2129459
2767412
1409915
-4663424
320861
542273
865530
-4778434
1030754
-885966
-707950
-1411632
-1086940
-4133300
-2630832
-1756274
-1242815
-762421
-2237502
370892
370128
-2880777
-2892771
1066914
-968208
437831
-448712
849608
-1375997
-531811
1143837
3447827
3060199
-26515
2211051
-6217342
-2604049
-867673
-5298079
-1312186
-5677718
-838242
-427303
3262051
3838139
-3926153
822157
2346857
-840560
-1095449
-4177131
947198
-1057638
-854326
3356753
-3777862
-192419
71172
-2867760
-2060492
-2272857
-303867
-3266828
-3897336
-2190753
-3118727
-2029285
-1104759
-2812876
-1840911
1935625
449529
-30466
3198089
-2339435
73075
-2323008
-1294932
2790854
-530010
1584593
1487899
-92372
-5411661
-2426631
3557132
186985
2634244
2292847
-1038530
-3117377
-2851687
-2689222
3038031
1867208
-3389692
-1291699
638192
610114
393893
493194
-485730
-330403
1320911
350732
-339717
-5831583
-457230
-564057
1279156
86835
1647250
-1060820
2602660
-5964486
-952291
2058006
-1518349
275833
4709547
-1917584
271751
-3815099
-1348312
-4755333
5422128
560481
-1431510
-4763112
1609494
-6813680
-6126933
1353704
1398101
-2423979
-186749
215993
826410
-6611623
633033
-5055235
3813938
-2024992
562456
1486459
2065658
-1874182
828462
-935547
-1243035
-862468
-1043044
315581
819208
1757608
3140940
1163314
158306
-3015
-529718
-1927543
364254
-1312537
-1243175
-5213720
1173718
-4757723
-2360122
-4668309
-59124
-3518527
-2463968
-3079520
-1497311
5037465
-3225224
-3133783
183624
-2735618
1797730
56112
-1862716
480845
-1961032
-1990769
569687
2535861
-4556595
-1434817
-1927478
-4488240
-583599
1318777
-2060335
2830892
1446989
3028943
397913
4263324
871474
2358101
573350
-1685540
3017974
2365944
2562564
-2772904
-2368992
-53740
-5097556
2715562
329985
-1279008
3983816
-2815434
-1469654
478351
-1058288
-5450188
-4097544
-527490
-5078080
3278590
-4377679
-2491185
731141
3389388
-1287475
-286021
-2389868
3165543
-2214394
-2340852
2559055
757008
781402
977604
1949830
2522818
-2559110
550847
-2672507
-134445
-2306813
-2595371
161605
3698563
1102143
-292234
-4565803
2669813
426779
2896165
-2377058
239595
-385634
-791107
-410151
3393790
2583512
2108153
-802859
363153
593929
-4892518
2765125
3563930
-723596
3318396
2305407
-596150
-2253826
-1712583
-1528425
-1924951
-1071871
-3374369
599458
-2059602
-2344859
3804995
-3770500
231157
2924644
3613829
159401
-4239799
-1083001
2335388
-1763016
4723172
961144
-4994558
2280179
154240
-4304199
-407224
-530871
-59828
-2647781
-4143472
-577995
-1311751
-3746778
-1966866
922605
-4737297
103026
-2975199
1501915
425669
-467882
2324700
-536812
-552082
-973763
-3048818
-1695859
3701516
-4503541
1838345
-7643328
549816
-815032
848178
1841687
812929
74325
3211473
-2685468
-2796641
-1568231
-4960963
-132101
3149533
-5769289
-293192
-6429552
2908792
-1327490
3311792
704037
2682982
-2241155
2686815
2974628
2805972
2395230
-599403
-4423098
-609306
-4158582
-518491
2113567
1828286
-3793340
-2752117
-1058416
-267977
1025339
-4572521
2987592
-1905867
284667
-2154478
227457
1009039
137590
2283377
-1902250
-5842120
-1333933
-2039169
-302358
3703216
348891
-4293976
-3016291
2269013
775079
675737
-1937499
649171
-2211038
2138496
-2942500
1845752
-1026465
-5075568
-1902731
-5938883
1000145
-5080813
-827120
-2556232
1280342
-679585
1460
-2956382
773968
-898800
505247
-1016711
-3049710
-6700807
-2851741
542434
148972
1187723
-681180
2550844
234454
3701503
-1895487
-1787268
3739133
3783046
1487369
2167731
-3534031
377355
-3273059
270734
3426751
365513
597548
-934003
447826
-2226497
-3637353
-5544299
-202962
2831205
21211
529391
-6073202
96182
-2146262
-4287338
-658547
-52556
-5748316
518199
-3732142
-2844685
3062831
-3882219
1419181
-1585149
1793553
1087935
-4644445
-1754247
-753354
818080
254786
3948025
-486019
1824133
37816
170885
2038468
1433734
-3547996
3815425
1055134
1782961
444064
1396978
1893050
-2089207
3928099
-1567032
-2568194
4260422
1015243
312931
1494812
-4535446
-1372942
-950717
-2583424
5080767
2054550
-3911461
24144
882337
-4219231
253327
-1771614
-3261191
2878735
1994765
3434318
-4625987
549386
2056018
-2302680
1150815
-650835
-929119
3387860
118659
2297614
-826233
-659131
3448979
1983234
1640704
-4570331
184595
-2744181
71564
-1659421
3295467
-1398425
-2696269
2219402
-1557287
-3433891
-1703009
100285
-5794503
2387165
909481
2243599
998158
323327
-2649629
-2697557
-2134434
-3900088
-2476975
2233874
785728
521354
2165553
-5783057
-1650622
-323311
-2411082
-3010048
849810
-1117917
-1648462
-2903604
-2569722
-856790
1042029
1022293
-1089115
-4674210
4518233
-59780
3466640
-1427719
-656107
37674
787708
-1044268
494466
746763
-6742126
2295797
598756
-4399208
2063288
530759
790226
173943
-2605439
-2349215
903032
1212271
3401811
-1706011
-1701753
3638690
-2966675
310807
-2573767
-2450287
4068052
-2544313
2415782
-4953599
-593218
1970083
2259692
912907
-463881
3610324
-2546589
-2998906
2843882
384421
-3249657
1114707
-3881354
-5196932
-1938390
55590
848797
354098
-2089706
837434
473676
-115772
1906227
4165337
-4521318
-3402510
240105
2660932
4115672
-135676
-4406850
3666411
-3417689
-624610
-1668374
-817103
4538688
-4248127
-124977
1556157
-1931417
-2034991
2075597
-722285
-1752739
-1154457
-4313009
-537917
1921191
-3728054
2132686
-4036544
3231860
-2822978
-5542999
-339404
1434955
-1725830
-3725789
-3100567
-4134846
1349347
-207137
-1033282
-4842733
708151
-3933309
2366492
-4589816
-1648891
1729815
-410332
1441658
-2755925
28346
-326179
1485275
1402126
742963
-2901516
-5006698
-3900284
231745
-6194843
-2022561
-3766771
431253
-106730
3849693
-2599343
-2954455
2168478
-1670388
-1029665
-1600070
-2344946
302444
-4064495
-4926645
-1285742
462410
410965
-1596752
-652150
-9779
-2617321
-2238404
-2632992
-4841744
-432573
3276371
-2618240
-117523
4716304
-2913274
1647883
477333
-4985470
2586827
-1130595
4193676
-1716712
-2104133
-2724964
1661086
-1503141
-707878
693275
-666834
3509855
-2366568
923361
-34919
-987249
-916200
-3368308
-2465397
-2664441
2435199
-1590609
-967159
3089855
-1103856
3166048
-831698
-5360317
-5038859
-1686038
-3299598
-234085
44327
-5493934
-6062999
174369
500849
2095204
2389601
2000421
-1326528
-3877148
-357853
-4689530
-2421506
-574658
-2310105
-4789615
704710
-196242
-2271930
-2815854
2231140
-1246051
-2580686
-4785802
1776569
-2290727
-1451161
1451296
184112
-2887289
-3126432
-2636963
-5946396
-109143
146712
-2112439
2285111
-2383752
-1063943
-1172947
-3126772
-1212394
1357527
3308142
4804967
2803591
-1653192
-1298464
-651278
-1576589
-4445525
-1401156
-426009
-2258177
1599279
-2166631
5088135
399508
373326
-1835488
-2102516
-1246960
-371698
-226147
-2729212
5110050
-48870
-4435284
3455948
-1240082
-323973
3101955
-1015189
2206347
-86838
3356061
3854698
-3238541
4345826
-974301
-5924861
1948887
3493713
-5056970
-3042072
1427461
273972
-4496917
259173
-5196336
122971
733705
1022925
-4593337
688468
-2574226
-40769
-3750250
283260
-2783796
-4805273
-2542339
-3688781
-1878476
-1327822
345988
3098988
2311828
4275948
587737
-169569
-748977
-6600601
-3676451
-3144512
1451303
3260642
-1050018
4733548
1240353
-2394034
-1133922
-2446334
-249859
-1115364
-3649028
1804594
2902449
-1674693
1115179
2252589
-1063735
-2463988
364810
96756
-4715092
1223666
-1944118
-5050799
-3115435
-992438
1764009
-3891998
-4985003
4024053
4091870
633112
-3634233
1738472
504390
2121384
-4389913
3128445
2634144
-1998847
644863
-670099
-189155
-22349
339022
1227553
1598118
2167687
1551641
-4126199
4383203
-633929
-5015321
-657116
-515114
-6727134
1311324
3301350
-4566013
-5538792
565371
-3280406
-1305004
3975025
3420146
2051565
493900
2699860
7024
-925845
-131353
-908413
-387698
-2970611
-2463094
-1140611
2738806
-3158810
-3062099
177876
3689775
-531505
480796
-2106081
-247388
-2020143
2608254
1825432
-5608704
1754486
-1713806
4187797
2734301
3401030
-3124763
-2673478
-458965
-2712728
866915
-1287469
-5941764
-5862608
3424864
3362971
687939
-1694682
-6410223
478366
-1571066
-1462101
672119
1527063
-1052490
-623970
-2331057
-2343792
491315
-1013999
-2614059
-155777
-2447543
-1591554
-766528
-4083627
3127885
-225323
-1260964
4628915
-2963543
1365437
-2184129
3782228
503122
-120967
3340909
1448624
454012
3668269
-729402
823645
-2217806
-2588992
-402172
-2563537
-2506172
-210000
1042884
1834124
2163381
246709
3615496
-2260677
-4851662
-3331183
-1238846
-1931162
-2325003
18546
-3841435
660552
-1891471
-1768859
651439
-7386269
303638
4392778
-1987001
-5001974
-2103557
-6583816
-812009
-394860
382477
-7332162
652436
1205122
-3325800
-390816
-1395731
1387369
-2564603
-2238472
3174674
1159337
282611
-661938
-1731778
-1136303
-1359849
-467561
2529888
-6016978
-2969283
2857048
-2585039
-2626417
-477242
828181
3947093
1528666
-441051
-1291557
-497221
889115
1819202
-2143807
-1697084
-325815
-2896755
-2773580
-2552558
-2085054
-2321569
-2196694
3940885
-842425
-323092
-2428086
-21001
-6085636
161784
759949
290149
527782
-2904361
463091
1424909
2239612
-121697
391654
-6433628
-4892943
-2755095
3327984
-72985
1838132
4646899
-4748069
1957003
-1355230
-3286856
1082846
-2446104
-1256629
3523452
-1683313
31948
-2484293
2880589
-2503455
-590606
-1419349
-3399334
-276205
-5167520
-3269950
-5654889
-5145022
-1269026
2880528
-2740760
1579863
-1117009
-3860117
-1542412
-2088629
-203522
2638147
4360928
2863021
-1063481
-1292911
-3301277
939559
775232
3264230
1379740
-4470334
-3161400
-5144582
2867324
-2356868
2314610
1449978
-2988288
-4581634
-1745750
-785250
-3406058
-1160834
2153183
3309076
464232
-943626
3538316
17143
629100
-5171727
2889068
-3672952
-4897196
-900048
2041272
1742867
2233257
14166
-3821011
3475052
2514749
959202
1308675
-5246483
-3112087
-3212019
-249918
759662
-3877031
-1984484
3733194
-1874875
-4554538
92879
-5251556
-5052254
-2545046
-182825
433281
-312938
3676268
-21800
1629525
-365059
-5780251
-2181429
5021678
127919
387738
-225272
-99054
746257
-1982781
-833757
-3720462
1560388
12556
-2222689
-2340585
-2340523
-1437768
-476550
-2737887
-3859231
161635
203875
-1530495
-4137606
2044553
-5562098
3448228
599531
2336534
2811423
-4439523
-7093846
1651108
2220947
4661767
1012209
-4876713
-1624739
-5415491
738933
-4539340
2954364
-2338705
-5466921
3179944
986863
-1060183
-1058910
2546920
-4282269
1334658
666155
-1607367
-1919680
-5197183
-3931972
-2358289
-2360425
-1986056
1116667
-2325120
-3551848
-1856044
3314235
3921166
1881741
-1791993
-2931048
972508
-3943825
-756841
-33362
1620749
-1655023
103328
-3062641
-1971703
-8085
2703966
-1488872
4539551
-4850816
1242600
574314
-652294
-495343
-2157329
181755
-312458
1337878
119190
3738719
-2828271
-4519927
-2561041
2668118
754714
-861154
1581509
2696578
1416595
-257202
616066
-2989920
-219682
-5119518
-2489691
3584919
2409506
1927490
3503633
-1176450
1193331
730324
-5201682
-2314812
2192474
-634797
2003767
-397520
1434295
7977
-4872320
2811422
1921073
-1610233
-79407
-2297941
2464515
-120507
1153501
1386258
474695
-476316
1362383
1314683
200348
-3073835
-174432
-7436521
1474399
-990996
-1349204
-1368536
3192717
-1220280
1391377
3115336
-2661995
-133625
-422927
3850237
-330980
815580
1456122
-1241207
1016817
1475344
-2149555
-12326
-654087
-282321
1987754
-1640812
-137014
-3841216
1033605
2390490
330956
-773269
-3137515
-617271
-5170959
1758727
-1558821
2796210
-2718702
-2315872
1397035
-1433706
-198971
-700870
-5095011
696762
-2194643
-403053
4123055
4960381
-995187
-1148684
711718
-3291898
4125988
393676
-124783
-2249407
2529151
1180506
-190545
632847
-997514
-302986
-2004498
-209096
-4554596
3044985
129819
-2895971
-335742
4170991
2517117
2076077
-497927
-492363
-4940578
-4913390
440234
-526032
-3291460
3138050
2453069
-2600541
-2459575
-168966
-2355681
-3210841
-318363
1532252
-3049593
2323134
5096627
-5356730
4926176
-1912672
-4750555
-436772
-1868407
315042
-2829359
-2820658
-240363
-1987586
-683435
4657350
-2483680
4754203
-2383325
3203444
-1546022
-3725104
860742
-1579984
-3579782
-952858
-1502813
-970849
5230319
955576
-1764375
75733
2194518
2542605
-30729
2568724
-3273187
-689339
1067787
369805
-2019905
737902
321097
-5096149
1582466
-4847726
-2516856
-2625287
-1087441
-291551
-2178327
3161773
-251032
-1168811
1072544
570580
-4300308
612496
2587552
712086
-536245
3245065
655717
4362327
-1464686
2105542
3091748
-1861167
1790759
-3241663
-303585
79918
151317
-2238041
1966883
107855
929100
332452
-82688
714540
-5469067
-313825
1086514
-2985705
-1345703
-249534
-1185911
2771104
-2951580
-322848
-5976234
3907466
4067835
-2022701
2386230
2239370
825270
213565
146042
-1547917
1322570
1066313
-583992
-2958350
1696498
-4642637
103285
-3160579
-4879876
1036241
-2743390
1044355
-511423
154190
-1448711
3451733
3708174
913237
-1651289
3568951
2724657
-1608916
315567
695530
-2526231
3345775
-2751341
795466
2062839
-6504
2376227
1470457
-5483386
-3111043
800292
-494321
-2252778
-1125975
-259879
-2449665
-776829
93558
-3565755
-896308
-2934991
1664941
2147155
1940000
-2893853
-346481
-5588486
760878
624707
-1506183
-2563427
-2067021
910767
-1444269
771093
-532195
320013
1753738
-1633203
-236671
-4440277
1992133
-34482
4730776
2341901
340742
1599436
2407399
-527428
4102519
-133634
-2251939
-191539
-569979
-4993170
918651
58991
2485570
2682952
606916
-3481412
-2738415
453187
-3388706
2100867
101293
-2031745
-5047548
-2416412
-806532
-1774914
1936357
-2093173
2951783
183892
-2694395
2519402
-5969049
-250726
-1689356
-4622428
2352682
-3958757
-3285992
-2808393
2503385
517553
175161
3757625
1266766
71340
422484
-2808591
1890482
-100039
-450891
-224527
140847
136280
-101936
-1008651
2884640
-1079451
737108
-3026673
-2990037
2298860
377800
-1913385
-885728
-323635
4066798
33794
-1061305
978348
-2576781
-4982899
1662533
-1208940
-4803193
-3781270
-1890111
-2856798
-713288
-3309751
-1259758
-1762979
-438710
-121969
741901
2125035
-1829691
-670252
3594145
-2186400
50076
3499419
-319503
-5607847
-2553430
-2280344
-4658199
2952553
-2562768
-312463
1537533
-2356360
1239304
-1103017
2088043
2726909
-3077758
-2089768
-5356780
4142310
2392561
4045192
1393053
-3367813
-3727920
-2959839
1920628
-206009
-2373768
-712724
773091
-799810
1202972
738845
2551674
902643
520676
-1979369
-625853
2957917
3539162
-2582322
745452
3012900
-2372334
248327
-1615915
2990397
-3133032
-342045
3357511
2384646
987315
-2723549
3267174
-13606
-1976866
-3711582
536166
2121839
-2040425
-166446
3308596
1039030
656083
367899
-6831142
-4258552
-3328973
485990
1789119
22884
-1367275
-224354
-1173626
1252010
-5564947
-4510296
-5330209
1090639
4830436
-2645196
-6632899
-1956977
514573
912291
4348238
-335590
-5346866
139385
954882
3005062
-1887310
-791713
1061870
-1930439
-2388064
-4141247
-3212962
2727680
249187
98543
-84444
-2320550
3136398
1898418
649394
768527
-1841415
-3365610
-2598199
2702212
3291445
1770826
903026
1128313
-773437
-756607
4359856
4346891
-2470545
-2736339
-2704215
1416620
-2231289
-4031241
-680225
-1683740
-904602
2107259
963278
-524152
-6674904
3359792
-459976
-3079382
1040213
-2044168
-793183
-785036
5034435
5268686
1383181
-5853637
118214
2516222
-983172
2083413
-2105141
1265077
-112445
2692817
145571
684109
2614332
-2504116
-3946109
-1311140
-2693976
-2116715
3665405
1456478
-2727462
3281536
652005
-99066
2365542
-780048
955439
2908309
2381022
3314453
-1941756
466999
-1129807
-333070
-5206896
-7698183
-3014175
-1197977
-3482356
1092745
-5097950
3212147
2222970
2085160
481647
-808680
-2720501
-4978027
-4782087
-3210442
-164670
-2814058
-434045
2822485
-4767671
2269979
-5189165
3449256
-1913161
3056512
-5469019
-1063038
-1990051
293354
690258
-423478
-2873831
-1974804
11780
687122
-1019827
-2331665
492948
-1782035
-4393749
-174551
-172673
-433168
196402
-229712
-2930568
-3087800
582868
3102247
-3789910
-1784228
-856017
990326
2130771
269664
-5983291
866917
506806
2106845
410370
4006055
-1566912
-2255129
2006769
-1769270
-2488122
-1995505
893224
-1936130
3029958
-2534179
533593
2598877
-506415
1523006
-2913357
-2734600
129357
-239889
-687495
-6965280
-3138599
36842
876259
-2274880
411227
-290478
1100890
476364
1558891
684461
9836
-1317586
281539
3015236
-997200
-2366824
-1800237
-1709307
-6847381
-2479789
2400628
-605940
717176
4349484
145347
-191363
-3511618
-3651247
-3733518
2154039
508749
3563980
2860147
1292938
-2430939
668658
-870907
-4960603
494940
2126034
-169449
-258077
2536560
-1398510
-1726013
454204
3028189
953550
1307157
-1289267
-448418
-4697108
-1868661
184462
1056574
-2350318
2380434
2471599
1221743
4699806
-2258040
-1843052
-1938802
2269557
-177362
-2748443
2892724
-851512
-1229273
-5673560
-3348290
2552754
-1192602
-585603
-126734
-801312
1564816
-6109158
-130844
-1541579
-4904679
530243
1143761
-1743759
-2816253
5131221
331762
-1187062
-3985915
-314138
2828130
-281145
-5863418
1647965
-5011707
-2015336
-3891393
-3905245
1092620
-2850434
-382211
2334508
68201
2364788
4073186
-1138336
-2426383
847018
-6714892
-2862907
1561206
2015690
-89921
-6987050
-6631372
809844
447039
439621
5451439
-4325468
-6343593
4303904
-3325577
2141171
4365756
-5486502
1023705
1241834
1378446
-5002750
-2136052
-556977
-2641623
4933780
299377
799991
140123
-801062
2268985
226105
161735
-1256055
1472257
-1655544
815408
5210647
-4965940
232165
-1327219
-969898
-4987424
2091585
237190
3300923
669184
1047599
-5859047
372257
-1924410
3052998
-1395305
516382
252826
2512641
-2095094
-246553
-24659
2578524
-2737201
82011
838016
402432
-1338927
-386938
3321981
-1745716
-2508218
-1667333
-636082
2144158
-1829398
-4521747
-3669146
3235590
-5452316
-4918139
1997857
-315867
-5679965
3092461
166567
-1784860
-2006433
-4023883
1131456
2934749
945724
-1934393
-4777033
2148026
655113
-735763
-3197311
2751995
-1259298
2252222
-4935477
1073706
-2444636
1310115
-3506969
-5046654
-3542757
-215076
983401
153165
-417999
84076
-1007197
2866006
-6906814
-4028864
-264233
-617273
1568882
-2920160
-1084978
-1121173
-5564993
2217399
2195452
-2899419
2606766
-372450
3867489
1821471
-1645415
367971
302202
-5547033
1059909
2849206
3870254
2096326
-3133507
2425155
3999883
-1456119
-335958
-2531479
-1429290
-27819
4983448
-790146
1488169
-4698726
1186638
-6238023
-3051636
-3492819
-2270624
2771991
-722646
-2892129
-51062
-1121174
-143587
3182982
2285810
-3137750
-2637643
-3758815
470502
-3024938
-3376373
129571
1247574
-277735
-1670540
2164386
-2602462
2021460
-1854109
-1660597
-1815031
-955608
221734
-3351824
-2180004
-3032964
1327938
-669599
-592993
3666705
1939145
-1197069
-1759281
1058396
1130969
-107392
92596
2783880
-145561
-3269072
-4815267
-1931114
-2699666
474301
-1225416
3988233
4296466
1968237
-1720174
3294194
-6287263
530690
-237017
824153
-5459724
-1518847
-567667
-7212945
96807
-3917816
1331633
2706732
-2677341
-3340693
-132011
1835641
1010445
3158270
-423327
-3252185
-2861862
-2169625
-1703110
3434445
-3922325
395051
958593
1140708
4083085
-2043378
-5802366
-234830
2611991
-4778655
-4909698
-832816
-677830
-2017729
2057751
-824179
-1374085
4492260
-1575565
-5451688
122195
-2288574
-5006300
-141762
192016
2096246
2328429
-5558831
983888
-1915080
-2486353
-4700472
104249
1731440
-3462535
153438
2307232
-2644347
2912839
-1593757
253695
-4040703
160563
-2053558
-790246
1711258
3860970
2203589
654091
3291770
-2281536
-1083496
2197635
3661228
-3246127
-6214563
-756935
-3429929
3544893
-1674240
2200605
462788
744900
4202508
-3827464
274689
-2159485
-2990485
350960
4502752
5287274
-5606453
118802
2481841
1786371
1189746
-1061871
1206414
2773440
473497
-270092
-1763212
3077079
-3161572
-1290331
572034
-77376
1456545
-673275
-1508258
-4278963
-1171358
-4700831
-1901975
-3325997
1766042
-3093845
1752513
446167
4446056
-2282269
-2765977
289816
-1700594
-1666748
2232747
-4455463
-3940517
-2652202
1785730
-2841656
2551987
-1747489
-2330135
3066904
-562105
3963680
98745
-2251845
887997
-2319378
-3090302
3417107
3077016
-2752666
-2164444
854502
-2016393
-2892806
-4930780
2069370
-3309070
-2469277
-1838409
-534372
-905387
-2037336
-269931
-3405576
-2457363
118042
-2441156
3003768
3546295
-4800612
-2660636
-1026358
-683765
-2486643
-23701
1726117
1248400
-200491
21231
-2989911
-2682695
2772518
3881008
-894395
-1826741
-2542175
-144731
3990391
-556200
-173683
-1269843
2923060
-78979
-4615893
2135248
-1124917
3274069
4920001
2419920
139186
762929
-1903560
2074754
-3101408
-1168937
-4554593
718243
-187158
53937
-1802683
670745
363993
-605111
-6063259
1080721
-4615492
-573422
1138316
-18615
-2512470
858236
-850282
-2721296
-832474
3592263
-3471877
310341
-4476926
138126
-3245080
-3486913
579335
2028319
-1720722
4163263
1183713
323668
210235
-2569236
508201
3867489
1615599
1526782
1107140
482739
-2910022
-1242090
2212049
-1786286
3257706
-760995
363475
-2518093
-3180602
-694618
2257052
781974
-2815140
-1391539
-2828599
434582
-1191392
-1645214
-4958350
-3294680
4038761
-1637261
-1631122
-2290046
-91414
-3092216
426458
66895
-2285308
858636
-4678094
-76903
247619
-1847512
690669
1614746
-272715
-2453477
-1975367
-273190
1620951
-264599
2413547
453187
-2658814
-2643060
-3889274
-1199119
-2091749
-1804242
3693270
2053495
391985
-2027066
2543702
3413137
-2614854
-470847
2726637
708954
-96367
632707
1284002
2082567
921186
2209310
4401013
3403832
-116402
-2336676
-4503908
-1012252
244665
2245397
-4664386
-2060946
3298389
-6131299
213850
747845
-2611583
3476861
-2908726
2353167
688584
-3227792
2370069
-5556382
-618720
182028
3427420
-762247
-516144
-796217
2826182
-4375252
722317
-2418380
3303343
77492
-4477708
-5620113
1127840
1232983
-2612860
-2336535
-496501
171225
-3858607
30412
-1253965
818651
1794979
-2202164
-210408
-1048709
-5586596
-757457
-1134734
-2623716
-163786
-4992525
-724911
-2919119
-1564
-1328437
200281
-43997
3511021
-2220024
3434603
778874
789
-1940975
2956265
-1065191
2583407
1481755
4742879
406493
1680167
-66158
-269821
3175963
-6688565
404023
-1723645
2293362
-234936
-2214109
629154
3607614
-733155
1527864
-2914503
-1397570
1549463
1761128
686317
235171
1634647
658219
-1983805
-606100
3409499
1283766
-1863102
118434
-652643
-6201848
-993129
-2320310
-6456227
3323489
15366
-459098
-3319947
786131
873931
-6049570
3213300
2476953
1092155
774659
-1604058
-2456148
3017077
3187486
457405
-5024833
2699408
1278653
-1794626
-2024537
2731925
-4230055
121884
-3307134
5598486
-1633557
887870
-1370906
-2013206
-1804572
-317478
1154174
-695
-1029071
398779
-2332827
-1890551
4466792
-2951810
2224757
72643
2458294
-4601791
3355164
265064
-820839
3357288
-2342767
-1712286
1864000
2237273
2544834
3230138
-4368230
-1758404
1963893
-2937288
-235301
58683
2715868
3628777
-2700687
-5565140
-5252
3780130
-377609
1211050
-1772238
2364019
1702899
-149383
-2547058
-3168919
-6943012
1479057
-2338491
1046618
-3985146
-824113
-34098
-1914013
3090
4561753
416492
-1758749
664746
-3443511
1131323
-51116
3151037
-2431575
-141369
-542658
219455
168547
-893736
-82670
-2353958
91231
-176614
-1652607
-843604
3173105
-2716088
-5328870
5083296
1602996
-3005192
-4893370
-1061553
4539813
-1029585
-3310097
2189652
-2375127
-794290
-2333620
-5046471
-5409307
-346011
1165524
598782
-633727
-4487669
-3161460
1263070
4867662
2191569
-973144
9911
-1612619
1037948
-56618
34433
2873869
1885952
-2892304
-2331116
-5618014
-4658106
1170781
-2137831
3371680
-2144006
565576
-832479
-6129802
-48564
-6721858
-1816947
99353
-2589312
-3011345
-3239179
-1476882
-4729913
-992755
-1736930
2073522
-2755817
-4888579
-825045
-2640823
3029437
2917364
-711483
5178003
2729243
-3065163
2642299
1051346
2103401
-1106679
815065
3768365
-6300142
120760
2215767
-2288479
-2075023
3490860
1948632
1155576
-6883404
-4916032
939356
151086
2495463
-2924989
2375981
-96657
-1976791
463893
3403748
-2114391
2404010
-773180
-3408102
-747987
-1286169
1265028
707400
-2777775
-1166801
-1175957
-4299012
-1440465
-2999359
2429995
-319981
887049
-2352165
-102393
5120432
1378223
-5662364
742579
363285
-2725241
-2391591
1731924
2936084
-5178933
1973961
-1541038
-3359279
-1975231
-4168786
493351
-1192317
2629987
-499859
-5244501
-1735953
268601
-4139066
-1757131
-1214539
-250230
2564772
-4181438
-3376052
2962175
-3515994
-1662265
-3454100
1107209
-3675212
88229
-2995633
-1317301
-2058921
3657272
-4297172
-923217
-538259
-5356666
954620
-326954
-1011667
-1077798
-3932143
-1057680
-4328260
258996
-4048668
-4632807
-4825971
-406628
-1781733
-725362
-3309897
-716065
2464316
-4287420
644241
3378153
2517066
-925149
834681
4180971
-933389
-1534968
-68011
-2168020
-2512025
597766
-785342
-3350507
1623331
-89948
2163904
681667
1479540
-991963
-1561021
2477116
-2139477
-3198478
744893
782142
-1603730
479453
344047
-5670259
1044137
1462754
-1590561
-2294724
169071
1646460
-1970634
-2205500
-3180098
-192189
-938135
151845
-1001191
-3590998
92615
-3170838
-750803
-5068859
2243730
-3193077
-2073740
531893
-153403
-3157303
-3251297
-1834389
-4464940
2010799
-1335756
690683
-2368190
902888
-3571063
59157
3933151
1137688
-1724293
-2558221
401519
3218255
2336511
564384
1251706
2720938
-1124242
-69662
-2896178
-2422530
774005
1135143
-2782438
990836
843667
316777
-3143318
-1196806
1695802
-3345
3129499
2250658
-5504229
-1588060
2333104
205922
-2498006
1104808
-179249
565266
1315138
687030
-3434436
-1964147
2869823
-1084865
-862870
1058315
-3503746
-6533425
2982114
2069654
-629237
-286505
-1949244
752039
539754
-4388393
-5575324
4398706
1576836
4637679
1868757
-1025883
1696631
-2574153
-3467866
-1822534
900587
-5153219
2085449
556780
-2359889
-1790012
2208907
2438561
222627
-1295111
-1474903
1701981
3604027
-1505390
-3498507
-1515982
3756911
714137
-1849676
-3419531
-896864
-2705756
2905760
-2337367
389219
-697506
-669367
2806356
-4214773
3415971
1794336
817350
-1236350
-2413846
5336934
1884349
814976
3106768
-5002214
-2519349
821732
-266141
-4792350
-1923558
-2918002
78836
-3234281
-2965923
-1579196
-1964588
2589959
2307182
3070404
-1095652
-5928772
-1068136
3077383
-1332396
-1100584
4265915
-3847389
-207154
-966636
-3788177
-455994
636861
-28245
3738548
3330642
-1634633
2257657
685662
-3274979
-1534823
-511726
-5830608
-2476002
53890
503042
-2898858
1907611
2542835
-3639569
-2505775
-1977342
-841078
-3234750
-1192503
4009454
-2857459
-797068
-1736296
643897
469853
-1860144
-2169509
-809710
873457
-423233
-1195911
-1222210
-3503732
-2575296
-1823248
-4086691
669297
-4969229
-636232
-3211252
-1663185
442744
2083512
-2933903
-1009727
2399098
-2422398
813467
-217854
-4732861
-3094334
1884901
-3940100
1809525
3022041
-18900
3200506
3174906
-2407552
1949225
-1271859
-1350455
1665720
-3068344
591333
276024
-153832
-2604061
-221342
928360
-380335
-844766
-88607
-2628546
3142105
-1997251
-787312
-2753071
-3270041
2463524
2547731
-3185064
-446829
3735984
3183673
-199607
-142872
732605
-1841082
152166
-1642659
2295686
1869631
914689
-9314
2615609
807143
2285787
3279373
-3400633
-2035730
4684498
-977552
1361213
2658402
941168
2429487
-153604
2435060
-4458012
-201502
-240307
-36581
-4393793
1111757
2193681
-175374
-2522024
1094672
-1009078
-2809231
-874303
1263775
271096
823865
1092467
-3473909
-246440
1788210
1755989
153650
90011
-43394
3570379
376427
-3287587
-1779474
-343718
-3595665
-784368
-1677420
-4197126
-2382256
-3308201
96126
-3590395
252217
3063003
242037
211828
-28366
2589968
3091177
-3078316
4362374
-5425545
2666181
515969
1871144
-824617
130369
68895
-3742447
-1102439
-4872354
2138
2943266
-4917683
1768474
-1570722
4143971
2439898
-267002
-1358194
-3200474
-2264113
383289
-1157627
459679
-3487447
1734375
1944014
-2220775
-1954927
-1367188
-2332303
-5046784
-1289890
-3661829
1902045
129846
-222272
-245725
-2410403
-5260318
-1239243
-2143740
1522882
-2617801
-5156741
-258742
-2006218
4385954
4735210
-4996814
-3272775
-1948511
-2679705
2572895
2427786
-1204841
2452283
3963664
-1901886
-4062369
76843
36870
-3955867
-4950115
-252184
-885745
-997728
-2841939
-1910374
-4074136
174616
-21181
3961703
-4052350
-557289
3062622
636888
-2889383
-2819607
-1385316
-4414845
-2933950
-2594100
3660815
-1390585
-1879538
-20215
-2225533
891768
-142466
1677347
-2252548
-3272946
556923
-2518023
4659584
-4758001
1186340
493126
1613166
2263685
-2872159
-2882915
-4210829
-1149551
2038601
-1836915
-2355259
-985760
1299353
1037723
5009250
37847
208597
-7222520
-2599405
1113843
657911
635132
873887
-2445443
-78036
-1946165
-2202941
-2102709
1692542
1103660
-1703154
-142029
-1713109
1010784
3502625
97919
-1972528
-2016368
-1642986
-1753042
-278632
-2203097
1819629
260262
-2779323
3456698
-1504199
2141522
-5198277
1484439
-2457706
-5186037
1284961
1150185
-3116418
-2356833
-2050092
-2099127
-1101600
1154966
-4629221
-1777870
1054421
3636984
-534087
-1564329
-5726598
913584
2074477
-825829
-3811249
3347100
2957670
-1283654
-1835309
-1504663
-1431440
370506
-587685
-5765980
2770458
1108077
3429415
-4280497
706666
-679238
66252
-2041132
305293
-2536151
-2149419
-2264675
-240232
-2717265
556116
-2514177
-1152071
1036020
1637383
-3005583
-4256094
-5209853
-4942757
702796
2770774
289326
-1993643
-2504446
4298926
2993222
-2456791
171617
-4317938
-2668501
-2224402
-1907283
-1575741
4670211
445990
897463
-2998562
2918559
-2034865
-5989838
-1848544
-527955
-2040850
-2781724
-3079344
-4596925
-4155948
2396823
1278460
152411
-237802
2679084
-3419311
3629945
-3224767
226977
-1815133
-2045913
608572
1380750
-43242
4179057
4895264
-3217201
-151766
-107144
305824
2613839
375967
2721193
3768906
-321078
-134292
3663202
-2358925
-1211569
-2627471
-2665479
-650969
-533668
-5211277
-654381
3478465
5286076
2271380
-2242376
1061766
-437178
-2193973
-373607
-1491487
-1131022
-2065538
-6836051
-1417945
-1862407
88228
-4552377
205225
-4165394
3871859
-2078810
4462860
2587279
-2877806
289326
455580
2303368
1030930
-1926093
693704
-4468612
-1416461
2773589
3436058
2065178
-6438000
-3127884
-5019287
-2668531
-595397
-1257128
-311941
176821
-190928
1635589
-4165078
-2997170
5155696
-4705277
778913
-2392481
-349122
-1546074
991678
1881541
-579858
-103767
4501258
1378357
3508126
1873466
-409852
1199619
2551042
4266141
-828623
1723554
1517588
405947
-1233632
-4573157
-1289315
-60882
-3011716
-2659007
-775527
-1411850
-1571329
286269
4461287
1029269
31191
-2628129
673411
793221
2172233
-460376
2779152
1541535
329867
-4071301
1517351
-1957701
-3198011
256134
3722094
-598643
-5200997
1137047
3762167
2870099
2662492
-2413472
-2436202
-4805844
124811
2376087
2725530
-754129
2795610
-3179310
1677841
4411076
-2645660
-882983
-4131939
4928137
5310573
-493298
-3804608
3250434
2632119
-802185
978855
-4858508
-2779668
-3459185
3075006
1647920
-2045931
622049
1194631
2316104
-1898907
3379583
-4802868
-2095278
-4231860
1705457
3105650
-3030382
-3792253
-52789
2063696
-3581709
1809647
1366564
-4425066
3045783
-81462
-518064
2877235
-5943351
-2974725
171519
-1894344
2621071
2281717
-2921707
1218025
-5485765
-4454623
-7272375
-68845
-4140881
602642
-2766175
-1484613
-932777
2128514
-5403405
-1477831
3755143
-2015630
524012
-1466017
-2147592
-2363771
4163173
-1565251
-5311753
-1403852
-947141
-3684439
-5496759
3844447
-929951
641880
2025545
909734
1598087
160606
-174175
2343716
-1732209
-5660072
819679
-2155756
544703
-1565984
461136
3253982
-4960263
-1672126
-3385652
-1525124
3295620
2045488
940677
2656111
-2028643
1115088
-4587443
-2639412
809179
3137017
-3159833
3987976
-2321175
-1491803
1146825
-2096953
510212
-4320786
435438
-1600755
2145632
-908950
-1014094
-459490
2001385
388713
-1264852
-45395
-3103593
-574684
-3608085
-3283704
-1519897
1362439
3104641
1797394
83921
3565301
299274
-5423550
413473
505700
2729915
-331944
653397
577635
-1177717
-2480263
-3161357
-1109623
3251706
-3862441
31769
242084
-2448094
-6801274
-269181
-243348
1197486
2292735
-498708
-24206
105220
32792
563019
799030
-1078013
2680274
2169404
-3059955
-3733251
3184043
1460706
-3079046
-2642859
-2678738
-3322418
2957731
851379
3041680
-400288
-5957353
-2480129
89837
749821
-5475965
2668810
1208829
-4062125
-1310327
924092
2266505
-2349090
998992
-3005315
842088
1426382
-229033
-2848029
-778574
-1267727
-4528757
254538
-2418844
1154507
-1985983
-2210660
-1324273
-4356401
-1031680
-4500835
-527738
-361687
200954
-4757979
1077179
-2397748
-359802
1092948
-1643644
-1316766
-1884610
440271
1196371
2764080
-1955711
-5271300
54238
-680425
-2740224
442986
2640794
237143
-4142827
1325501
1429715
-486306
35771
2349331
1068506
971577
-2124304
-2069783
-4076398
2285352
568131
4135862
-2580069
-2478477
1241895
-2045461
-1753279
-3150749
-2735599
-3366372
-1194032
-2109126
2075942
-740423
-803330
125073
-215999
-106246
-1354144
-3836421
580310
-1669184
-1021581
1872959
3588776
281459
939986
700462
-2133452
2525124
1463676
-2276460
-5818745
-4134391
3515195
-1222185
-3040832
-1605195
1525896
3173002
2661497
-365604
-4018140
3419518
2643019
-3200575
-498119
-3472839
-3153402
-2173741
134195
765021
519534
-220044
-747127
-2864245
897522
-5057049
1061905
-2044243
-3213257
-1402967
-1673285
-689993
58769
-3143695
-6975383
437488
140937
-2968285
-2629463
-1530201
-988367
705903
290731
3797824
-7476225
-3011566
520593
-2024991
2497110
-7075589
2699923
2051265
-1405639
899257
-1053232
-3928685
-5042466
60402
4773863
2296337
-580426
-1909463
-4531246
-1787195
-1115625
1967919
2150416
95122
119308
-2441167
245093
1888767
417821
-3037329
3700896
-1381041
209520
2693114
1030908
2264015
2725196
-988003
4058242
5275521
-607806
878909
-2057602
-3020361
-1112887
-272602
-6408115
-1720893
-5420286
2319381
-405513
410564
-2475141
-2622818
-2072251
-1326084
4207024
1098523
-1688531
-3232473
3888625
3011458
1963215
-2266996
1220015
-310310
-878219
2977064
2414287
-5267067
-2315265
-1213157
9338
-3066570
-2202307
-2010583
-2666373
1866176
4173976
3153319
1571783
1142650
-1982530
3405031
-763250
-2045382
-910656
-2669085
-1874441
-275029
4426108
2636520
2552209
-6055773
-2156123
-5195996
-798413
-5666705
-562714
-3433242
148098
1992906
-4176780
-531837
-4936083
-118624
3546511
2904098
-830021
-91875
1449254
194451
3563058
3381568
-890831
-2327216
-6602148
4828750
-1446350
4461790
-4995425
-310014
535277
-1373743
-3609702
-2526694
-2809042
-1510795
-1096447
-531243
-1944068
574518
-134145
-1138372
77897
-2026741
-3625967
-4139687
-3250119
2521163
-939730
429903
797033
-178986
945093
-91439
-2520242
-4620394
2687222
2942455
-5411261
929521
2860489
-1571430
2775759
547067
-3437006
1652012
-2650418
-2305305
-5481675
4281843
1019014
-3919914
1063872
-2699380
-676766
453519
2523033
4182892
-1028790
-1537528
-3003436
755708
401475
-1546284
439974
1118033
-2422836
3477110
3095146
-605275
-322570
-5453858
-6331638
2598487
325216
985337
853851
-1900717
-1104722
1504504
-2858034
3096518
4092536
-2931056
-132716
-1920688
-6898216
1179577
-5237775
-2124196
-3345502
3454381
1395952
1882368
-1086871
-2436607
-6071302
143304
-210032
-695739
-4291204
-4431875
-3321359
533742
-4323061
3249530
507028
-412300
-2502180
-1301465
-2160835
-2640721
3506860
529699
-1012887
32912
-4906704
-6932843
-3251448
630213
333001
3279468
3597875
-1461750
3206387
-467995
-2664229
2239287
-954037
3469102
2302063
-1595806
-47695
-1062967
2496540
-5267214
414959
-4939279
2988359
-6209582
402957
4056221
-1277031
-1809387
-1970110
-2270462
2865642
692596
647862
2988096
3987669
585170
56085
-3472290
4148841
498427
-2258496
-382098
3541060
3605066
-611378
-4887
3231682
-210426
-1039388
-118254
-3412562
-1597528
-4303656
452799
3562162
-1518876
2267298
-4434864
-4609659
-1261779
-1552481
2561654
-4302639
-228339
-2048911
2603060
1190445
-2499132
-1248924
3421678
-2643723
-899304
1184728
-6309010
-81862
3504776
1966507
2007184
-4254018
2009002
2719573
700002
3529071
-5190286
-2731911
1904232
-5620110
2326803
-5715129
-3856298
1507487
2789419
-3995961
-2088154
-6591762
-653192
-373293
-4425674
-2440641
-3405602
-7949
-4641525
400292
3386590
-1995236
3673601
-1423152
4338198
314624
754783
-595622
2277555
-2846938
-5242140
-2164494
-1457471
-2360900
-2670944
-263303
2130659
389105
-4076070
485992
-2262710
-945917
-2906469
232577
-3503088
1010816
-437135
-2062705
699716
-1737536
1410735
-5844755
-2017590
886557
-1219376
515793
4076589
-582289
624626
-4034644
-761836
4814636
4045917
-986528
-5521361
-1230614
4030844
-575599
4168144
2268586
-4267668
-5656494
-84675
1014714
-1624117
2020370
-2275325
618708
2076350
-312378
-875966
-200117
-374010
403701
2227154
1231574
953504
697683
-2000469
-3681087
3963882
-1713543
-1744017
-1432984
1005607
415480
-2159149
-2100954
-2690269
-2273611
-1785324
4718692
-1571054
-1564091
-2766038
4040684
-2549261
1803335
1066980
19498
-562059
-2393915
304493
2969438
1208782
-4070944
1315251
1522805
1115049
-1291519
4216129
-4083333
494161
-1168947
209906
-2823150
3458515
1627341
-3476127
1913088
2933249
-4633631
1933671
-845266
-4391223
4152135
-2516548
-2409269
-2295999
-2565559
-4694879
-3022826
-1633426
-4561842
2182291
-1405776
3648784
3300570
-5274369
3491838
-2738667
2305931
-2278870
-2199016
370136
-3296778
-2225481
-1756310
-4860589
-1689365
-4226686
4165970
-4481497
1445470
4098885
-1616507
-4901042
-3079228
-3093590
612435
1181820
-365546
3504865
318101
973629
2172452
-1412779
1063733
-5518946
-5549696
950000
386011
-4959379
-3051000
-1523703
-1544516
-3424790
658263
-4852681
-2109643
2526932
-1032297
73975
2727264
-2128895
-4931062
-563754
1290574
-3703226
-4513230
126812
-1614696
3225123
-2284293
-4123669
-1361150
-5135291
1053817
-3455368
-3194998
2991550
-7172369
847251
-3566338
349331
-3012625
-5153348
-1644274
-1691423
-1792539
4606074
246138
-2285730
-3735841
376778
2899248
2515683
2888833
-68186
-4991352
3738431
-538002
-379489
2319430
-193425
-2638234
-3022701
93431
-1141837
-1372882
-2609111
-19133
-1257495
-2666387
-1331885
3553123
1287586
4594883
458844
-5184049
-1184211
3581882
-1473067
3543679
-2082227
-3945979
5035
2642267
-624599
3185448
-2811892
-1421616
-982760
688790
801816
2700205
2842060
-1191831
838229
-23701
-2264108
219035
2108980
-2929964
5370975
-1230515
-3238085
-1579018
1594986
605385
-1706951
1836690
-1796980
2360713
440437
-1312870
-1407510
520274
-1667103
-2223847
-6504157
3523562
1782212
1926092
1881063
-4614330
-941857
-5936067
-2045252
-2017862
-2275109
-52135
-47849
-652284
-296378
1019223
-878060
-6808784
-951193
-375945
-5068903
-755227
-2248182
-329001
-747096
-6169076
606940
-61258
-2900446
268775
-1572021
-4845399
-2636461
-1297744
360256
2852805
1915227
484192
-5208821
2275367
-2008886
-3712625
2916668
4150014
814419
-377330
180687
1570247
2935601
-907198
69706
93674
-1947489
-5092078
-2787728
-1193906
452575
145222
-2423162
318699
-4276728
-906359
-740804
2754523
4749305
-1141800
1105416
1127634
-996600
-1394161
416036
1217041
-737416
-4175472
-5296622
782711
-682846
2543749
-2492115
-3347340
1011969
62230
-1533282
1825538
-2984462
3191439
1223581
-1292076
-2053735
-2343910
-2953432
-2871010
2843676
1558394
-5194145
-1112258
-3800410
-5337951
-2814620
-2180179
-1985001
2368368
-435388
-2331765
1925726
-244043
-1726994
-2732664
-2815479
-707604
-1714290
-2292094
-121159
3198855
1104284
-4985545
-4182988
875096
3319883
2346253
1003365
-2715026
-3557674
700661
-3900837
-4095251
-5429993
-3187779
-2823446
-3650407
-4195049
2255032
-4772171
-4747190
-3020511
42373
3876591
-3150676
2335371
-3701481
-5860714
-1220994
-1788919
341190
-1355493
-3297706
2550262
3759116
-934256
-3122327
-1436213
-3636805
-1685138
4123810
3414582
3726463
-1142889
2386259
294116
-2366366
3478626
228995
-1260628
-213253
-1099019
-81324
2243563
-2230229
-5636058
-397605
-3064728
-1222742
780630
572463
5010865
611224
-3080381
-2354336
-2011397
-1480744
-1830826
-3256772
-1299603
-4943802
-3461163
386224
