902219
3536630
3047734
1165328
110294
-1162299
1352764
1754478
-701197
-1904414
1282610
127779
1802922
-1383116
-1177833
659201
-187881
2950156
-1906268
808177
-3416
-370368
803597
2369322
78111
1426187
1404033
196201
1236438
268681
947055
107319
-222808
822689
370626
1077104
764563
-115334
916575
-865863
441096
-296304
-858750
522323
1920967
-1497330
508559
-725829
-148129
-197900
-885404
208082
-908564
2955451
520186
-758852
-978797
1961991
1864878
164458
-476873
173029
246001
374517
-176277
-2232538
2991184
2909395
217170
-2715744
-1197829
-281489
817594
1943088
2605054
-568886
358799
977888
2503612
-4836
1742681
74356
1309448
2864602
-983329
48538
2013619
-58825
244763
2627993
-757702
47003
675068
3239234
768647
2130108
-1029846
-2833571
-2513405
123451
-943201
744919
1136737
1024092
-251039
699973
-205098
-1237786
831875
-145827
-17990
-439957
1737631
-944217
536901
877528
476525
-2722548
-2317488
136806
829255
-728124
581297
330048
-292317
1493558
-28029
441040
917721
830582
-112491
470350
1291582
155497
2334309
380186
-973085
1411683
-856991
-752464
-504932
-154143
1591740
-166351
1138262
-885846
-1576496
2021837
2879763
112166
2442421
820053
-820666
390387
-1228206
2270578
641038
-506806
-899927
975664
723160
202995
2350066
913317
430441
2827522
-2433746
1778567
-91426
-610644
-861031
-550219
415585
-2283448
810417
-1723555
870207
1125974
284831
92181
1853149
-1065361
174221
-132287
-643585
-1350798
2294681
263258
85939
-175057
-158969
1677877
1797141
-2608277
-1567127
68322
-69100
518506
1803263
712509
2648999
640873
3578245
2766799
303518
2501823
60726
652493
1732862
559512
716450
-96253
131284
301846
-1549078
-300879
396284
-894764
-1869161
-646114
-4991
-692455
-91507
545030
-623224
-356263
2127355
2218177
513184
979834
153815
823919
3576740
-1738979
1725321
-153853
1274706
622258
637452
362508
1435166
-444823
-2500667
-561607
208632
-2594777
1840072
2353019
993449
132338
1966873
-650241
492617
387124
-1482131
492238
592338
2183081
2183071
504256
660246
-2859391
2603952
2834016
1848042
1279285
127767
-604607
-1388362
2407195
-358999
263254
537913
753849
633519
592547
1101608
1172469
56835
29726
1144647
-1556307
372135
-2332934
765432
1067181
2457085
-1856843
-1771389
226049
1381127
1280177
-1419374
2206700
2308487
3141461
874068
-548443
-1603681
1156662
-2041478
-142504
3010502
-166133
-137241
3425103
-970538
844516
221108
-1297931
-590880
-890477
107714
347254
1450641
-436312
-687626
1641003
2266537
-709785
-127378
2641989
-161669
705706
-812508
-372591
311952
407345
-463294
-159407
1270485
625726
-893461
-756467
-803945
1841779
219077
2155910
-935514
11349
-666064
107137
426931
-2318096
1813372
-1633067
342673
-662146
-210583
2085738
1105442
-2461589
2682427
-72419
-1616587
-20448
188525
1343557
487302
3803614
2800851
-1042887
1039978
1270622
1173437
2873177
2586251
1562296
-2513440
873428
453380
-1487856
1702658
370375
-106247
-839018
2378824
-605296
-1307121
515170
3329977
-1782684
-1914622
715858
33389
1001371
1519347
2167847
1216665
-594352
27778
-1417732
-903896
2988224
402869
270748
-563116
-284849
-828610
-384492
2117820
478416
-123788
1673854
-1186001
-671960
-5799
-9262
403891
2440038
881033
730239
-459448
1634070
-116155
-2563570
898581
351392
15491
-904189
-586044
2736677
268271
2464079
86038
-78281
-251782
2330355
-930147
-1123837
294764
2655150
-1739030
2016648
706071
-81709
36460
-324727
1093129
1070527
678707
-155064
-1040777
-842218
802975
-2451901
-1718132
1722044
-3151470
-726909
-352620
-1428128
-724880
984699
515408
1072928
3249303
668038
3117814
2505662
-1114548
2381864
-494430
-1521006
2506807
994772
1195668
-792264
-123624
-141369
1283058
242437
-1023042
790099
-693182
1335160
3662402
-1813000
1021542
313818
2181616
-188303
259789
584486
-160143
-37103
1244556
-117151
-554375
33212
754637
716605
-495290
412124
506291
-459092
1408915
2284993
907486
818976
-1599810
2929736
-2021918
924388
-1493409
-84045
610546
-1241768
2210907
-139137
2639221
10332
1588261
-2449726
-829705
457468
2386498
2619422
-8698
2974848
2251603
-1114525
-2759301
-425428
11950
-179382
-732889
2202
119240
13523
238845
3376987
43793
-593102
825998
367157
266602
2979857
-447378
-3024950
-367864
-1451925
1042939
3273270
1179357
-223556
762633
135003
-95529
-148484
-701379
-24888
528740
776004
1493703
436900
818733
-1698952
-784211
-1244034
2991610
-61000
-851435
-2376751
-1127450
-2088139
1322892
-697889
366597
143015
-1146950
-954769
-405944
591911
-1417358
3205021
1795476
-1164171
6591
1120853
1605079
1000954
858278
-108179
1224512
-2127477
-1840062
202129
724135
1086957
3469304
-268122
180656
-2304793
477172
22488
-641820
271163
-643426
738137
-923105
386105
1993008
-1022586
-574989
404466
2577302
-1367674
3620241
667252
3053143
243169
811614
222044
1031644
293906
-571944
9256
628685
-2455254
136265
3121414
96049
2235880
232338
1727029
-1167805
346393
1718167
211084
2072109
667263
156132
784112
3972733
2953949
-163083
-846469
230133
-163822
-920086
618533
635078
2140245
3500418
596867
-178936
1986472
2055029
-537174
-761861
2338128
-235169
-1122162
-905528
-1757393
100524
3673348
-2628648
-1169668
1420232
373827
61677
-2102
2770579
2872471
-356969
-1259208
-786485
612211
-400170
39236
-700578
759142
-221843
242379
6587
-67885
-202892
1442104
2151557
1763254
310295
1595474
-1073363
1676619
-500249
180416
246369
-60596
2150863
1269482
-96532
-142666
-1822649
-1793109
35414
232882
3001216
547777
859512
1821503
910163
272495
143062
232354
-1392850
-166515
-1733511
-52116
-684550
-614147
2983616
1056409
3670772
342606
896531
899726
-535365
602684
494025
-1695367
-2419631
-577975
1072435
1262501
-1047696
367217
-7712
3966028
275345
1349093
-1316417
-1171864
1579137
1506619
-2095752
-1736058
858170
1724590
701765
3247623
-3072988
406128
881961
506606
1475282
2072491
2185595
937959
364572
204366
-519434
40293
962968
1058676
-135586
-861293
-318975
2198212
597666
-1454457
110039
11863
1528059
334877
-832632
950765
367806
-2563451
1470036
-2411730
548125
2281223
472525
-485649
-450698
-845876
-305448
-1074158
338035
3066321
281674
169460
-37638
316279
56146
2006259
2286096
290030
1159676
1830071
762892
746590
1953137
2233722
2383753
-377643
2380573
471121
214230
-196969
2265020
3113447
-91264
1705797
-321667
2161937
-5022
-1246684
1497846
-20882
942170
257063
2134995
1253723
2434107
-718782
361515
212582
92712
-93920
-143955
-534357
2328195
-2238341
878621
1997176
884161
4321
552309
1263256
451373
-184581
2441099
865912
315578
550026
-1012078
194102
1225098
981355
1489262
1264076
-911086
3993452
1386992
-2938337
-1039174
1025055
-769208
2768887
-1051040
3098658
1934436
-225839
362170
-55653
-291954
-24240
-671878
-183328
951277
-148583
-600125
994486
-196138
776831
106540
305100
2237524
2898
364877
-1724150
3627479
-430975
1483041
206792
1551329
327786
1541500
-2012916
371281
682316
-323
-46139
-2300318
-122558
960576
815570
-312768
531731
802883
191004
-482642
637372
-42340
1701370
-25609
938950
-39764
853990
-303911
2628095
526090
1338763
-1314023
1027400
1830133
1248097
474382
771612
1300762
-1009484
-574534
795617
-39295
-602798
80061
-1053501
-1231297
-347692
576738
212963
-367480
-1011256
928874
245956
99107
3263766
-1066488
2428743
2002946
-2544351
471582
414348
137470
721809
-99132
1727749
-647397
-52777
-202199
283766
-201393
414052
787255
1897852
-299300
1002729
2167281
1838428
-812321
312133
12243
2365698
2583658
-772470
-15923
2189365
-2553139
-534055
2655303
245397
-778052
-1931078
535819
455530
1570010
-132012
532200
1217089
115149
-904658
3760690
1820214
151197
2933662
-412875
1136667
754
1647052
1140566
957475
1128137
2761829
487828
2263507
88470
403895
576167
722229
907459
1824666
-727015
516927
-283732
-1181576
57847
-351942
2343350
-257280
3121177
-87895
422487
1476674
308642
1512644
-98418
889374
1131737
-1555348
-991729
568420
944245
327525
-244074
1232299
131959
2963914
-1812847
1322899
601992
3468056
358191
560908
-2607375
-894381
1514441
-614920
2965716
-341733
-147936
-143679
2147555
341411
3275241
124415
-1095773
8166
70019
994079
-180757
-2146217
-1993442
1177211
1191071
790401
758265
-2039677
-30485
818698
3040050
2761856
-593707
1787753
91317
-501785
108967
389705
-2268318
-2909979
4088271
195662
-429337
-291121
-2862808
1907574
1858897
-877119
-7663
2790013
678162
1879705
913055
1541649
-771150
367398
764925
-718242
-2497109
997281
-442547
-412088
-299386
208023
1345036
2591150
654613
2731569
1176297
2709799
3429131
-1528208
-1532278
-254430
-247899
3300391
-1491856
1854427
12906
2260945
2332829
2453075
223627
-9327
-2129559
1594003
-70544
368645
373402
797995
362386
1156812
-1789263
962020
1988652
-383825
110294
-1514599
49265
-562825
-275788
1921001
1424645
-1415287
93504
536317
-1606915
-2100063
-84024
-90345
95876
1561274
-72168
1198076
-1261156
-439746
517746
-538926
-108763
-666210
-356331
746763
-1964851
2004236
-1281976
695852
1175409
1870688
2160493
810127
-1364849
882983
1496692
1005940
51413
836074
548864
878770
-277136
-2202517
2637808
-1498821
-147028
-1780925
2360800
443169
-274431
-1755192
280008
1958905
-1446088
-81307
540855
2956715
-1107105
1543076
865778
2668327
942814
-433088
-331732
-5161
633884
-2487602
-1376123
-2000402
-2223369
-187407
2058161
1332483
-1273504
1462449
2014830
-49042
-1727144
3045705
-1502921
-377873
508088
491576
-1089244
-666567
1809646
637955
231859
619292
-1921388
3050479
3645788
-668399
81084
2596449
-1304051
500390
442788
2170453
2211672
402546
62584
-304039
-770019
-313836
-781862
-747805
-427530
-808574
-743210
3022243
1616402
2050537
-457165
4066965
-2365933
241431
-165698
553454
740196
821784
-971231
880476
1989376
1485601
-613494
-834016
-113312
2412493
606491
1863188
507298
551276
-1946712
-1620682
-473113
2301164
-1245585
-163130
-1910026
-163740
55613
627784
-1042338
685439
3650593
-838617
421618
293367
-1562612
207272
172141
3343961
254668
1803864
-545029
-616603
51815
1224759
137425
3464298
239641
323629
1816813
-1028341
1863869
488558
-290692
2436242
1994459
-888966
1959503
1296991
-1265204
-84807
40692
559470
3313038
570513
-650875
116512
2520452
-394610
2472138
668645
-1300211
-1477966
1468725
333878
-180904
2213517
-1098187
215503
2483448
-245435
-278649
-40486
-1090674
540199
1677913
-206625
1630680
728365
-89659
1138484
1001523
696444
3551150
526994
-854311
516040
-524203
-1919172
2555111
1104004
49038
3900
-1829458
-157657
259237
2351852
650725
-1183628
2131727
1819530
1324848
1629188
-520669
-232453
-168045
2659788
1675278
296204
-1431609
-110502
595919
-955987
420597
924867
-1631143
-504186
-165796
239013
-651519
952247
654546
3132430
-212591
-1696799
3065898
-2168038
-2088949
-1379530
758786
488936
313490
209539
254525
-675523
404919
462321
372752
-1093338
1240588
-483381
-867987
248369
267483
1889123
-1015708
2101044
-846974
326933
533607
3107350
452284
98443
-181682
-1454102
3717671
1961408
979704
1483931
983676
-363236
-432158
-380181
1384017
688062
2188283
-269339
3077460
-545386
-632095
-746749
2768689
1929857
2912842
-1634580
-1243585
1458899
-526271
-295181
-1718530
-1191528
1249354
-234583
2937160
515552
543285
9949
419493
365419
-327556
-576566
358924
2035778
-2306147
-1999951
-2276665
831729
1629593
-665740
182697
2078438
-1507877
2264762
-1307462
-2137145
501995
-2676792
1214107
2601113
-649556
302364
-1556221
391299
2627818
1941740
2035444
43956
802119
-566935
-38002
429241
1164008
-795361
159748
-708345
262057
2711862
451494
2225541
-344036
729939
-2569900
466284
-725370
94226
-1024951
2293838
404353
-120482
244211
-1143582
51693
-1011109
-2237493
2545318
727596
-131508
-480753
754860
583930
1699968
-2226383
482779
-423275
-2766458
564715
2439502
-735282
-814761
2855459
-431643
-1169528
761817
-587774
-174999
-2198672
2917510
122811
65832
921021
860808
2020070
1719414
-20181
1389196
-703900
1952842
528480
570803
-999274
-226556
1144196
1393281
-416954
2432496
-2149303
2115574
1027795
531665
533622
-297815
1669356
2865183
2224541
-1576317
-972559
263283
1289383
-279200
507636
-739393
-174472
499230
-2207056
-406424
-670439
-968925
-1884341
-1039571
2765759
187550
1945221
2350581
-3247109
-1398246
2093264
-1889432
372353
-1455591
164565
-913011
709904
2332775
-1538831
935470
-114505
40247
382781
261247
1122491
1266397
581920
455613
-1967579
-513296
151495
-493558
-1422035
-681220
-444120
1233068
2167493
-518311
605738
1553968
713142
710824
2223265
396407
-1113761
2355749
-1129875
286000
683568
-426094
56519
1040291
-171575
1754902
-167499
-499243
2030080
-35692
-2388737
949076
155499
252797
-600591
1568818
-558215
1928406
1796588
556833
-779812
-713484
1312271
616780
1738810
2182732
639156
-160639
-16470
714243
-1595304
-872938
1206590
2276862
-2021191
3037806
722505
1988861
107564
-2267667
88870
-252141
132819
67239
-521347
-772082
-691043
-333573
-14441
536527
695609
962388
-120311
578874
3297920
1787388
3084808
1261323
577424
1039849
2110428
128109
2507239
766975
2961567
618402
486712
47820
-884465
1028598
-1206274
-1766082
-2006793
-902314
1369480
1063637
-226581
1294607
3171736
163687
215135
1875045
3586447
275387
463805
894689
1010866
-1332624
1941645
186742
-195038
283722
-660485
-597114
-385645
648926
-318071
-141953
587052
-508951
-1980715
785143
-737781
2653894
1686576
2119812
-507850
340498
-1517039
1315445
477544
562662
-25534
-238447
2481058
158678
2274203
950109
1909022
-1329574
-819099
484610
-1046084
-2614271
-1234529
1119011
-2356535
2278706
937130
667363
-1882826
-307991
421759
-939428
-1344595
-1098398
1162814
340795
-1574401
-2659342
-1593622
1720000
1468254
-1690520
-851826
718984
1470578
-765161
-106045
1420777
-1359337
2487090
-108185
1621260
-176872
786790
-698203
-264387
-1437270
888763
2148092
-56553
1288502
861182
37897
292861
-2365956
1467539
813966
107588
-786029
13422
-1248357
324692
208361
602730
-1983348
-819549
-876194
-543573
1130675
217657
1889171
2743850
3019973
484180
1580782
-2871199
192899
-214514
893321
600823
1236235
330060
-1965781
2892991
2552906
929135
-1026873
-2101266
477551
203943
1470938
1046864
2770664
2548019
2188177
-683284
443159
792224
1765851
1349965
2378218
927744
-770712
-2707396
111760
820496
255634
596647
1693504
-1035537
1802829
-921938
516442
-573349
-1507431
297915
902701
645552
-1309201
2530061
-2366204
480785
-500502
-385058
2462109
263812
563500
-1552001
-1134790
154585
-262402
132281
69375
2470463
717625
-356181
-1815550
2267925
-1590302
662638
632863
-294297
333285
-215268
845434
-313016
407399
-1520748
10973
2461031
2246727
2943552
591025
-1521806
-1218061
3005474
-1237089
1350610
-853520
140984
1164038
-303264
2625565
-3926
287554
-593626
1398147
433051
2866525
-1070685
409857
-89752
2279577
494855
1830741
425511
2339943
674316
-2206172
-729156
-1422266
-1730728
1748321
182649
392607
3113467
832678
-308167
-1570148
-260427
-643338
2367596
256833
-155854
-2398347
134728
385861
247723
-1150945
-561937
981331
-1139926
1948032
-26282
1324885
1158130
212894
-467921
1517465
-439093
2762264
1118707
2541525
-669095
433019
2892975
2892402
348456
-16405
1803265
142829
2079207
-1110661
2126860
-1792365
-2156589
1139074
1423140
385798
-619652
1407879
2578965
-363775
416392
-226545
-729761
-233335
1782682
1115093
2340675
-110991
529015
398091
1870670
-712306
941048
1915225
1682210
-799873
166703
235840
-1803456
-447021
-1930983
198356
-248114
-752042
1791126
763028
-2337342
743867
-948752
1766582
-398985
2472098
3520117
314014
829344
628461
611648
3095701
30942
251729
2837699
3336326
1113455
162297
-251607
1380110
827905
-262981
513099
-1398826
1353386
-671633
596664
2489745
-1310867
357012
700691
64386
2154153
-1665454
1122386
1133143
410177
-631266
626568
1461179
90544
-3027740
-604834
204099
646942
-131352
388388
-156482
-353494
1138331
657610
443894
-1634261
-1076917
34866
-1162299
2422365
-229374
962555
-975059
1722785
1840220
2320397
730258
112060
-1719382
2435547
530347
1511295
206278
2611395
-236913
1215886
-305871
942102
-1101008
-59172
393505
581939
2883016
1004789
-623521
1694593
-104496
1093732
-425255
1983200
3427653
1978423
283703
274840
445921
1548544
1815453
968072
627889
-2402163
353854
801965
885884
-669706
1577702
332852
1102770
-179268
2015424
2186597
1640290
1388678
607859
3042334
-2633503
3370401
1442765
-685990
401823
2269724
1606023
610442
195727
954513
364888
1311875
3202182
-1026009
351916
3050786
-502024
212316
2896111
728012
693942
-372759
2083422
1022523
-1174701
2264660
628900
-237661
3477275
-2641806
654679
1687778
289423
-77658
119171
-1812366
431974
-178096
-1363170
1515955
-56598
198269
-202926
-2561576
-1943325
781738
-2249425
-1028608
-1008657
-404458
1372861
-807456
-1667318
-1752186
742577
-740877
1722098
2054031
-753535
-1695176
2248957
387399
-1860367
-142711
1757482
506477
-1067763
2600395
361888
-122137
134414
-766742
1157348
807556
172398
1011101
-272884
-449821
1567279
258819
-260005
541424
-1347776
1056741
967283
112517
-575213
1771991
555443
-1676147
-2764286
536229
1649616
477706
851894
-1774453
963671
684267
2093090
873127
1555111
-169593
-1292306
-425729
-265612
3330274
-1758198
-427159
-1257759
954930
640616
351583
2662784
225259
265514
1259317
642824
2474960
-187227
-956224
-58496
-1748954
-1309840
2086640
2721464
2201181
2593265
-2011039
2723121
2630569
231101
179785
-103312
9303
190394
1182659
513542
257838
466378
2901045
3250958
207168
1554738
30182
-273780
1347873
136836
927921
2038491
1995224
-2253334
1584343
704152
-1172431
-398423
486551
-742131
-1455683
589929
562608
454631
230388
-1032648
-1028671
-490793
1858306
1391778
838830
1292112
-389177
-276596
121546
1636451
2012205
557161
2534590
2448689
1102436
177364
1987076
2180960
815092
-2091141
-266654
589558
-976936
-1889784
31178
755373
1126105
2148427
3384133
-464215
-879839
-421138
336671
-1073366
-288035
1354518
1616213
808458
2359386
-120942
-1165589
1680070
-1179020
2673910
891704
437296
-1424618
-1363171
-1140944
2929409
154658
-1849263
-605612
525793
-3004546
-1620012
1667718
927833
3581831
1681741
-581774
2873559
-396214
-1506329
618697
2475597
-1554869
-412855
-1847126
-179767
2094188
26348
-23590
2098416
712012
-732030
-1228039
-582045
814697
380717
-182537
1274610
1131425
-820856
-562851
-1394395
2252498
2140485
-158361
2907416
1002301
-2252085
15887
785074
756405
-233905
2248422
616895
-735342
838851
1190963
911275
2809088
-1072621
-1287953
1314400
2102982
2722854
107908
1466658
2453330
2174705
776788
2473271
566086
-1071769
848674
-825629
739534
-614280
-47848
-1626275
729333
-669844
-938494
994802
103580
-1518418
-207783
-899259
1432793
2568017
327623
-2459779
-2250744
-1031842
286239
1459810
1536133
540712
1662972
744429
-34652
704937
-1996960
610678
325053
755289
-566699
-572971
-1719903
1211944
-135141
517070
115945
1772427
-1756039
-536916
-736296
1321722
2337501
1283255
412099
2183045
-686097
-465136
529975
61453
-645531
1917022
1515706
-915521
663652
716
1051854
665689
472796
516499
-638604
-922741
809449
-1705312
703252
2035047
-1351229
992418
-200889
1082499
-74734
-1710034
-5418
225221
2043022
1636777
-1154587
233713
222085
364164
-2335156
-172729
939943
3069070
-620359
608018
254170
614341
-310744
25639
-25295
-239791
313889
1887921
-26531
-174038
2480830
-2095842
258197
-127614
460148
3354997
-1265130
-223261
345194
2860536
361971
468741
-2679101
-386167
1877616
2668093
-497656
-84915
-436635
573823
924532
-308247
-683476
2796156
1377781
471419
1138497
529941
-130766
-3048440
208071
-776247
-1561161
228733
219798
-269707
6616
-1790835
-1109151
1016848
-165312
-2377564
3070679
-467772
560105
-183666
1386463
-1025939
200010
-92048
3036142
2312262
3412702
-451379
-592533
1586944
434877
-178391
3530765
1403975
-439630
1471314
2540355
-286862
238592
-454437
-696995
-1798676
80538
1507884
-659118
447962
-378524
1544645
-19965
2789646
910021
-274946
2925624
2020390
-1689825
1656002
-185263
3059223
701155
3705746
2155248
19230
-376658
-198565
2775396
495226
2110243
3889971
618794
2545239
-1349080
2326769
689941
-2106657
18678
313024
2710068
2121700
2236233
-1371112
2254256
-530941
786333
142928
129749
-798665
603960
-223326
-814162
512250
284119
64107
1312992
543976
528346
-277896
1558069
-1546882
-41438
934953
-2285253
826326
614510
2795902
3051194
-219234
-1519830
-2467036
14392
-1719269
-2198416
-1447481
1419989
-503830
-932998
622932
-1407014
-31842
-1672003
594258
328940
-550837
-327480
111899
1365299
-834936
547381
3286951
-325956
-2436945
401324
1068444
2619114
-2542085
-922799
-35822
2466655
-955615
358490
2526688
-916799
-740187
1739598
2084668
-149527
-384409
-828931
-393938
342918
2736205
-310083
-1700615
1462544
2150818
414727
577062
1536892
757125
-543449
1894786
-20581
-1796813
-1346798
-82028
-87596
438506
1795181
1180837
127743
1205782
2311339
2233983
679822
807387
-637469
-603230
268615
246512
186668
1666423
482633
690168
1324823
895135
208378
818986
214310
926638
2489776
192434
-106466
-296878
223577
914228
196357
-253939
-1516102
548119
-42409
-439538
1534033
409461
2212308
-601164
137918
1592173
1715457
-358151
-1517051
1133691
1727342
875553
392785
2012624
705367
1733681
1085695
-1153822
1152764
314236
340423
1817108
313677
580583
638628
1774602
1209738
-960345
-550731
-78193
3280567
962241
2647394
-521074
-84832
1609532
79516
-1128323
-183649
733554
63565
-1242562
1037437
747173
66792
-257640
147884
469709
2782529
-2467304
892228
1892600
-383587
-84529
-1530081
-1520108
-1094
85426
1371041
814507
102585
-2553595
2713204
-2088306
-1143715
-121146
-658360
-765583
-1887710
-497504
2661944
-196290
3252277
255411
2321249
1461656
882160
-2057735
-419260
-891484
-1078317
2716474
-189986
1542048
-930906
88808
1775640
2399646
583107
2611573
905121
-1207775
-1975199
-1001644
343440
253705
1170025
900546
634376
1282870
2768462
-1525743
-477228
-2952884
-108105
1342473
-1147937
603911
-52125
574010
481474
190163
-69552
1203734
853625
2224081
192391
-284863
399175
237289
1299067
-1496637
558269
2984297
-1295076
962266
113855
-373601
481371
1922773
-291738
2697014
-1941733
-938016
-1850248
1503815
-105991
1983184
933252
2963348
7113
1966174
2506608
-2596745
1226877
1925044
-435062
406598
2759484
1631482
181604
-1029224
53822
356733
694742
-602837
-310855
462262
-1188121
660235
306630
1353364
846392
252642
3391550
-787962
904066
11968
-2917374
2661908
2215847
477512
73612
295464
-1115990
142096
225456
416422
2702598
1833651
139602
1429252
-103788
617224
-443248
1887329
-1097128
-1418238
-298332
-430253
3301051
817384
1793343
2014863
-80709
435184
667057
1808021
2032456
-250446
3425408
1540848
-990315
2647184
606530
-332128
-1832413
487673
-2693425
1613802
806296
1908048
-1052477
2320987
978347
-656828
2527029
2117542
776973
739634
-924223
3269600
1970576
1580231
2052837
2534536
2027836
685276
-32976
2165710
-1342240
541452
1075520
-711897
456563
-86015
594576
-524700
-1217697
2333491
-1470506
-754969
800733
-2332912
1123221
-425505
273506
-234548
1065723
-340824
-1205297
800742
1048155
625195
-745713
967909
1023564
2872293
-650435
-1915776
-69581
-156673
2729570
2124958
199963
1423735
1582772
-629907
770820
1838500
1418764
2009331
-1633285
2441721
2830045
-2034241
-1083046
273730
2273007
-768615
-42300
-533165
-164968
647345
384014
1046367
-180698
1071542
1335136
-1198897
-2902244
1593902
-1148413
178923
139537
-1307933
699625
1920108
1111425
630570
-371476
-567867
-747697
1215546
1178654
-205022
192554
1575264
801972
1412782
53927
548360
1717114
1106472
221227
749053
2190522
877264
-1801311
1980748
1641850
2034279
-1096703
1537661
1377864
1656180
1380090
3888660
433546
53069
-411009
-970353
2188812
24961
-777169
3716843
-874485
402783
1825763
-1565643
244830
-286256
-16064
2668634
656370
2820948
548419
-282632
-451976
-259178
213477
2555950
373990
870320
-1800921
311316
-2320380
1246153
-177188
-357113
2618699
-1840402
-1005973
-567479
-623065
1273007
77694
-1229165
1233579
210760
1975991
204417
601483
-286683
2652062
-1131192
-2939687
-2346083
-820202
199710
2414671
-333962
1014314
-1119757
1185130
-1296696
-667066
-1459080
225403
326176
572634
1700551
-405450
2229727
2083908
759988
-1530168
2511496
2666651
461167
-757772
1984486
3706215
-1124889
-231903
-214770
11874
1193637
-1502147
-1671389
-2444994
243384
-746714
132720
-1519815
281883
-260039
1729276
666692
247750
2365358
-131784
-868318
557748
-2105031
-1133147
900564
457223
-1611733
-970429
-1685057
-5532
-619786
-531699
2016875
-2527531
577346
1185302
918187
315690
-2664168
-68849
530439
342419
-324190
560280
637092
3014346
1039529
60354
-474696
-2600412
139386
-36093
-860629
205584
-162690
74594
-636606
2426370
1466057
-628778
8626
692178
957300
1168776
-2519683
854758
33843
477419
3434570
-2245961
-1056131
52410
-273467
31352
-1850517
-487214
-183742
-657736
646883
-706368
111344
-665456
-1174766
-156002
-1012500
-734910
-479840
3228354
143761
2143022
1550562
409120
-355848
-41809
1185199
-2342439
-1934966
121622
-174877
-156467
-1748585
1699993
357557
2308944
101371
1178023
2296679
-605844
581078
1408217
1225034
843219
-1469596
-532427
2076945
292013
-119096
-1882700
-521005
345175
1381808
-573778
1490056
-1016622
309041
-234304
892722
3212742
3756279
-1154876
-1896364
2263843
675511
2941429
40727
-1700422
-713747
1431194
-893453
289459
242301
457628
-40558
190052
490901
-65677
-2156296
-329060
-77856
2571627
-528529
-315598
1554589
1637383
920734
-156835
-2260076
1056430
299534
2277283
627989
-139635
199082
-1018170
36422
769743
1586698
1617603
-94351
2189132
-1755409
332907
763041
-1544898
39655
1637332
-29339
388902
2655361
-534025
-251639
2134169
-1899457
2191125
516430
3043613
3036324
1473025
939714
2429263
716739
1275772
-259978
1706094
-2421720
1869231
459575
-54409
-101611
-504037
897247
1595700
662263
748320
3402084
1480499
2339758
-288004
82755
-74017
576044
1011282
435798
-1232289
1853945
277466
-2162611
1216631
-971693
254014
111415
3815420
1875446
1814692
119160
-2440796
-321723
199756
2025317
604153
3392274
-101442
1372312
642264
380309
1805170
-372772
-1914638
2842748
-214415
747686
612157
2773300
1914995
-1566390
-487760
2134761
-819425
484427
279440
-2757440
1283258
-1883596
-148808
1734260
1060383
-2059059
235038
641153
-995501
-1019647
-436360
2309704
1904744
629541
368832
2340271
-796997
442593
-2839990
1404927
196276
1785466
-1058360
413589
82736
-1518688
-186187
631840
1194239
3101324
25207
-1883981
658627
423516
1864193
1012939
2056474
2547759
-352658
168648
-2464998
166898
-3102688
-487916
447880
245303
819145
-1576215
1415359
1541002
-365315
856651
1502483
-1398869
1524853
985008
740357
-107332
2012860
1503172
975761
744930
1227674
1630222
848589
-2464735
-526680
2557222
-795312
419010
613555
1236814
254256
3223124
540113
316005
-619327
-508169
571660
-1784435
2021469
-215675
-1037719
-230606
702943
-1118951
-2681931
1748036
2783677
1094706
1593587
-337649
326532
-332958
-706130
292472
254155
313704
1035222
-1618777
1700823
2716887
-1511575
1501866
552516
1420390
3102918
680665
669512
383014
-80223
170669
-214319
-79327
-24939
203352
-234654
1312486
230887
-1646978
-236138
192869
492268
781426
737334
2461939
-1855470
658031
-431058
95643
-1924000
2208791
-494659
2116730
-158228
-1196606
944898
2787215
2039138
193275
668862
2000748
1087429
398629
945414
836438
-602226
1209468
10696
-1647111
367720
-172007
325200
-484830
3329774
-2044812
595505
2322781
-2073868
1451407
-248654
841105
1545861
329775
-2617115
217171
271617
-1084150
489125
788532
-427990
-1026214
-849539
1801240
1195658
589199
1314418
459127
232003
2065002
429716
1695620
590270
2258009
1653878
-668314
865281
364774
-1584602
904625
2266278
-1307943
-1144665
714237
-436431
-677156
2713728
-41876
1838569
-41820
-1403348
804167
1718602
2131446
-609039
466344
1666757
-666206
-2305898
-639732
-182942
-2715085
-377115
-2166235
-212218
-941975
-209025
88169
836907
597755
-355855
1902517
-359962
-812131
261293
1883379
-1323070
1901506
1710322
636955
1085883
-16907
-1593738
2293908
-305422
55480
346366
-2507595
-270988
331498
2544788
390656
519043
-675659
460351
2921024
307665
2557245
1727329
-157535
90851
-1243486
-1972575
2944286
2285173
250719
744817
705112
-105387
229884
1291070
-509657
3559107
-2877097
61197
168511
806889
-417030
-1251026
-196047
136727
-1837286
1093827
1646189
-329325
133922
-1903150
369545
-722891
-1515572
2375627
1748075
-175761
2985766
-243570
960426
-1326444
-603883
-753418
283812
998781
469746
1280374
-886985
13433
-158191
-67766
3002487
451275
3009
-2935887
226362
2079823
673905
-1016627
-133120
606962
-363391
130247
-965763
386321
-1126732
-731491
618175
-102869
-1166638
221993
616675
676912
-1274661
775446
-1513466
-708963
206775
524377
1354533
403490
502693
-301300
-528253
802490
-1354411
1683579
162070
-182092
698667
58970
60899
564252
2603760
-1443972
918326
1921647
1404141
280203
-1310038
1474842
-1058416
95035
-224466
1156429
-274467
-193870
1057913
1184617
2277894
32693
483013
11235
516925
