4916829
-8245327
-430499
-3173872
-4694567
-4009153
-5942145
-2305
-6172332
852976
-2945027
127439
2784016
-388317
-2611251
-285473
908934
3734885
1799025
5196
1849975
-6975014
-8970096
-2590187
229387
-2292274
126271
-496301
-632552
-2500701
-8775240
1883819
-3369951
-1056601
-368897
1465503
-8350920
-1478278
-7117823
-3512721
-2976249
380778
-5598153
-1106965
421422
1002839
2514992
366794
664914
-5014559
-1761772
-257279
-2781938
-3666245
-1929739
-6691191
-2625854
-6017920
1689205
-614349
1134735
4731192
38754
-6395683
-3700042
1660312
-1721728
-3130509
-7698215
-1908425
-1937576
-8744514
-6542404
-5509322
-7507099
3533987
1866429
-1710303
-73373
702696
-4733197
-9496188
1864042
744204
-2399505
946980
-484712
-2651576
-4032257
2610084
-4789459
-3597140
474267
-3785793
1342576
-1457202
-7412468
-47434
-20245
968322
-532562
-793855
-4097116
-787157
-3374057
-3512155
-3412886
-681122
-1523592
-3957173
-8834124
-2036026
-4995271
19718
-7270114
2431101
-3582673
1947536
-4259776
-4169813
-2925321
-3712567
525360
5406377
2538895
-2130151
3797750
360918
974677
1221842
-787909
-1749860
-2427912
-1325589
-6400919
-917630
-5074930
-3951631
-3385895
-1164518
1555515
-5309514
140262
-3820906
-2742380
1303379
-4742090
-25759
-2844828
-1707561
-2979588
172470
-4730568
-2492390
222863
-4975938
-881472
709167
-7753776
-4247666
-873996
-1808376
520113
532840
-909146
-3730791
-2726451
1298326
-2902489
-1991536
1424363
-714634
-1204153
-447021
-1417050
-8816177
-2750183
-3390321
-6209104
-237408
-8710731
-6795644
-63427
-2576710
4667879
467589
-2340742
-2335632
-3742915
318857
1148640
390901
724514
-806948
-1846760
-3127690
-6597528
-3773972
-1182490
-3762118
-4994046
1280491
-4023762
1613251
-7754713
-1398823
-7679679
-9751917
-3593315
-6728264
-939914
588042
-8043129
2869693
-748882
-5037857
-4836775
-1590913
-344983
486748
-3498004
6295010
63694
-2607069
765949
-2858865
3769261
-522957
-6080692
-3269169
-982830
869462
-5156965
-3756520
-3638864
-1264127
2039386
-4083106
-5474251
-4142393
559034
-2333478
-3867520
-2420689
-622432
-1003485
1145697
-11150919
-6746613
-4274378
-6240165
2419757
3290453
1398253
-2263016
-2680695
-1036114
-29372
-5336994
-6520083
-3723455
-8047175
-3631515
-2492895
-2921613
-3608130
212988
-4100722
-2600625
-10190817
-4273090
-3161695
1974183
-4642367
263096
510770
-6136851
-4548600
-1770346
4484399
-7978807
-5561294
-1311476
-411397
-8606160
448886
505024
-2487956
-863012
-6264854
4054139
547717
-2982866
-2448151
-9062499
-7716164
-2015965
4173737
1512234
-3585428
-3005134
-3862494
4410871
-2902569
-5686670
1131885
-1926792
692971
-1978228
696549
253836
-10283466
-3646128
-7853463
-4733874
-5212056
-458038
-9605216
-1385446
-1981921
-51395
-5809448
-3673249
-6491341
1434492
-5573334
-4411552
-335716
-7838548
-263751
-1841356
-126343
-2666733
-4198664
-5268050
840591
-1047321
-7378158
-3072524
-2087033
-6089955
-8272618
-9040628
-1613691
-2732421
1849400
-1793185
3041879
2426508
-3363965
1056803
-652401
-7449152
-9074921
-9686088
-10436376
-1932940
-3175586
-2932649
2459704
-2757142
-3187250
5280692
-1777051
-3306024
-8996055
-10982080
-11755227
-2829940
1796272
-159701
-2412519
-4188009
588480
-4385189
-1715081
-1239678
-19045
-1019990
-3806559
-620849
1020603
185705
-1868892
-3419759
-2552646
552153
-801014
-5095361
-4293389
979550
-2330394
502705
4366179
-2209266
-5811416
-730543
111908
-2955464
-2679430
-4313595
155621
-5451282
-11096361
-1225212
-832970
2558287
-1126078
-609537
610907
-2805281
-8073666
-8720047
-1524791
-2908749
306880
-1102367
-1542958
-3556626
-4074892
549306
-20137
-8391746
-2935636
-4470574
-8332662
-1981141
1894642
527021
-4243880
922818
-178914
2388221
-5843261
117093
-5812584
5925892
1781654
-5160852
569141
-4729129
-1898813
-713255
-573949
3655229
-1738878
-3539217
-3112000
-639485
1394450
610259
-994378
-1583325
-2986479
-676183
-2434054
-1351859
229103
-1417208
-7148943
2405454
-104400
-6504748
-327121
-7040746
-1966660
1467809
-1194534
-3733295
-4511037
-8841465
-1317866
-7850894
-7359862
-5774460
1124927
-6742583
3236545
-3946441
2247797
5099580
-1088509
-8413089
-2799904
1662592
-699776
-8886395
487313
-5007691
1117377
-840036
550734
4845867
-9341306
-360596
-2177994
-7467779
-3519260
-9313165
-5162938
-1336725
-4061359
26845
-5610101
-8944245
-10981332
-8045968
-9129546
-1053764
-590012
-2463900
-1591968
-1159497
-5440107
-2519227
-3031980
117612
-5058
-2403931
-5421929
-1412769
1072984
1550619
-9172360
894778
-6062136
-4421274
-2470705
-4425304
-4499962
-7883120
-5673906
-9533650
-2647257
-8877352
-3870837
646196
-540267
-2070828
-9387270
-1707138
-571730
-561684
-5674109
-9837682
-1160817
1813479
2470180
-3015965
-2665895
-2126658
-7701120
396183
1541343
2196063
956580
-3209409
-3018029
-8260025
1929534
-6299281
2002197
1233710
-333504
-1068014
3687991
-255344
350633
-447046
-7056836
-6243415
-553185
2608119
-1029832
-3308401
-7590273
-5167230
176139
1362109
508615
-2588353
-7727396
-716631
-5841407
-1615808
-8521507
1287955
-3994187
2765687
-6449464
3492343
-5494745
952989
-6828305
1937169
-824337
-5766408
2847290
-2789899
-1617269
-6068651
1155607
1370586
661840
-8700130
-5176848
-365155
-3445768
-10043402
-2738266
-1633378
-1258614
2836232
-6403498
-2037899
-5106158
-1867932
623145
-1200290
2989650
-2731144
-5088124
-2773010
-7710111
-821366
623545
-2134107
-1774032
2136579
-3205837
-807477
1184597
-4280857
1583964
-4498006
3525857
-3641232
1555401
1188216
2338871
-811300
-3183530
-7263215
-9132276
-982245
-3038379
-830615
-407093
2920907
-122676
-3515193
-7046237
-2209701
-508121
-1433955
-874430
-795624
923386
-460815
-3129599
-3780819
2843520
-1011855
-4242642
-7003562
952882
-612990
-2978529
906123
-6499398
4002411
-2576251
-33785
-3250447
-4896672
-2917662
427572
-4355086
-3063158
-3199487
-261212
-4466356
-2541859
1194824
-2603803
243587
-8081682
900775
-3016782
-708715
1193619
-1263492
-3006516
-2307788
-10832158
-5760416
-4746817
6199745
1149464
1709714
-1037235
4913154
2178534
-10259322
-1836590
961350
-1331702
1551153
-6962849
-6320649
2270616
-7195077
-476496
-6264385
-5324674
-3368149
161551
-3627075
-8459113
-5371014
-2383710
-5399676
-1734580
-8379486
1179348
1073071
-354255
2901531
-2266229
-2416454
-577740
-3463869
-3628233
2933818
-2099489
-3534575
-3035334
-10125577
2502827
-3251072
2175930
3572987
-8213904
-3655917
3460234
-4773381
-5588464
1342413
-3512865
-587683
-2516949
-157233
20595
-1182084
-6003545
-484208
212322
366988
-5604429
-932910
-1285826
163772
-3406777
-8057884
-10433413
-3345211
-7180370
1635105
-5419822
-3855542
-8574191
-1458537
-2381893
-1090710
-1308261
-9658482
-2522558
-7834323
-139660
-896992
29029
-5289836
-563571
-4567420
1366319
279349
-3539371
-1237187
-189504
-8527720
-6551915
-3519572
-6057731
-2972730
-2986146
-3586572
-2115361
-959355
-2668970
-2445948
-7386480
5010661
-930335
876610
-2612018
-3528868
-10004505
-1068468
-5322733
796013
-1722336
-1146201
1040909
-9100683
-4236521
-1414336
1832224
-977940
-9542565
1547558
-7006411
3477034
2632270
-740257
-5213979
-2739251
-7603673
1275573
1332852
-7860236
-163561
-1175449
-1817234
-4096314
-10285051
-2245481
-9021772
-9443917
-6789458
47480
-3320901
-2491908
390811
3846531
-1956010
-2391599
789799
-6830133
95551
-2079898
134322
-55053
-8621006
-9173669
-7123904
-778889
-2019172
1614756
-6629686
-303655
245510
-4267067
6674
-9608041
-4009570
221053
1474301
-2866242
-3838063
3736771
-2132991
1197212
-8495415
-248381
-4628656
-940790
5428516
-805675
-281920
-2104655
-2220327
1129406
-4855895
-182734
-1972862
-6589376
3665699
-2788346
1412580
-1213728
-8896618
4465133
-1610081
-3205730
1237880
-1194541
-10687186
-2318680
1446402
658062
137705
1441010
-1606400
-3111907
-751340
107541
-1635749
-8490997
94344
-3641182
-2558237
-5812420
850161
2604711
-4602640
-2172282
1624205
-2798838
344972
-1134460
-1390338
330267
-3940908
997604
-5291937
-1495935
-5356403
4083269
-3248054
-4376836
5219583
226059
-4872087
-2759527
-6765020
-2346744
-4725699
-1126918
-35116
-932272
-1186544
-218732
-27101
-666431
-2258539
-1968865
-93385
63019
-5499877
151413
-1438286
-1490057
-4584731
-4420648
-5317161
-1055760
-6856026
-2246063
-7680483
-3749056
-3704839
-7851639
626659
-1200965
-3369608
653838
-3909221
-4366604
-4022096
-490407
-2335003
4796293
-1712780
-3264804
-8183884
3870988
-6161183
12543
-1642361
-1442543
-5706201
2228785
1178897
-4095204
-397814
-874506
-7915031
-1790998
-4643009
-2837224
-6287891
-3874150
-2842165
-1701844
-10623054
-7203352
-3722750
446941
-466047
-1352147
-2038424
-414566
-319985
-6968018
-5067734
-958822
-388827
-4877737
-2868229
1364727
-9580998
-3850040
-213580
-7675628
-2023581
-153026
-6982380
1800949
1480045
-399718
-1953189
-5423086
600413
-1162385
-2108108
-3103330
1614241
-141843
-4356361
922667
137441
-7450799
4611604
-3272863
-4440231
660200
244084
-6093624
-1734610
-1102419
352312
399017
-327466
-2234919
420322
-7034563
1422946
-1412114
-2864177
-2578537
231546
-1822111
-2900985
-789427
-1593977
-1387493
-9662516
-4156558
-670074
-7650076
-7197629
270433
5265659
-4902068
-4161407
-2328710
-1399992
-7494672
-1746140
-75541
-6508086
-1649096
-158546
337011
-851466
-2393771
-8393132
-1860160
-2810430
-437974
-1193269
-831862
-574592
-1199010
-3257734
489733
-1320553
-2592077
1272220
-179066
-619936
-3081424
-2373636
-648029
-3994415
-8388694
-9698453
-1503291
-1674591
-1352164
3943572
-1613704
-3933590
936722
-6959279
-2929314
-6296624
-1186310
-2021245
1676369
-3279622
-597262
1826395
1353175
-976255
-6933738
-4349214
-143213
-7308017
-6664152
-8750639
-422225
-2591812
-3436879
-2468125
904147
-1947545
-6700626
-9497778
-1721309
540351
-479165
-1308121
-7561552
-2335872
254367
-872101
4718194
-4101123
-8126271
-3995358
-1678466
-4393110
-1901212
1495236
-855984
-865026
-1961537
1175547
-816212
-8689189
-10450313
-980311
-606845
-19597
-4040478
4146976
383336
-1119497
-1834881
-6207803
-643508
1219737
-2409023
826100
78868
-1197843
1589104
-3275706
-2278655
-5189913
-2414490
1023
-7744164
-7777404
-5748406
687009
-2981119
-7473429
-6204196
1025161
-6981355
-4196328
4583321
874378
3491072
1768186
-12297397
280655
-5228788
459810
-2119027
-906906
-8728136
-1442173
-4153687
339444
-775246
-2646675
4401835
-734877
-3959430
-2508740
-1260395
-6073965
-3692776
-1268689
-1729700
488154
-2523823
-464445
-6237076
-2252111
-1483924
769612
-2008623
-7807333
-6438701
-1019135
-4304721
-2974366
-8748512
1102318
-3544120
1389607
2018092
-3268296
-3967432
-1584337
3622
128548
-385914
-4157390
-2166179
-2411346
2968737
1527452
628130
-3506927
-1962749
5133486
-1191347
-3511803
784322
-3578162
-4513278
3590220
967649
-3437397
-444431
-1440713
165546
-10937674
-1817770
-4647640
-8182761
-738640
-8292298
-342822
-5111152
-2534450
1414367
-11511177
-8137232
-3511511
583157
-1695372
966879
450301
413932
-2485664
-2080675
-4976029
-5879355
-219205
-4304607
276989
2496939
-1517693
-1072786
-1106816
-3586641
-1916919
-2565161
-851341
1308387
-7451759
-10126903
-7203432
-444308
-4041195
1531763
-7731348
-2904825
266303
3200454
-5952336
-1532848
4803718
4142389
-799984
-6364458
-2427777
-6514150
-2616008
-703157
-6018228
-2348549
-1288312
-719157
1017604
-1685510
-2772208
-898717
-2168331
-2202868
-2132067
-5015109
-2671170
-3585359
-215993
-9041058
-1446251
-1998759
-4273056
-2502637
-5477857
4889703
1990319
-3474020
-4511997
-1185224
-2479948
-381898
-5899092
4451595
-1526733
1689823
-2993941
-1117934
-3428616
-8023426
-3803209
-5280339
701317
1747978
-1526560
1045734
-6256315
1043275
-4233156
1279306
-2222156
-7041638
-333676
-1295095
-1206615
-1406028
-2178606
738055
-7830773
728893
2943644
-3831510
2132755
-7173345
-2594659
799800
1603909
4776719
-9553738
-1495952
-6547703
1137146
3812543
-215514
211860
-2112910
-3054141
-4382502
-6081473
-4644603
-8931384
116099
-8864261
-3783406
694852
-93249
4283071
-1257324
-6061205
3085939
695896
-5146003
-1997547
-4660178
-4395387
-2519670
-2027159
-2956186
-7701721
-949796
-8685127
1228926
-3667910
-5144872
1975763
-6749569
-5520034
1977147
-7844346
-4365498
2447529
2221606
-1600066
-4068734
-7410349
-6168172
2471865
-7703035
64379
-9095717
-5004466
1625206
-1903249
-652068
-1968234
2717092
-8900651
178595
-4736538
2896660
-2482059
-2162266
1139350
-2241921
-3661369
-3644240
-4150261
497480
-8142003
-8052537
-599430
619126
-5106016
-491272
-4691778
-1296122
3678743
204886
-3538267
-707206
-3685865
-1208224
-208052
-8531932
-3812402
-1280898
2111400
-1150298
-2252141
-4424316
1931450
-869425
-5383219
-2992950
-733513
-4583370
1692904
2252449
-4448623
-7625220
-2726077
571913
-7258
2517028
-1746929
-2356087
926138
-1804887
-4205881
2175148
3926012
-8527891
-741779
-1154666
-2318391
-8189635
-3002897
-5946830
3328750
356747
-1639554
1829478
-6424771
-147837
255491
-1200080
-3769349
-1015955
-6488140
-2478416
-4841579
-1269484
-1825831
-2179552
-6535770
-5581803
-2475852
-1914258
-3049150
-9607687
-2983121
-570568
52231
-5220216
27366
-2490567
2026287
-68242
-709497
-13721
-2798757
-538768
2196016
-1915164
-4575608
-6090521
-2179971
-2462175
4713691
-59599
-2133459
-4954131
-1482305
-2738433
72753
-921457
-8892646
2577683
-5075102
2108105
-1782906
728889
-8317188
1605248
5610273
425966
-4380324
-7253494
-3750731
-1160548
-766440
-1184061
3504354
-375728
788593
-4417850
-5093222
-8012782
2675587
1605059
-6178234
-1091996
-5193523
-979341
-9233443
-4149615
-8704883
-1554370
-2912360
5144332
2129061
2669316
-3725222
-3966356
1343601
2654321
-6137768
-57725
1622097
-3946286
1225367
2646258
-5077098
-4028731
1831498
-10690656
-5685534
-2617894
-2496534
-2050990
2929534
-1198833
-2521595
-9127049
660335
2068541
511880
2478937
-557948
874893
-1358531
-970232
-202779
-879076
-10797834
-2744633
-2531132
-8190656
-3219188
-5335684
1097753
945969
-1448298
-1493886
-1607599
1535581
408404
-8877745
-6388499
4090348
666361
-878384
-5104512
964578
392082
-2074573
-2406130
719520
-6952709
2257804
91086
-838302
-3664392
3430620
-2429783
-6218646
-1162437
-2290475
-1242175
-7526447
-9326148
1256110
-7012681
-6768949
-639181
4000443
-456666
-3093635
-5203402
-3069179
-6903283
-879322
-3299755
-530681
2319135
-4984846
-2801790
-11820571
-1803195
1258584
4766984
-3150849
-4259879
-2778720
-30671
-581307
3595021
280903
1794311
-4811050
1589178
-3498589
-2497768
122740
-10326819
-601596
-1502042
-348490
-808878
3062316
-1938902
-3757209
741005
-841927
-2744279
-3802973
2915692
-6719759
-5356676
-1014045
-3906477
1179414
860428
-2805554
-6426420
2502591
462973
4942509
-2560861
-5984737
-996072
-1848053
476942
659042
-5554973
-1106509
-3899432
411357
1591267
-1547664
-1434274
-2842556
-4822054
3236137
2079678
-1275721
-2058759
-262049
-1333980
-3483619
-2038580
-4327632
-4339256
3208076
291206
-2289138
-176069
-7351964
-1033884
-3482957
-4270042
-8128970
-4221352
11137
-334219
-6915275
124905
-2894044
-2056341
1125226
1235524
-1052446
-2507434
-5761791
-4063789
4463044
-1822053
-1343505
-4136443
-2755889
-4068006
2730569
665555
-91328
-619534
-433598
-885383
-4857681
-6884101
3258084
231485
735765
1028579
-10639499
-2304475
-6385966
-4390935
2371219
-2673817
-2201574
1620201
-1656603
2474924
-8520838
-8484247
-3739200
-2703849
782897
-7075057
-5065054
-4129441
-1394783
-2273822
949337
-363546
-1258212
2647457
-468119
748779
605169
-4115054
-512043
-2338348
-7023855
-741613
-2580949
-3852691
-5805417
-1364784
33052
-6509693
-3311049
-7841172
-1042820
-2474375
-9513344
519774
-1671655
513294
1613696
-2945879
-101421
-7400158
-3679634
2508244
1370383
-7997269
-3756765
130000
-2043629
-5355467
-4045382
-3301678
-258122
137561
2098422
-653470
-4405960
-7941981
423859
3684291
-7843886
-2872674
888499
-1280723
-7801750
331534
2287586
-1252038
-3730695
-4252851
-772265
1569294
-3888555
-1084129
-4265293
-805615
494086
1070490
-2620050
-8516982
-10934
-2071997
-5234516
-2753772
-6721220
626857
-2832097
-9639966
-3860690
-3909474
-3143773
-1765845
-8315083
2253993
-10985113
2528884
-3083050
-1530488
934117
-42692
-3969323
-961085
-3147231
-720407
-3666221
93720
-1217854
-5769400
1059844
1889595
-1573275
-5153644
-9563556
-2332136
555867
-1013837
-312111
449427
-9898245
-3139314
-5400389
-7281261
20304
-4094488
1036024
-1582261
-6951119
-4307433
-1087941
402399
-5717928
-780034
591099
-5625346
2211803
704756
-9934610
-658375
-8237073
-7749418
-1718947
-194700
2149577
1601568
-2721836
-3706179
-4096453
-2839754
-7402049
-2708203
-8432384
-4600085
-7724244
286215
-8768576
2401408
452918
-3794553
-7982475
-1469010
-5667957
-1775293
-3680188
-2483749
2190788
-1606924
-935197
-4031164
1629465
-3317511
2190420
-5328937
2257147
-2588026
-413963
-243235
2036316
-8635326
-2574847
-202209
-4786086
-8789356
-9831434
-4550367
-5874821
-5317588
-5961713
-5189410
2101674
3232843
-1544577
-2272692
-730496
-8169287
-4919521
5137403
1348583
-3694213
-7129913
1112932
-8547013
-177278
-5420713
454832
-3141395
-5575996
-6640857
-3421851
-4500391
-941733
537733
-4981146
-2817994
-8202668
-1927042
-8949078
-3137336
-1617251
-8641735
-7815920
-1925446
754487
-5359781
-3165071
-3817801
1025863
-4090925
-5497819
-3260234
-10324968
-2634131
-1952966
1836415
-4136152
-1576444
-425150
-198861
2387748
701698
-414278
-1621451
848262
-7669716
-8981182
-2793018
-6454564
-585236
707127
-1260654
-4942368
1569707
-4174050
-3096659
-3182046
-3265360
123071
-663827
-793698
259551
-4984188
-3037150
3009790
-1923329
-2703130
-8684416
-2377707
3576184
-9182853
677910
2085306
1093232
901455
-2880633
-7527491
-4909729
-2822961
-1288098
3146945
-2726542
107356
-2687688
196371
-6981112
1437653
-4759126
-286120
4342425
32174
-8591583
-2858518
2401602
-6280012
1138211
986759
1420657
-1406303
-7144301
21866
-1007832
-698268
-6294889
-3155405
-245835
-9299115
-3108242
-4946661
-8099042
1077701
1303578
3485872
-2690414
169208
-1390823
-1684271
-3811402
-949185
-1552089
-340816
-1674114
681997
423858
-4647812
-3565826
-956800
-5021594
-3463248
-4667720
819451
-731437
-1596226
-316986
-10033373
-1286728
-545692
-3707394
-8087592
179070
-4099119
-6142480
2796009
-1096935
-3377339
-1245715
2342715
-6150684
-5240059
-1744995
3699260
-8851842
-7728382
-8205934
2367668
-592864
-7876575
-7117239
789669
-2499827
990841
-2440974
-48793
1343392
-2637393
-3350422
-623763
2109685
310533
-4216136
2241693
-2398190
-2736711
-2943823
396458
-1036642
-2778011
-7533042
335200
-406185
-7070659
308122
-8847996
-3042637
-6136545
-7048830
-1999110
-1405870
-3298432
-10867410
-1417462
-9393343
-3467389
-2473633
-3704988
-7932758
310275
161962
341187
-7704302
-3580135
-2797222
-875330
-2283310
-5119423
-7826936
-3716060
-2394976
-2608700
-8366350
-11849
854232
-7024807
-3312640
660894
-5307510
-1759927
-5018475
-2907924
3146276
-2018223
-8077143
2614477
-4168551
-5921718
2886423
-1006219
-3024146
-1886427
-1175855
-1582361
-3182246
-3949655
-214322
-3947260
-96080
-3341088
-4964208
-8231326
-1614907
533219
-9459813
-1328449
24293
-2049125
-2298131
-7822786
1826773
461578
-3752979
3601446
-613205
360735
387788
-150753
-1742747
928950
-2226318
-2197529
-1119499
-1710371
-5104302
-5513774
-6232605
566895
-942906
2491242
3656335
197471
-1922716
-529388
-1858288
-2821359
154974
-3462930
-3476070
-2017720
-1506256
904972
-112200
4346066
-1929810
395535
-5068428
-4374143
-1677955
-822745
689604
-2487449
-2270170
-1741368
-10143285
-1460558
-4558326
-9293710
1530620
-1214949
497241
-4319200
-8931775
-2402835
-1694711
-2982921
-7911651
-4843490
4380856
-1485016
-2517694
1587748
-1771149
752937
294280
4569023
991295
-5543793
-812073
-359428
14151
-8444949
-10133854
-8376566
1529893
5224559
1783234
-6197544
-2876517
-4031542
1482365
-6928001
312507
-398036
4393193
2377140
-6117454
-2733408
-4038985
-6975563
-9290167
-7753850
-862258
612867
-1469526
-7852401
-7688612
-2252608
-9651663
-10347295
-1012986
-1551094
-2128171
-2155512
-9111795
-11299306
1378521
668526
-3057100
-2127260
-1658272
-7954732
3788768
-5275522
-1070189
-6194200
3284727
-579947
-2887624
-1064574
-2836362
-9831678
171708
-5550689
-85845
-5020498
920837
2980
421470
-397488
643498
-3287954
-4055144
-5081869
-3677120
-8690242
-7169022
-7755352
1823256
1879656
-1246532
-8387185
-5608433
-1274879
1284820
-3119322
-9186258
-5413441
-1448667
423359
-4900999
-6569955
-6340070
3422082
-216460
1123876
-637217
-4093005
-700793
-7634828
-1204418
-334628
-614474
3999029
-6660812
2005398
-2104402
-7554405
492758
1571438
-2165569
3650899
-2961501
554880
-8040971
-2874375
-3136530
-2569103
-5789830
-5529083
-7209539
-3167354
-1412389
-5942317
-31123
1269002
949810
-7450951
-43337
-4390494
-9850159
1208451
-1144953
615693
-9321807
-6363511
-2051643
-6791998
-4853133
-3691850
171812
573700
-2996356
-3653276
-2937685
-450095
181942
215697
1833266
-1357497
-4592199
1121183
-9384417
-9127180
-4843321
-5232143
-5070649
-9231074
-5184741
-2279268
-1353983
-4780394
15105
951751
-624153
274442
-4324862
-662953
369219
-8095219
4498674
-4547846
-3891409
-1242563
-6483848
-1465529
-463891
192533
3330754
68466
-2350073
1081786
-6914244
849030
-1209992
46791
-7709062
451359
-1940274
-2762581
3043690
-5020723
-3693359
390187
-1297232
-9168
-2561365
-8471536
2450439
-2469345
-3991185
-247506
2589895
1356885
-3388067
-787021
-5361744
652991
474270
-479268
-596192
2289996
-5926639
3320467
-887458
-4646283
-96085
-283876
-4808749
-3628665
1253740
-5352042
-590171
-2334196
-2620286
-8869877
-1799150
-1887887
3522653
-2664305
-4773448
-4488473
-207089
-3472433
-2870242
-4278178
-8865244
-7111991
-2802540
-2677257
-2497754
124095
-372643
295752
-652629
-6870537
395836
-8283048
-994413
-7776895
-150170
-5769121
-5361234
-2751647
90789
-2852622
-5506790
-798280
1303223
-2185077
-1857441
-1508478
-8377567
501778
-6794263
-1012799
-4419212
-9490038
1334147
668693
802541
-297525
-5072739
-5296912
-1995185
-7662189
2429329
-715417
-6633833
-16024
-4178928
1906538
946017
-7777425
-5928695
996185
867998
-2548276
-3413618
-3028926
1242487
-5466732
-334504
1330167
-7856311
-4674059
-746052
-5017670
-3185442
-6685702
-3193027
-4194979
-1465946
-9359456
-5544389
2737575
-1546673
-4868286
-5739082
-1258599
-2538586
-3431371
-216029
859036
655656
-7334216
-3739072
392432
-418250
-1019176
-2256349
-9538064
907765
1073657
-2852213
-1458192
-10329785
-2529032
-3237565
-2279756
1855772
-2872956
-789606
-430929
-3795059
-3290129
871425
-903545
-1501609
-2059656
-3437551
-3432824
582907
-10818679
-8030392
-7016602
-1239598
-1761117
-1542194
11595
-5763593
353335
-204185
-3516207
-3051361
-3013544
-8267131
-1496895
-7151634
-2655618
-4470636
-2823101
-540589
-3137648
-3773731
2466007
-1824279
-6358024
-1143396
-2003520
-1705818
-3940522
177802
-3526642
175949
-66224
1861116
-3426598
-8281385
-2857975
-2738342
-1315242
-6934970
-5202370
-4907149
-2910274
-2665504
-6575885
-1455148
-4386358
-822796
-9249298
3748775
-5357943
-3062172
-1992688
-7512853
116376
-3060399
-1565063
1789907
-1875350
327624
-5035622
-2350964
-7202001
1444327
2180192
-2543684
-888631
978366
-1381815
-1360680
-4176195
-10669692
353964
-383911
4254242
-3968333
2196739
-576738
-5583801
-5517233
-2955336
544661
-348811
-8198986
-1233868
744498
-2426374
-3872285
4640128
-2238338
-3147802
-2937810
-3476027
-3838601
-2483751
1588334
265837
1649866
-763899
-1292520
-6280310
1536569
-7170956
-7813937
1312109
-2663070
-2657694
-4665037
-2547157
-432955
-1989767
-6994470
656788
-1765411
-1084002
-9847870
-5375714
5754821
1245046
-3780179
-541938
743195
-1294023
-9585677
1045918
3557014
-941159
-3064118
177772
-8419166
-6868342
-8363044
2844186
6778
-1206192
-3778714
472991
-4720710
-10333122
-3169716
-1979333
-1692072
-2106097
28340
-2678983
-941713
-1736250
1028529
-2088195
-1283447
-2588061
2815996
1004033
-1519370
-11015886
-5240010
-1126555
-3864225
-604083
2236463
142968
-5485959
-6840023
-1469410
-4101012
519180
1393455
-1368759
-3496427
-1748741
-8056341
-267300
172067
-3451480
-1723080
-3254456
811451
-3883203
-7254542
-7922385
-9996501
2945736
-4640244
-100971
-4602275
-3200472
-203331
-2427137
-1603737
-1032193
-6798636
-2177069
-7341455
2019411
-6744223
-2476507
-4972643
-2807473
-8514791
-3210469
529859
-312609
-4190523
-3214536
3610202
2901245
-2528657
712741
-4012506
-1665516
-4025578
-245304
-1968495
-4061654
-1172000
-1290267
-9342515
1008444
-1277084
-1458203
-2731222
-1381476
-911659
2001919
-2397324
-3017344
-7512978
-7561696
-3959374
-105516
-2100535
-4466570
-1239788
-7944918
-1679375
-1083530
596156
-1839945
-6832570
-1193408
-140467
-1369052
1299586
-3480478
3267527
-6029293
-1908518
-7559457
2600671
12864
-1629773
-141986
1268930
-6977504
-7098255
-2711350
-2685957
-406901
1301722
4489589
-2080892
-659539
-6302341
-574063
1995601
1870065
-8711143
-2072500
-9772441
-6574463
-1362084
-6271
172083
2084166
-3471453
197309
-2113131
-5965612
699791
-2715019
-3602
-2371615
-10657421
-955381
-568063
-1180859
-2388165
3798208
-424067
-9311887
490803
-268349
-8636858
-151122
-8985467
-353379
-7089885
161422
230225
124297
-3606081
-1913535
880863
2001183
-7539477
-2412821
-6663701
-7738813
-6758989
-7431725
940700
-3165387
-215028
-7937429
-10205502
-5231707
-1339446
-286811
-8787840
-8138582
-729079
-4145023
3624606
-4376306
-3864478
295019
-1343685
3380166
-3773970
-735859
-371126
-2496362
-4763802
-465031
-4032369
-1075973
-9102020
760633
-3131552
-2332374
-2200697
-10505471
-4262714
-10677975
-4684305
-675669
4806960
-788377
514512
-1202416
428420
-3105588
-311470
-2687971
2261770
-2211400
3776190
-1237026
3343463
-3529834
-163327
-8555306
1251138
-8360677
-1077514
405112
-1247410
-1529437
-2794675
3310494
2558550
-8116266
-10209033
-3360365
-10462829
-9269067
-221206
-4636693
-4297045
-1103553
-4726725
-8474171
-259308
-3647709
-2525803
-5723343
2841502
-1147142
-1255780
523168
-4071426
-3447731
-3916491
1441607
-2489802
-2914728
-2636370
-2312026
-3521995
272381
2267058
-2696977
-8115083
-7009661
-7442732
-905610
194608
-825281
-860028
-9525060
-4855355
-2352735
-507403
-5027502
1624528
-2563552
-2111056
-7151214
-7642746
-5787814
-1112252
3163342
-748606
-689629
-3469402
2877286
-7487076
-5416637
438662
-1089687
-8377888
-1611340
-3631987
-1133722
-2328344
-209288
754889
-4560707
-8062665
-844244
-461527
-6332771
918741
-2221995
-2710058
3761482
-4132379
959595
-5762561
-8550439
-211859
-9765284
-9792300
-4080904
-1347870
-730813
-2093079
281550
-1978859
-3465051
-3032915
-5251250
-3252036
-3767692
-3707896
-3088091
-3157997
997997
252983
-347385
-1233815
-913900
-5766575
1806207
-42466
-5077220
-1885316
-11380252
-1665000
1642549
-8732697
-3351954
2793395
-1514585
1888822
-848026
-2574819
-1308748
-3020072
840488
1853181
-7452346
-2793271
-6661247
3728082
1339307
-1389939
-86281
-750888
-8246831
503340
-7107491
1253223
-850318
-271657
-4571687
-269443
-686550
-965224
-2569315
1462917
-5271703
562018
-7967682
1425477
72532
-885493
-1791666
123577
3285048
-1849178
-7086303
-7526745
-1503997
-737431
1686684
-2224511
-1575443
-1686736
-4254624
-1384980
-2397667
141807
2695685
202843
-3229330
-1668762
-3619829
-6491146
-425653
398071
821650
-6593375
-6147985
938095
-3159946
-8664112
-1321221
-1240957
275464
-7323899
-158329
-5777789
3329506
-4915021
-2791490
-3260241
-541524
-2029308
1761086
-3649632
-1635876
-8205722
-11380715
-403506
-4584389
-2836565
2861816
-8223752
-404276
-5289833
278534
-3452110
-8233193
-9415375
-109162
-1647283
-8045733
-1901990
-7294133
-3369844
-106314
-2744530
-1759018
-2159451
-4466540
439956
-3579270
-7582586
-5916752
-4308786
-3962276
765793
-2229152
-4255217
-2278313
1408573
-2612290
-4219851
-460346
-1436880
-2555483
1578610
-8117339
-9841457
-1916643
-230301
-1104544
-6933296
-1736377
-1420563
2010011
-152576
-3284210
-8074764
-4596953
-4862614
606082
-9232992
-2701317
621551
1213029
-2501471
-1539573
-4352632
-10877683
2456416
-5875386
-2070934
-2272920
-5747046
-3923280
-401226
-1451704
208374
-4967849
760623
1467992
-5791339
-1176572
2642771
-4857087
-6204701
-1363416
-2275303
-2158448
-4378662
-2497914
-2915935
566771
-2446372
-1834428
-2333803
1475879
3148877
-1532830
-6960027
-1148385
-808969
-1222318
1025292
307497
1379455
-5521923
-6754261
3132691
477509
5074540
1391705
1770868
211572
-4700507
1652988
-2171332
515470
-1081015
-1560817
1606431
-4048040
5180507
2789207
5324292
-9100539
-3956936
-437261
-3246155
-4518498
317201
1200008
-6995967
2285024
-4420993
-10216337
-5340027
-8734563
-5646852
-3444928
-620981
-5106613
-3430912
-3514735
-222714
-5673111
3550108
-10197242
-8387060
-1845959
882724
-259472
1620657
-3612678
-2782592
-1689023
-8354022
-238500
804397
239764
-7007054
-336020
1942245
-2724146
3445896
-193395
394171
-689410
-35635
-4916201
-1353217
45357
1189311
-3074234
-7244072
2251490
-1398738
-4015619
527147
-4898336
-4369945
2793696
-207510
-7384200
683867
2188806
509837
4204577
-114700
3917178
-2396905
998375
-3195308
-696308
-4850567
4898195
3647724
-2833055
-2137132
-1511176
-3946095
-4408023
-2918706
-1817660
1657223
-3934692
270191
-4523331
256658
-926796
-4316553
-2062298
-4831682
-3665858
1685898
-3443141
2252166
-4700439
-3187047
2484719
-4257452
-1597231
-87204
999030
-2069887
2177647
-6757597
1069515
111091
-2917061
-3420459
1312214
-579399
-8705155
-6266206
3409334
-2490637
-7515340
-2711175
-6119211
-1779870
-1227869
-4438012
1335122
-446281
734197
-5574179
-8406841
-4698083
-1759444
-3774104
-2351536
2365516
-3135040
-3812174
1524078
-1972357
-5470782
-938729
-917090
-5564759
-8920252
-6576524
-2993083
-3230025
-1439192
220135
-792878
-2445336
1859486
1647836
-2324419
-4039525
1547373
2139649
-11621196
-1305104
-3513181
1513327
3776190
4288151
-6431442
234753
-5654348
-7992695
-2209705
-9146783
-6944010
-36399
344848
476048
-1112218
-4029514
-3666133
-488334
-1538969
-2209843
-7738756
1194574
1378943
-1677030
-4520006
-2657010
-1548039
-3851469
-1291060
-8430775
-9547384
-567823
-176232
-6288588
1124932
-10302257
-1200575
115276
1001252
-7156864
-2783192
-5569854
-7184385
-1352109
760475
836184
-7473016
-7660119
-246336
-4278694
-5050004
-1213407
-176497
1417810
-2651932
1788509
-2600533
-7814634
-1068060
-374297
-9502667
-3404590
1078049
-3088142
-304900
-9268116
-507946
-4123304
-8811314
-3613511
-675358
-6622569
-1053262
-8067136
-91975
-2658605
-3272498
-4902100
-1221420
-3591110
-4156771
-7442449
-8866793
-1915493
-18387
-4580290
-11339444
-726878
1141614
-1560227
-9506577
5542806
-4868004
-4834956
-473009
940159
-10163049
-8214176
1193346
-3423616
-6476941
248004
-8950130
-6086242
-5073301
-168169
-6482027
442418
-1634951
1358362
-356563
-1313375
-8046445
445255
-2769966
-3431894
-4642950
-8614133
-8407026
-3156458
-6626437
437577
-3390330
-6942744
1865790
-9280908
1348292
-7456885
-5716058
-1373333
2854180
-1519616
594653
-8150360
-4843941
-7640660
-3240502
-8897383
1444056
-5256380
-1305726
184566
-2278463
-2808245
609726
-2146617
1688616
5312377
501397
4688074
-2099565
1957098
-3019222
2073838
-4777148
-11345630
-3048857
3646050
516332
-6251624
4975840
186943
-1717928
-2179609
1111672
-767380
1033310
-4026439
-2696737
-3522802
1786546
-1082430
-4213913
-1958762
-4093397
-1807782
2396553
-8873147
-152377
1763778
3439489
2889400
-4005155
3935053
-7079864
-6144842
-2054391
-10307508
-9711679
-218720
3044289
2117846
-871958
-1396127
-529397
-7351144
3441825
3090413
-4311530
-3162691
2424996
-3852980
-3919432
-741253
-6656654
721135
-1107793
-10264610
-1302836
-158317
-511171
-3322949
-899833
-3614967
-5574844
1006438
-2535023
-8503980
-3372095
-4469727
1801717
71195
4886956
-6264374
-6439394
41038
-5186433
-5665469
1789599
3402775
-4031746
-2727072
687697
-367189
1035505
-1680930
-4020712
-1429664
-2198524
-4191903
782581
-8609754
4214485
-4062235
-3138719
-4970184
150844
-358063
-2123617
-7342807
-2069149
-2715487
-8578937
1963606
-6101614
-1317698
-3014907
-980984
-2605239
2495410
-898560
1081975
-3766736
-1112452
-2098921
651970
-5746920
-2051334
3070398
-2268464
2585465
-412241
-4159812
-2187968
-8192911
265359
-492779
-8387269
-703695
-1290326
564715
-7013102
-2962621
-5568490
-7980730
1103682
-1030099
347543
3038618
-3975025
3111856
-7684403
-1356983
-1451011
1279570
-2481794
-2651585
-935969
-3999483
-1285475
-1061082
-3557087
-6748156
108014
-1665498
1595053
1042374
-9851992
-1779515
-2101628
-460961
2670956
82566
2553576
-472811
-2350435
-5377584
-1491324
-2710627
-3911971
-1690331
-4790763
-226871
-1345105
-1812341
-4476439
-2457370
-4853718
-795140
-650372
-1942220
-3336336
93939
-6055607
3415612
-3283683
-6836977
-7280511
-7545506
-928710
800111
-1210146
-10102234
-169071
-9966301
-2989881
-8575195
-4998633
-4872003
985602
-1776285
2377238
1915131
-2635993
-1435060
-2197920
-4249752
594301
-793804
-488258
-7925818
-8544261
-382028
770728
-8838517
1403084
4339104
3297949
-9113268
607058
245727
-4445166
363185
-7781545
-2092300
-7401799
-9758703
-309638
1686807
-118142
-3433474
779483
3004477
690163
950708
3991224
-1886759
-1503665
-764174
1307226
-3196246
-7624295
-7589201
-2004748
-2309152
-4247862
-6694635
-6913496
1070097
-5884525
-8849758
-477562
818536
-2736117
-7442305
1552371
-8999976
-636865
508328
60284
-747530
-7830808
-2998539
-2802862
-4383939
-1210266
702883
-2014979
81990
-4280850
2018022
-5534854
5138640
-318910
1031655
-1701266
-2162777
3499505
-2510749
2289893
-3647713
-7902694
4402003
-4846710
-5188139
-9343279
1608573
-5553438
-1004617
1464896
-538056
117026
659982
-1918109
-47830
-7350229
602827
-3512127
547688
4165012
-9173833
-4448781
-4358955
-2382203
1124510
2790978
-6337344
-6464424
-39117
1927025
-1318453
-2657071
-1573389
-3405490
-1889891
-2332424
-4947316
-5464494
-3286019
-1587830
-1201986
834889
-696010
-2156706
-2061952
-3651114
-6574715
-1404965
2095798
-4799046
-583844
-3984474
1230744
298581
3820334
-2543673
-3404712
2810518
304403
-4829248
-1387268
-453110
-660460
1409729
987359
1522732
-1501910
1820148
-5006411
-4179116
-10954458
-603825
-1731128
-226188
-4458707
-6386738
-809243
-10382628
-4327755
-4247536
-2779794
-7113676
-6231730
1710465
4290426
-3430767
1218431
1545376
-2135586
-87710
-5571582
-62086
-1167488
1199675
-1129133
-6960715
1659512
-816005
-1024426
-10116496
-1416609
-4928430
533634
4683661
-2788257
-2197022
-527062
-4571878
-2242878
-7878410
-4731408
-7005944
672792
-582661
-4538516
2410695
-5378706
-8964058
-1347635
-8669262
-7929510
-652077
-531224
-9454708
-22616
805316
-317323
-3391735
-87639
-11063661
1142423
-6043973
388746
-2754476
-5813940
-3788468
-808907
-6811251
-88445
-347290
1271771
-2456995
-7889320
-5063775
-1227117
-454100
-594226
-2196764
-6050867
-3534986
-2020834
-461294
4416602
-8073960
-3847092
-17348
-2438949
-2223576
-673565
-6435538
-2478804
824206
-7160791
-4722165
-5176814
723408
-2957232
-3783087
-5755156
-1997009
-2124901
-3793856
-3340759
-7370668
-1659503
-6306177
-44081
1395454
-5648265
-3502396
-3789531
-4944745
-8746682
-3100096
1211447
-518857
577432
-1683240
-1694318
-5220549
36035
-3892952
-670560
3883450
3617103
-2291014
116740
3318116
-4481696
-8757278
-2548536
-222174
1793713
-2961951
-8034184
-1533534
-1266908
-571044
2374439
-846078
-4645553
-7822083
-5433099
-2380264
-3816657
-3056374
-4015972
-630291
2254216
-2831506
-464795
232013
-795338
3601238
2522562
-4555548
-905488
-4412830
2752902
-8532312
1587968
-10829309
-2212443
-3863775
-4403999
1634507
-3157909
-851200
-1386593
1484041
-1091765
-2075316
259686
2502004
-1020529
-7161
-3299313
-5627286
-7477845
1131077
-2529138
-6615945
-810912
943264
-1582499
-5057377
-1104032
-2644761
-1152910
-2646530
-8377277
260485
749094
531576
-1222585
-6901523
-673124
4188260
1830859
1011436
-1678188
-3489400
-6024313
-708150
-5537894
4285553
-6280639
-106596
-10040622
-944214
832730
-3567206
1222681
-1665662
2004353
-6857375
-2608489
-6002735
-2278976
-3759321
-5042729
-4120975
-4787351
971918
-10851237
2687012
-7607488
4651159
-4037104
-3812337
-5252428
139342
-9744785
-4315379
-3794979
-7010185
2143003
-3359252
-1117882
-7112025
-3818053
395781
-3348697
-3881437
-697914
-711568
-5520688
-2064319
1141768
-5450237
-5004886
-677794
-10504615
-2764751
-2708778
-1022743
-325714
-344891
-2940100
-3187268
-1509858
-6415131
1559946
-596749
-6397511
-4829993
2528648
-1971310
-286951
-1705256
2269540
-7346372
631973
-691980
-3660198
-1000176
-3874237
-2000034
-129064
-2012280
3944279
-7915510
1603909
-990348
-4070294
-3310306
-1008179
713539
-281709
-467162
-3024010
-408071
-968569
-951512
-3213678
-4399106
-3386824
4929997
-1205357
-1330977
-2223846
-4612184
-1315863
-3670213
-2689618
-2164913
-514833
-369066
1214845
3153815
-2391872
-208513
-338097
719040
3013487
-3401870
128626
-1436129
2732777
-994751
-1046557
2695258
-1046537
-8436647
2542326
-2791877
5055325
-8488983
-5633047
197424
408179
-5862789
-3617599
379583
-4866253
4605231
-1786333
-2478290
-8384250
-3735520
400470
3124734
166341
-8681775
-1564962
-4496702
2668837
-3126980
-1245644
581134
-2598966
3003732
-8708857
-1906450
-956210
-4959417
-8453079
2278338
-8237046
-4363840
-1323332
-5475330
-2187569
276957
-8331411
-8887030
-5008173
-4371572
-3335049
-538181
-1275722
-2419146
4555777
-2081139
-2446437
-1593846
574012
-8866846
447468
-2549196
609805
74320
758643
-3579996
2050141
-8162044
-9966539
-1200890
-8724230
4413917
3011151
-4125093
555352
-1065989
341081
2671564
-3173184
-7759099
-1737582
-2895641
1914024
1829283
-2190368
-5512175
-2318459
-4999218
-2691776
120958
-4136930
-1497195
759815
-4362632
3405468
-804043
-1789522
-12097
-8024188
1956692
276371
-1373559
-4067705
-7920360
-10116475
-4381221
-31059
-6629207
-3896824
3855791
-2851781
-9019603
-3913358
-2375099
-3461335
1982813
1694463
-10599145
-8734867
-4000050
288677
-3804235
-1225842
-9083357
-3418025
-116703
802246
-3169108
-1596106
-3344183
-8365963
-3661993
-1816606
1832883
1201155
-3064547
-1405137
-4118573
-4129170
-10224807
-3764222
-4739324
-943496
-6664051
-317162
-1135848
-557935
-3256659
-1275835
2592411
1774814
73255
-5149704
-2070433
-5938423
-1882049
-271653
-3769428
2161430
-832966
-732075
-1600086
2221691
-7259799
92531
-235671
-1811065
1221558
-4379472
-8504214
-11426054
-4640812
-6207809
3840290
693438
-1609141
-6976098
1128771
-4725188
-8727089
-4980913
-3188722
-4141865
-10232880
-9983017
-1897750
2268075
-3865488
-5373397
630125
-7672447
-437957
-4130591
-1332388
-2169452
493058
-1995166
-1625649
-4368659
-2690753
947773
-7072032
1000957
-5526510
-301918
-1359497
-5134952
-2532853
-375629
-6393379
-11176093
-3895936
1235748
4617404
-627134
-3303442
-10569090
1529584
-275194
-7814886
-11789375
-1383576
-3439149
1855217
3353523
-8095477
-1740159
-4594112
40100
-2507554
-1519145
-2591421
1902326
-2211798
3689335
-1892608
-2799555
2454767
-1527080
-383809
-1404530
-27247
-9490856
-674908
613149
-4078733
-5266452
-522438
-1308270
-4979567
-3962594
-6838237
-1812641
-2342350
-2742778
-1827158
1923835
2778363
-2536305
2866908
55117
981075
-9324634
596118
-4158557
-2197126
-25888
1104967
-9635129
-2052230
768789
-1956991
-9598650
-1765628
-4402714
-2408687
-1197132
-4881973
-1602263
-3155770
-8223652
-5165841
-5084627
-386463
-1019971
1083561
4593121
-8735120
-5473755
-138060
-808038
587264
-2601340
-883254
-1387405
-3741638
-235662
-3047834
-4415403
-3098169
-1883206
-1588934
-8966175
-7725863
-8900713
-7376719
4003718
-2808639
-770106
3457140
-4404315
1163823
-2612831
-298471
4117142
1472652
-1047665
-5898045
2693666
838211
2356557
-378899
-6671721
-1437325
-3628339
1681856
-1982719
-3001856
1216213
-8010740
-6495592
-3485488
-982213
1845
658688
-2316559
-7863729
905102
76432
-252661
2255297
2216333
-4098386
-4924229
1438316
-4928240
-85679
-5892066
2062201
697475
-10773395
168071
-758701
817540
-7848936
-2456647
-6745860
1586775
1417546
-13383
-1007032
-3813224
-474295
-3297410
-4134526
-3814252
-1214475
1456197
1410431
859404
-618513
-7209827
-251941
-5261925
1554992
-4435092
-6113177
647944
-1532587
2397311
-3827336
-1924313
-2760645
911642
-476343
-7587372
1307881
-806137
-7425246
-3787819
-5739735
-2496
-9907959
-124209
-5238823
-1107539
-1617204
-2469980
-8401596
-3044787
-8201399
-836523
61578
-1714422
4229150
1632616
-3605014
75604
-4325995
-7485624
1379405
-10091502
-3590359
-362377
-1143957
-4356061
-379407
924980
-3285272
-8943897
699106
-6065098
1748024
-714648
991663
-9595818
-5249024
-1534911
965344
-3746516
-1525219
1980969
-7560132
-1569430
2493930
-1856703
-2555401
-2959778
185331
274285
227660
-736709
-1992008
-3684892
582862
2985843
-145088
564990
-1836494
-2724722
-2712648
2993966
-3296340
-5036913
-4199883
244147
-9723402
-773334
1226972
1495965
-9237600
-2199492
-809214
-9575219
-10234736
-5754828
-735953
-1066906
-9553647
-3593466
559726
-636297
-1027600
1522076
-1584269
-3904030
-12196322
200420
-1849552
833196
12272
-4945900
-4230471
-467391
3525729
-728931
102920
-302196
-853569
-49412
-2435460
-396049
1401912
-6492897
-2945907
1314130
24381
-1962696
-5672293
-1154884
856664
157529
-6126026
93519
-1546077
-444205
-2932871
-752943
-6779111
-597185
2250074
-728015
-1745701
-3528031
744095
723458
-2956555
-253557
-3420184
2385152
2228033
-2096218
-1061956
1771872
-5409395
-6633416
-2683119
-4332904
-2126418
3344310
-713583
-5148561
3096220
1356233
-5125844
-5430377
-7416229
-4451361
211500
-1291768
-1138961
-6871324
-7771776
-3157322
-1432773
-3321701
-5791566
217883
1792958
-1173738
308612
-185652
-864617
-2784644
304719
-1123086
-1530201
-8842587
-3838291
-1451327
-6828333
-3646325
-804855
-1001336
-1564732
20676
-575534
111503
1559424
-300292
-4023326
-2785707
-4960469
-2094708
-2057538
546404
-3807619
895007
2078632
-6642369
-2795388
-2968959
-3417345
-4283884
-6477070
581152
-1387270
-2787160
-7802883
-598363
-8520393
321003
-943028
131591
1063705
-7121259
2024218
527935
-566101
-4390557
-9693125
-819367
-3649947
-7554182
-5266856
-4083396
-2448932
-406151
2609591
-3560001
-7820974
2326439
-9497731
-787197
-4123881
529206
-7962951
269927
716725
3640887
-10200794
-1953018
-8515059
-2641862
-985955
2374520
-1908108
-2760253
-1791617
-6323883
-9442731
-870377
-103658
3774280
-3132755
-931946
982752
1465512
200535
-3325323
-2932581
-345340
-10053247
207773
-799863
-7070133
-18372
-2286223
-325723
-1182286
-382833
505204
-481059
5264884
-1297218
-5322517
-325177
-1379064
-425609
-3486011
1384689
402686
85061
381246
-3333950
-3643318
-7837268
3346868
-683470
-4793973
-532678
-2596999
-3807767
-3651737
5210074
-4808027
2796073
-1919914
4175470
-535297
2151961
-1198608
-7566027
324953
-1815825
-424963
969536
-6118155
746480
-9455781
-9687162
-1060938
-159476
-1959708
-656643
-2431058
-1221327
-2094471
-7562607
326396
3913602
-2636261
-2807017
2220141
-1737729
1116313
-4397582
-7175923
-9400819
-5768141
-3647875
-3943112
-3225061
-227692
-1066840
-4815701
-8662685
-1576751
-1613510
-1481705
-495365
-1563345
-2451082
2855838
-7628571
-2571712
-9019077
-3888703
-5499805
1972114
900420
-1132168
624085
-8782607
-2110242
-3383007
-586040
-4206873
-689065
-1229038
-5639257
-6572760
-8143874
-938779
-2978908
-1105055
819896
2772252
-381380
-412003
-8067211
1045212
-3958323
-9461704
3405969
898454
-461756
459342
-2817752
-390433
-541377
1432567
-3330876
-6797541
-1647278
-1076592
-999014
3657210
2734803
-983093
-6641793
-3465267
-3930665
1777734
-1041461
-700879
-4227371
-6359803
-2023858
-6352755
-960129
-10165217
-2819327
-881484
1561079
-1972478
4734646
3336093
-2122951
5600145
85076
-148645
-6436805
-3394021
-8560567
-1702152
-843115
-3997348
-1410828
-10156736
-8385592
413969
-9231281
572852
2763438
-258562
-1490981
-4079504
-3467721
-1165299
-10178913
-2979027
-3564603
-3079603
-3631766
2664294
-1772559
-6456653
-9038265
-10371970
-1875901
-926069
-6809891
-2135666
-5871545
-3922761
-3567369
-3025629
-584503
1246925
1851327
703206
-4610353
-568406
-1564160
1698791
-7474369
4393425
-347905
-477595
412361
-3601440
891228
242347
-4991742
-1559388
-5283372
1193165
947487
-3142066
-1651187
-3949640
-4058266
3615038
-8339490
-4169535
-2944821
-9289372
-3764053
680225
-589173
-1337559
1058328
-640759
-6951153
-1154510
-8491899
-9503537
1401065
-3949772
1312264
-203037
-917673
-5616925
1480109
-7562791
-2156912
-3682896
-7876590
-3246963
-2142522
132352
-2852612
2529970
219217
-8260534
574644
-9328009
-9038121
-4237458
-6857355
-616801
-1392001
869117
-6746145
-2018561
-8716904
-454723
-1327818
-120733
-1375626
-146471
-3638176
-2811737
-4767562
-1867481
3002345
-4422411
338518
-6676101
-1543035
-11057668
-791523
-3963882
-1321639
-88744
161578
-2593728
-3420058
-1976566
21081
-176901
1108840
-8411692
1045388
-532114
-1656479
-1127351
-2139799
-6116141
-3886620
-11109170
1203631
-3988232
-12154914
1060914
-2043084
781512
-1010852
-3011507
-4449588
-3484879
-4066983
-110300
-10091434
2048695
408247
2295077
-1904214
-1593199
3660035
-2034580
-7111309
-6897324
-4563173
-11198201
-8613049
-1086723
-3846216
-2088308
-4719988
919465
1291117
-8677311
731
-3276904
-5739605
-8080114
-8588210
4137893
-7482835
2539102
-508697
146886
963927
-8896620
-7606363
1880436
-150602
-4008084
-4076684
-9327546
-769617
-895273
-2603524
-5214876
1881637
-10488767
-821190
-9179688
1073442
238198
4925421
-8872867
135612
-1309096
1050114
-1654778
-1359553
-7885961
1005500
-9485617
-9607049
-6502679
-1045295
-777513
3189343
-4480684
-4961064
-4510871
-1327179
-1095755
-636974
721751
1131369
-2359881
-9684177
-67155
-2706015
3132082
-6426157
1188752
-200655
249298
59989
-1831657
2044134
-10209776
-70932
-35719
-454411
25584
2859495
-2031959
-1036783
-1647235
1507469
-871495
-1087621
1166207
-175224
1837681
-6023756
-3734126
-939248
5134779
-2546604
-3032339
-2273487
513240
-902449
-1182363
-4844030
1508019
-3799093
-2709113
405083
-1667926
-251151
-1766613
-210251
-1391317
96601
165136
2095782
2460988
-4857132
-5214737
285025
-3197878
-932515
-2710560
-3426196
-3437471
-2105322
-1609224
1711022
-5854742
-510157
-9709569
4269648
-189108
-4536919
-8985806
3833599
-10742790
-10773074
-5326100
166122
-9354231
3348092
3957990
-5087519
-1497766
-852865
-562479
-5182263
-3097840
-4629629
643062
-3369141
4806611
-1254909
-11306867
-8243062
-2157657
3697509
2087024
5309553
-7235115
-3303442
-5222282
-1956776
-1077589
162696
-1793447
88611
15798
306467
-10484705
-4544804
-3055090
959950
2098657
-949474
-4416645
-5087418
1615058
2760072
-2039937
-8874070
-3631040
-986052
-940473
-3752432
-2762312
-1464393
-7703201
-5027312
-268986
-1958495
-93954
-8514037
-5983227
-3355373
3311886
2782466
-7966495
-7688415
-1614771
3187170
-3707077
-6654899
-3012094
3517884
-6391185
-5785343
-9286938
598169
-1701525
-10191304
-4659233
-4351818
-4521049
-4057628
-197855
-885238
199729
-786523
-8245662
-7783055
-5507206
3005020
-4989376
1898981
-6792867
-5165795
-6543536
-8280916
-567449
-9742973
-384364
-7480766
-6564594
2598084
-2009146
-1191498
-6945114
-280677
2671775
-6167379
-4493360
-4873854
79002
-3580318
-1311922
-1121478
1884177
-1875527
798076
1465803
-5644160
2051626
-6291017
-433779
-6665746
-2709782
-5194977
-6633799
-1294651
-1882390
983305
