591199
7047721
8095018
7194152
7309212
1024820
601090
8061135
6487760
7975101
-1290910
6561178
3321735
-1690954
651500
7199968
-418621
12125910
-1436445
7204985
10244555
3223048
-284482
3719068
727718
8726256
-490909
4874566
1472924
10835113
2875942
-126777
6560623
3890188
2610337
3729549
7828810
5966459
-291915
11649675
1654017
-118600
8048514
250055
708227
3654169
3946252
-2434819
133743
1479097
-1125562
3580666
3999622
7244428
7395309
-2424906
553451
5663279
-3258045
5942822
5254852
2343148
4387892
5256922
-85393
9658253
6558070
7673414
6934256
10989651
1982465
3252245
-41292
851119
3365003
2123054
110250
1699789
6450572
6188755
-1405169
-1057915
4069691
-3064434
1702962
597408
2337246
3384755
8372319
4163099
4368102
5181397
-5792
-2951933
876518
6004232
-221482
9937046
135763
8830042
-1355903
1763969
918390
10403384
3646580
443315
4527239
15461110
5375552
521822
718372
8079789
7892120
4629064
6646584
11452192
2628912
2047038
-250321
3040117
3168490
10881621
7431642
708881
7848935
5385459
2024736
893785
9142959
125754
9231442
2454936
6954888
117347
1577759
7229973
10686783
7216546
4345519
7208948
2627753
9718698
-2880290
4830120
8338378
6641225
-1099090
-490570
-423895
9659662
5999892
7377213
1946472
-923585
1753270
9871570
706077
6987318
13119130
-789765
368924
2376991
-3235767
-964166
1270289
6926248
10212513
11072597
3747375
-870497
-4265159
3623877
917776
5047887
707167
10570219
4893639
5005630
-210738
7513792
10039949
9995389
1934680
3180389
3465703
7635326
-1474397
6514304
4947620
1572418
1293476
8345789
1845844
5282172
2663653
5611933
-1187174
-324087
3405514
5977757
9485352
8814948
-947441
798016
2015447
9130107
-194747
9107792
4541577
4012132
2804202
8607170
2572492
-181153
925505
5778963
6115810
2797811
-229952
505683
7237102
4319153
6817521
4825831
8005831
-978038
5301726
169204
8308879
849417
350678
3262583
1874972
6209060
8664868
4206081
4457732
1055682
6501464
2508069
5242165
2252254
4281178
1341313
4010582
-1120981
441208
2905969
1124589
-284952
-1097450
8148732
3754121
6934376
182238
-7987
8482990
1427925
3903455
-1976746
-1263622
3260910
7817151
64473
-929292
8085679
2788562
144531
2346239
2105870
514483
99693
102874
1075015
10585891
8716359
-572340
2628093
5003379
1647038
-663450
-332068
11750832
-567974
7755169
1330245
2203693
7715803
8132211
13211318
11186955
650920
6979830
1416
5070688
11487449
7668879
941842
6195887
8057572
7717668
4940987
3330118
87519
-1578289
8597201
3544872
5861745
2563055
312760
5753418
2879869
3636572
6236201
4418693
2412701
5184383
4377479
8632960
941
9331117
3964955
-525867
7820920
1371193
6190263
6420339
2165136
-260429
7997690
8929010
7500832
1676402
2342796
9669066
10355080
324218
9043700
5385882
5542729
11969094
-759179
-907583
-3870950
1739951
15048837
283347
13002669
1484916
228251
-1494977
6467539
6431487
-94318
5351012
6508192
-730094
10318386
-602014
57404
3062709
11281983
7828963
-1870020
-1381709
2232959
1493778
7800529
8058789
-1315276
3049575
6668776
259369
-451310
7245168
6428575
-48475
339800
6945624
4741866
1690445
-1296712
-204447
3861113
326483
-1121755
9805465
7219723
10216744
396241
-133944
4732572
-842695
7079943
2231122
8195447
9059581
2211273
2679183
8068277
4116286
6861607
2349153
15432757
2636319
-2700473
3947868
7700656
924615
1738361
7192841
1726104
10423431
11315103
-1227318
-438605
629972
7408349
3906350
-46276
7882631
3137076
3444362
-993256
7401979
6122965
7195541
3353199
7990760
461716
-138089
-154231
2302273
2391157
7118622
1944441
7525968
10270991
-129365
4314813
2001712
10051024
12275573
6614791
203602
1733000
5833661
10557421
3111570
1625637
6509192
992281
3664838
2067443
5293331
465362
318832
869066
1851117
-1169410
7172341
2286489
6737965
1502255
1216872
6022330
2007674
8870080
3746734
1440666
8510527
4719172
-1385645
2838352
9610987
6417056
-2616967
11682826
-1200650
2966503
6872304
3012248
10186140
-235668
8301536
5082104
991028
-618705
6037532
5881063
4087131
2629577
3114838
5963660
3088223
-867273
6247311
7490253
-1441
139426
1476160
-211111
-1048053
2798546
1555128
216889
7945192
32258
2185472
1029447
-271625
2450083
3139293
4146750
112910
9552359
8536192
-2403206
4307108
8176170
11065442
1473242
9194883
729024
1079386
-1710469
705130
9056696
7579
1709771
919263
5904042
3416753
9592444
3422292
2822454
437930
194709
692576
4437660
-2287699
2484123
-1021821
2473594
5788808
155520
1192226
6583567
7263400
6511655
1118036
2439710
8972467
-745850
6948931
4881023
-525598
5538229
-1095107
10972492
1369328
10001280
-212234
322180
4480254
-112272
7728100
6736195
8108941
10012358
1299052
10806891
5539536
1516118
5911790
10123875
4293867
11290416
5248558
10379915
1435832
-2341922
4511846
1697195
6840891
4305869
221353
156754
8125688
2773179
2723448
-3366847
9111055
8902087
-185548
-929663
483739
-3415722
209354
2535283
-657192
2326877
1791512
1363355
3697400
7421267
4791909
8126640
-2586489
-1509164
3693686
6609867
2609857
259522
7769402
9278543
2439373
518632
3194014
7279499
1855944
7865856
4599241
3828993
-74404
1430817
4995368
8172933
8722779
590952
4841684
6325001
3831149
7609649
6473730
-681756
7588518
11413611
8267536
3885026
5019335
9428232
8093140
-55920
428091
3663563
6307847
6224056
-2443876
8611541
1443310
339438
1424665
4775490
5921058
1260536
700431
-454703
3855389
8439311
5220140
4600028
-302849
10501425
3959970
2090774
657844
-268740
9777230
1940676
5338213
2483526
306448
7293780
11661006
-10357
670663
8278783
383750
1865422
7477494
871039
-1235769
951833
6821358
10115085
3414504
11512174
2639499
2741659
7768064
11804706
11177300
2797985
-2517673
-85523
469924
2284949
3096282
3142890
9086211
6760027
12056420
8936091
8192205
781444
968440
8202155
1982734
845633
8204839
13115252
8994160
7331484
5029767
1200321
1858095
1919131
1514640
5924071
10276837
-1515812
2120454
3248308
10015259
7389628
-2713073
510773
4682367
293964
3742521
686520
1307218
-92398
8130280
5846744
415923
9570257
1574573
2406266
6647327
4349595
-271397
3361904
4400552
-527024
3242430
3198187
2949852
6494847
3184317
9675394
3548954
12102016
7104361
3458624
3617203
649041
-1426685
2730770
217158
12912659
1519883
7252776
9838820
1544381
2571911
1143950
-1358447
-644857
7064681
9289163
4925190
4305652
2427910
8621667
2699337
3855386
-1862732
-452157
1375935
11268170
4840645
6746519
-199317
9365608
-4567
1003717
2669649
12215919
21395
6863307
11096309
833443
6604105
5680737
6754450
106871
10323441
8860099
3203586
3715506
4120691
916106
4523375
966586
-884628
7351935
3403992
4560012
3324178
14917685
5996484
641447
5270449
10490469
8253415
1683963
2205965
4130160
179767
5603927
4549408
7864540
-491979
6189379
1655748
3190761
1179242
4704986
1043162
5871944
14726864
-1534708
1860032
4045878
2357724
-4575767
5705566
5874595
799586
7617871
8484233
1971009
5380794
4972239
2793237
1555691
6024228
2065690
740245
8961762
1005575
1464911
4685724
11060873
11104431
1059885
2453948
10306498
1523766
97254
4952067
3127293
3842055
-39254
497741
2167374
7838986
6221445
9647650
8295472
4498084
4631170
5013116
6853667
6793822
6218060
805268
-818685
3122968
11546921
11709496
454551
5782963
10843531
11095658
701163
12823592
419123
11136578
-513701
7913845
8702385
4753079
-465976
8155147
-1264036
2806337
4513912
4071733
2852868
678425
5374853
186022
4084319
2624382
6724021
-980541
7651141
141123
-79243
104154
1409179
2302002
1446179
10599963
11400779
442619
-1379494
3116677
5108074
7723594
12504886
1016895
4647802
7672232
4035696
-385099
7398730
-1306968
-640380
10257005
4613809
2513692
9780862
8636512
2606787
4506053
4354888
7546139
176197
4135413
8524727
-1435656
161774
11771439
4767348
120595
2736976
4536011
5360340
1948923
5090476
758507
12513033
7434481
609039
587835
5017874
11956354
4200051
6128299
-126670
9469099
478337
8849606
8618500
6210853
10485881
8489489
60746
10706298
156806
2044036
7173907
-2362717
-3851689
6686736
10273688
-458000
1102280
1173673
-44038
6304174
6873675
-339535
8613632
1238002
3788228
3952303
14631969
6946288
9226558
7977774
1679510
-273657
9697151
8895645
-231467
8728408
8029292
4106332
-1284350
2110758
1073813
-196342
8128788
-2075366
10155619
11679150
-2200351
8190639
-998723
7548810
5990647
7705066
6429884
86398
2263193
105648
280973
-170345
7319537
2286242
-254106
1534828
7010926
4089027
2491108
5789505
-1733838
2688333
555170
4992570
4888863
12704714
1321399
2582243
11994271
-1621401
-157666
7472809
6143317
5624490
10090959
2018819
8057489
838325
5084887
994990
-3780013
6491927
4246063
12215961
5514033
-91173
5596816
5634231
-700205
1753661
9110878
5565884
-426636
2416953
8410511
4950106
537340
236583
1688361
12231409
-618278
-1974785
-178549
1388116
3848977
10313320
6925240
2012719
7031154
14014724
10251778
7754730
5473700
5899353
5689529
6870160
7857784
6728901
11243084
5685029
6525280
10626097
6238769
108739
178819
7834002
13541842
3077277
6742350
7100133
1121385
-2552233
2018175
1863243
113405
2696285
7285911
7086472
-96829
2740319
5619832
4663543
3819549
3734129
4602291
-962609
1310173
1990389
10671477
2486770
2809510
7026043
893078
845661
3271113
7988746
11595078
3887472
6740648
7517356
7600019
1475644
8926174
-1449659
2551324
7043480
3585016
1991635
6018823
6692905
10821665
-975575
9039618
5903991
6228224
4305805
7544921
2113883
1862657
3765336
2613717
6895167
6731804
3105991
2899903
16340
729062
2634037
4000650
3869586
4682473
11759701
11867233
-715638
6549041
1528418
3104592
-1853512
991881
7100544
1193417
3997945
7569420
702999
-21844
6552544
3132014
-1020282
8959189
2152901
67691
1813483
-3093022
6860251
6997822
9115228
-186665
1620663
8548856
1519454
9186709
2675088
11202247
-203103
8711756
9277695
7343279
10212651
2911313
6104477
9289119
1020620
7214188
8496983
-87111
6158387
3651437
3693337
8533177
1003389
6780433
3194763
5794461
6378886
2597592
7927887
10483396
1770415
9806800
-1281175
1071822
-1628803
4616879
4076436
7166518
6083283
4353697
3610189
2833867
1574427
4505278
2143364
4115456
2328480
8813828
10153651
97457
1220049
9573624
7594899
5876754
4498
4852783
8681979
5853697
9762838
-83543
4379036
588373
9679993
-1285043
1218950
4065958
2337814
12197350
14064447
791118
7568898
4817455
-1296670
5265458
8669264
-498569
-9536
3988579
10174453
-487643
3626034
10727124
10712501
3401213
5523244
5116755
7297776
3006983
7540369
-700513
6858268
1691908
166042
-1826716
-1098638
1587624
2057334
10389126
32766
2674148
2499403
-398596
10705783
6214650
8923830
-1332168
7335712
1314094
-350815
2992483
10560168
-2308575
7162037
5957830
12587350
5585299
2183497
1038353
3991210
6188577
-24722
13747307
11104911
1166649
4216275
382595
1572039
8833471
-265319
8772297
-16639
2529691
2864582
3398441
7491435
-1326872
2509773
4368171
-1145674
13817873
7600289
9581087
-616071
-326848
9722557
6384186
6211781
6769179
9410847
4751037
2880109
611523
8838557
3015040
6153805
52132
1816175
1733272
13211961
10603891
8666701
3815085
2823963
-183518
7676232
9308483
11320749
6840598
3649178
9739967
6114296
2591037
5405033
-1368337
-502706
3346127
6680469
191204
9875203
-2229039
2700973
1588120
14296674
2664304
5743034
-301302
-110109
-152729
1608206
10874804
604476
1418740
8305650
1565969
1282626
3205832
-219910
3485008
4647997
718308
685514
1580110
3581927
