-15493348
2685505
-3565040
-1523162
-4656176
-1512283
-22125578
-14163702
-2366736
-3467506
-2966545
-12687120
-7296244
-9458973
-1532380
-9630429
2171525
-13974591
-10118211
417467
-194692
-3466451
-1098179
-13361195
-13602852
-2729655
-6166447
-2199001
-2581706
-3460786
-4983189
-2894849
-649381
-12584805
-2217760
-5881844
-515145
-3922174
-16722160
-1526564
-11944091
-10541094
-4124934
-4141580
-9520435
-4665426
1435952
-8838275
-7702423
271951
1932749
-18333955
-8107492
-16171337
-8311446
3078338
-18017369
-7100981
2851372
-420950
2971063
4381855
720418
-12349995
-4845744
-21883897
-31962
-10205440
-1040470
-4875212
-12561517
-4324560
-7223140
-18240862
-12848910
-8800493
-18119880
-10414098
-7069211
-5241746
-6202815
-7012956
-16388171
-7747494
-2343438
-21286794
-5520375
-18456767
-12647658
-3088103
-10533660
-16535870
-6347208
-6732577
-13216817
-10656432
-13074770
-1308498
3225995
-1992479
-15355856
1381223
-9968267
-14475602
-7159874
-10870986
-5540678
-13849512
-10389062
-17340830
-10974837
-6224215
-21581954
-7066881
-3369311
-17428622
1011605
-11633235
-20693047
-17537209
-17126880
-8632336
4489385
-5155036
-5705136
-6548871
-19156201
-8456349
-510184
728760
-3536793
-19992901
3428751
-13611556
-3545470
-7908275
-9713548
-19004199
-3740125
-9409704
-15093570
-8893830
-13522338
-18434623
3405809
-12474939
-10980671
210575
-1127227
-1414713
596160
3979144
-17058064
-4191883
-2312542
-15586634
1403163
3176605
-11845920
-11283192
-3741903
-9153221
4561564
-11328426
-1063284
-13140630
-1381806
-17008206
580329
-20767326
-8403755
-905153
-11656612
-11348537
-11671042
-11640645
382580
-6952880
-5627374
1079322
-3570745
-8585923
-15846367
-3376606
-340169
-4037453
-2273981
-4096819
-2145602
-15971551
-3360553
-3250618
2652977
-20811183
356270
-4460801
-15829738
-3727048
-4137261
-10390362
-177227
-1190347
-8015554
-17963271
-7475986
-7164174
-3578900
-2395720
-3232523
-15644737
-16444437
-13022795
-7027627
-3057625
-6794301
-19640339
-6378036
-8345474
-4520676
-13402425
4297672
-1976392
1901091
-17429850
-13833914
-17990525
-4943081
3922335
1472965
-16938333
-2227685
-8768495
-3541006
-1290357
-20445551
-10149077
-11818256
1285400
-9963466
-3355916
-13303022
-3623386
-14154031
-6821954
-1913139
-8772917
-4769550
284949
-5463573
-13203751
459957
-16362097
-9889673
-795858
-2098890
-1714340
-12409929
-1840078
-14329023
-16014535
-10759153
-7213423
-7026714
-17071517
-5031788
-8087182
-17933664
6013789
1612991
-14908193
149500
-5936495
-3342279
-16918887
-12851183
-4957470
-4385085
-22334910
-3577803
3260679
-10325324
-10404006
-5760089
-4315208
-9024959
-17688567
-14133904
-4997243
-2847451
-12056946
-9542086
-16328503
-6922767
-11702684
-5076140
-526633
-4431844
-1175609
3329795
2078253
-12492149
-18184800
-12414111
-7570393
-20946646
793523
-11136834
-6760712
452157
-10630607
-1744217
-12909168
-3687896
-7715706
67522
-8843965
-8302793
-15714093
-454712
717892
-17952176
-5095929
-7666188
-7773995
-9003775
-13006341
-7431537
-10899407
-1493041
-22102977
-10566834
-16725415
2509454
-8232148
39221
-2077326
-938691
-2309216
-8090458
1585534
-18150143
-14275798
-10643774
-15230430
-17192250
-1293213
4253470
-6981941
-18402440
-1388106
-16699399
-2851680
517225
-2617246
-2413000
1132348
-10134700
-1959632
-14237384
-6017601
5349642
4664028
158000
-14207610
-12724887
3789756
-12962460
-8477625
-10399467
-4382551
-11115468
-7701278
-13934695
-5697352
127591
3447530
-11640049
-1991133
-22425730
4794541
-3441945
-14600770
2721144
-1279354
-4756007
1915321
-6902212
-6931864
-6872738
-5223413
-4621487
-7914514
-6925949
-17078418
-17866606
-1383689
-8623219
-12399663
-1778953
-7416536
-13845001
712192
-10307267
336655
-10018857
-4158498
-2492142
2510960
947280
-820865
-7288454
-6261490
-7209913
-14412808
-5686857
-8884487
-14696027
908785
2327678
-12543333
-11792023
293500
-4108770
6972909
-707940
845871
-4486610
-17045828
-1883237
-17076573
-17480763
-926191
-11537215
-19541466
-7365552
741118
2492806
-5779380
-7728914
-11179028
-9771735
-3881850
-10906314
-9174583
-467768
-13898175
-1454284
-2659160
1322649
-1882595
4195839
-4571507
3236808
3236424
-10369238
-13859236
-1739060
-4449210
-18592654
-4840724
-3996881
-6509557
225407
1634839
-4715076
-14521118
-11066401
-3140443
-1878988
-6366544
6722631
-5716071
-16607939
3341844
1697196
-197272
-3846238
-9673667
-6978233
-2513662
-2824963
-5322069
-11251876
1534987
-12827747
-4347230
-5516856
860733
-4164857
-13712651
-17676064
-21534061
4575384
1146381
-20110157
-5382296
-18345744
-6695405
-7714332
-2607818
-4075036
4747143
-16723584
-8681000
-12174894
-9103986
-14617319
333613
691949
-1125096
-11117189
-9452473
-16302720
-14080869
-5834022
-4544158
-19141479
-3968929
-1577691
-14455568
-3607338
-5277824
-4521098
-3321212
-18407270
549453
-10285138
2531737
-17912652
-983014
-1301504
-7653979
-10176195
-10638586
-6117326
1315636
-12432908
-7689582
5627920
-17742007
1396287
-7942031
-12437575
-14950661
-5543304
-2683681
-1603108
-4552127
-2240502
-12838169
-8025051
-6389501
-13402387
-1194684
-7147411
-10211949
2126794
-8626092
-2259714
-3233964
-17858816
-19080791
-13557745
-5681993
6400110
-12080110
-1906337
-4581865
-12703855
-291266
-4898355
-13307336
-6633877
-2711234
-4606687
-3052395
-19591631
-9308656
-3715744
3128541
-14835861
-18086548
-594972
974370
-5177738
-4685958
-11246025
-7117322
-9536561
-1264417
-21425438
-14305240
-4547912
-2386861
-9957578
2397236
-23042084
1851329
-16380289
-4912653
-10494620
-19093754
-3964528
-14935182
-2239862
-8599606
-21332307
-17606951
-7328665
197652
-21066280
-11728287
-3946458
-10166215
-528112
-439706
-8844267
-3396912
-8612976
-9105032
-12588731
-7090517
1236149
-14585027
3379859
-16863252
-9641025
-1453165
-5130226
-19596877
-20125902
-21957056
3321448
-20708362
-17998916
-9002450
-6905674
-2067810
-6581918
-3791541
-4421747
-952294
-3728411
-6943993
-18257418
3709241
-2534329
2502800
-5608735
-9463288
2186097
-7153683
-11393552
-317405
-9390928
-13122836
-7262475
-3839302
-16466950
-10494420
914980
-18244232
-11829960
-4539716
-7645732
-3237613
3795988
-4903035
-467276
-13338007
820119
-1580473
-5344304
-1656462
-3996970
-1976670
-4342952
3372688
-15681451
-1685696
-14364432
-15656593
-1513788
534793
-2962449
-2893788
-15237447
3140994
-113259
2840521
-8182712
-11600032
-7431728
1578578
2149992
-2295370
6280712
-1569212
3277735
-4219435
-13600248
-9961967
-6681880
-4524877
-12405379
-15667982
-7952907
-2376454
-5805643
-8543368
1799330
-3189367
-1813844
-13377449
-5135413
-11368246
-6170568
-24003616
3123907
-17516389
-488993
-127153
-7417674
-13890317
-13766311
-461208
-9273693
-3940178
-3376964
-7827891
-15360277
-2347573
-6683803
-12001165
-9968391
1523331
878203
-4203444
-9422918
632621
-244230
-1675733
-2048669
-13521001
-3467905
351814
-9980221
-7432156
-9855271
-3717222
-1448357
-5676550
771524
-19474720
-9504169
-4689231
2113957
-19429234
-285932
-13339607
-17753135
-6101348
-8411090
3141436
-9918439
-9264759
-10794894
-18395604
2562135
-1734427
2249927
-1514101
-5405716
-9795452
-20800777
-8112104
5468645
-9737320
-6863442
-9497472
-8777762
-12891360
-3666196
703529
-10736601
-1294577
-2802647
-19512331
6752052
-2884116
-15239070
-18870406
1799370
-10206474
-7817047
-2385181
103758
-15492963
-4857432
-2370801
-4052614
-19389688
-9246701
-6285290
6543723
-527797
3000509
-261347
-7012947
1500957
-5923336
-8368202
-8733276
6015272
-3053468
-14367381
4279179
196232
-2621455
4186806
3692183
-9116499
-833475
-13842083
-4708862
-9920509
