2000851
-1467439
5149043
6163187
-1852735
3463704
8866383
5674910
-2172710
-3589212
1933189
5324126
58723
703084
6048432
3202923
2916573
202062
634342
8880722
13384548
2568218
6090213
8660772
1565795
-2340136
-2375250
5052676
3640177
-5649869
-3665113
6784984
-715283
6987629
2934703
7405055
-5894360
8099110
9969994
5202690
6051707
7058026
-3376692
-2599030
-1832314
4723306
12120926
1190140
1491858
-2505001
-291205
12705310
-626410
-5571907
2203147
3468615
7390947
-2129169
-662648
-1031661
5945118
1357409
353719
6220339
4870169
-1121029
-2357394
4763203
-2398069
5832830
5645819
5589781
4376876
5745827
3487007
1461931
4029336
-259294
2773959
2044263
7504865
2609465
5861005
4956720
148398
9091527
7866056
-975991
-498291
11600854
3781216
1094920
8841647
1342153
2239001
6895347
-5916590
2662046
7211287
509798
5375371
5558614
-2167528
394413
-1322545
-51146
2198505
3366744
823362
2840971
7016216
-5461784
1397534
5830286
4429403
392903
-2738204
308147
-4363729
-94595
3908075
9468847
2033369
187174
9534311
-2474869
1209694
-3806258
-5347355
3111318
2864164
1635412
1895664
1410644
469180
-2113446
380361
6872865
6045432
4030963
4367061
2853367
3096003
5890092
-5765157
15725383
208710
-1148076
10809909
7775049
2097089
-1577859
-162368
1942813
6687029
-4760514
6498857
10345269
-3979310
11718876
8721930
4019739
-2761974
6610167
5605386
6000683
4379340
6471767
4252715
151227
2674840
-805215
41441
6234863
4701318
7900085
7560573
8070534
11618365
5533754
5915379
-346633
1114042
4117355
811967
5043557
2842790
-4046341
3282285
-2949929
4885401
979406
7883236
5260855
1695076
-3818460
6946253
14266323
6347554
5326825
3755325
4657165
3298903
4100341
4248317
5693599
1744507
-1882632
-2041824
7672003
1823042
614505
-6974481
2249266
5460681
83660
-3862085
10313887
2410876
5711679
-7731854
-1284597
4097969
2536602
-2033477
4586715
1173942
2550049
11321516
13297942
492459
4126468
9798950
-2699336
7370597
6237393
487797
3754643
6983134
5094655
7308707
1787826
9080930
-2138060
6985479
2663994
11330034
4999432
1178305
2593349
9922593
2742885
2420691
9128168
2979933
-1071583
-1620878
585348
2880606
2108025
7780901
2790683
222593
-268380
-2432299
-2125165
2567993
15988581
-4353836
3602890
8050710
2189862
261119
-5334988
271377
-1038218
4571956
-1821143
710482
-3743083
-3291218
-50878
3562740
801861
8065303
5296964
869899
818885
4799977
-7722616
8444745
1392395
5095952
7203682
1322764
-775092
-2044958
-1262437
-422127
967140
8186312
6355186
-3973884
-351706
6493246
4408265
4862189
13518923
6891436
6029906
773422
-1456
-521180
-304707
5151593
6515348
2152174
396194
5621203
422260
5980947
2876195
899335
4588551
-3662881
4450690
4268763
6597533
3147891
2958949
4996560
677484
1491138
1523332
-8030745
704474
9407277
-323933
2119785
-1287531
5751557
-6454482
759881
6946357
-4293840
3706079
3085525
5472107
3264403
7211035
-514000
3387499
708897
5715926
4582051
-5855902
5742553
-2260938
-1891495
5346015
-5901917
-2346555
-339172
5900742
5246001
5998645
-58413
4766335
-852422
1696608
-59312
309204
3890745
-1033320
479500
5607029
7026995
3295616
5107368
1438873
6141129
9732993
5816710
9245967
4984342
1322286
2088434
4679517
-339690
659925
-2755191
2758816
-3061735
-5764630
4633368
-431329
4885320
-5473674
2550672
-1115130
-4066469
9814224
382763
6350142
5593496
-3814044
7332242
5420434
-1521487
4920770
6328366
-8364684
1410212
7914128
240414
-3151520
3442533
7652035
-538630
-586634
5946805
120048
9926539
449590
-4464443
7382505
2158460
6801465
10569804
677020
-1214122
1373386
8703704
6262662
-1374142
10586511
2738651
10434829
1865174
-960306
6492668
667607
-4283893
2024890
4993772
4432135
-891437
-2684323
6817813
-7985874
8139748
11913163
-4882005
-236856
2753887
7933863
-4980980
554143
1178400
-1758921
5216344
8686044
-4034580
-412250
6848577
3053936
3992737
-578938
-4422086
5369188
-1698073
-1606854
184481
-282983
7363596
2452223
8219534
-977723
7508303
206217
4592723
3420839
4189034
3573506
5738424
9861530
-3772305
-624780
1691199
-2120441
4124595
-3223930
5340678
6072047
3342698
5793162
3371475
5958671
-2707399
-4941730
7296168
2481687
4523059
-2602342
11803100
4102127
3855204
5263789
-5708646
2261510
6816979
9800838
5612407
3708882
-5092568
4198845
5639737
5350024
-2059600
-3135774
7866536
8652612
5222115
2373006
-6123611
1487467
-614414
7540352
1806799
4783915
-3274380
5023486
-2498831
1997788
-591082
-1207162
3447972
-3621821
1342224
5380075
7565422
6998665
-6085652
8200623
7957940
-1798295
506909
-156455
3160159
4300420
4085406
5657614
-1092046
539300
831743
11683395
2021648
434929
1817644
333564
12275054
6555291
1003181
2134152
-755138
6217036
11442611
2484350
3810693
1609690
-378272
-114674
1129641
-5603011
3353713
4032338
-327206
1349348
7293697
2033815
-655313
3578918
12987580
1211167
7610605
5591716
-6891070
-2017309
735971
-1818953
8314939
-977608
-2427722
6430293
-1735133
-61397
-6868035
-536226
13566752
4335838
5925997
306652
-923572
-3354781
688674
3245970
-4868567
1894915
7830070
-2011605
7753318
-4302137
-386992
6585160
8447318
6324034
1451988
7129104
5092384
9155868
-4051701
4023317
3485643
7716863
1055845
4700959
-1890281
-5924414
6197854
3085987
-2760420
-11825
2976839
6515177
5984288
13333712
-977437
8503376
1127322
5814611
6603115
-3567458
6655679
6244920
4509365
6428347
-8939136
2791488
-3645207
2694231
298604
437679
3273346
4658175
8175752
-786014
-4827865
9935516
800823
2630792
1410460
-6271213
6962857
990125
4949493
-2779819
5593331
-3366859
-4656012
2792966
-361847
7795959
-2349604
5070464
3776882
5162218
11857473
2131420
7513969
3564629
4656820
-4829427
-4720954
7655211
-916768
-223478
1638851
5933887
-9389386
8379067
-4428661
-1585593
-1858442
4826689
1928184
3633035
6469913
4109969
2676436
3344778
6394772
10748232
-2345608
3590836
11303423
1018058
3897179
-694541
3955140
1033716
5086843
-780637
7111997
-3891105
-586910
-2835153
4105835
3378588
-3846302
8374464
4165442
4584192
7087993
-4400284
4121438
10107102
10033754
1957073
5212926
3178015
2406955
-914326
-618723
-203446
-393769
3148933
-3118025
2597990
601524
-8451766
-1742491
-1470430
14689598
4820462
-570460
3554710
-1916324
4800154
1503882
215691
5503828
4885744
-996554
1024317
2119864
-3457035
3045679
-2556793
3246241
4132802
3214401
8838099
137156
3360196
7938974
8048681
8879666
9303219
-4218497
7843527
351444
-180582
7584517
7466052
136545
2863592
5730342
649091
-3057825
2587865
-4090170
212758
-5345703
-5206009
2135253
10084547
5619340
1580594
-5696690
-5552653
3721873
4436096
-238217
2535733
1289584
5410293
1288183
2396753
5893906
-65078
-1711882
-2581358
9026349
-1363290
-3628637
-4975969
6833893
3020141
215240
2326757
6004668
7119035
6565657
2786895
3767056
6318908
4956905
-6841036
-1627386
2321115
5533134
700075
1434103
4810126
7171999
-3116155
-2434217
-1071694
-1953894
-3603326
-7351462
-5599578
1350001
2392545
-1537097
-1891212
-1003005
1256708
8012520
235148
1668321
3295976
843342
2961423
8039799
-4922330
4157752
2662790
5994941
5463794
8504858
2113437
-669931
1430507
601936
7405226
1936925
4113905
1084306
7850855
137277
-2155657
-3706864
6721157
-623333
5062441
6191151
-5157326
-6468798
2562974
3314274
-3811157
59471
-3644495
1397974
-3167738
3923190
3409468
980309
-1778218
281386
-239712
144703
-5749271
3624021
5462126
-1053540
9977415
-1818571
6101824
5751857
867323
5175402
-7677161
-6117852
2815203
4807541
-5624350
3941297
6015514
-324871
881795
6653006
1816924
3892207
4645146
-646620
-982690
4798222
1790854
-450323
7357855
6118951
-5496449
3961351
-1948381
2627824
562534
736885
6555470
488541
8215788
1787143
-2013845
3083041
4690562
5111296
7500062
7107368
3793096
-6630345
5141837
-1518094
1119674
8311959
8863233
6075534
-2155649
4730420
5487207
4095641
5012932
7860027
-1464657
-4011077
466678
1322033
7637430
867352
-2720636
-1413206
3768854
-1131885
2477733
3907327
-3610882
3195930
-3040059
74425
-213011
7453086
-774476
1850110
850192
5517435
6212048
1610776
10424143
5187809
5034504
-1500999
5468333
10250178
2190854
-4323603
10680049
-2086222
4905392
7342269
7943049
2566486
732951
-7823626
2150051
2172925
5737992
-4254794
-75133
4200760
7954388
1247628
3994765
-69494
7327065
-930301
-306351
13522364
8699093
6627263
2560434
3446632
-4692717
-3113374
-1191854
1044409
3205275
-1059786
-10070759
800926
6186942
1166771
1069966
-4811693
-1387618
-3210547
3446519
3690224
5008464
-2765895
-220262
5632602
13160575
-2768281
5397597
8283947
1699431
5589634
5475382
2562613
-1650329
-6555195
6732297
-4373617
2122339
4596788
1948420
8582560
5625534
198110
-4587754
-2317682
12075986
10040779
-6369939
-90663
7468734
-9244984
3508421
-636909
904353
1050404
974366
-8751207
-602191
-3229684
-2222032
3429542
5791294
-2152758
6069557
789978
9481413
7220578
2997687
4705407
2032249
-1205835
6599622
1312682
11704213
1472323
8028
13150243
10456792
1516353
5554428
1449041
1996254
-2047796
5190938
3102492
6323361
-4374561
207532
8177665
7906771
2031363
4625313
-2191243
6922400
601188
3822916
3982456
593906
7381005
1814860
3998334
4364654
3785997
3054918
-426773
1472236
-5346392
652636
233600
5185101
-2085583
-478779
5944220
5061062
-1147893
71315
923156
7188513
3261117
-7159686
8553633
-827869
-4445613
6125521
2529044
7867031
2506884
5587319
608708
3253763
3242008
-1696230
2025265
6484934
7792230
-3174699
3837412
8327593
1926551
6350303
-296291
6407730
4083211
3060481
-2938736
1645327
4251434
4381504
6537781
3700557
1717173
4215925
2062331
6573319
2156139
6224535
-4337397
584448
6849328
-391156
3775273
7792156
3570551
11550597
1264310
2105859
5188871
4160546
10571684
-6337926
-1225711
-5273177
-655176
100392
763304
3069164
4874061
-5271322
3744719
2371363
1492147
-4699251
15678124
3176039
3124773
-1191235
7158476
-5129380
-3460128
4176761
-3015413
8908404
6332516
3724733
5508351
-1910590
-884834
-160330
2129192
693032
3198653
6674847
-5180728
4769171
2065077
-1181805
3870849
-4232355
-848870
7572278
4108034
7896490
11480931
4142256
-359270
4860396
8754868
3651463
-274992
-1216093
84818
3593
6337315
-491013
-2386472
6902393
4445842
1114816
2820604
6024101
7663769
7683932
6687437
-891246
1035871
-1637941
185567
-4333350
4048249
9326175
-767922
-1496283
1518307
696485
-191039
-3242001
871013
3191815
4442719
3610133
9436543
4394374
6595241
-1189680
-8368424
420246
-182634
528414
3642009
1927846
176022
-2161779
7627429
1083343
-2088965
-5194937
7542552
6340465
-1239874
3790399
6975105
8710405
-6908311
4142393
557245
-1561962
-1678804
3025154
3587166
11518094
387618
8058777
2380793
1527679
7044756
7968141
-621369
89984
-8011219
168302
6128287
-2553179
-8705348
617731
-125454
431988
12227893
4710730
1103338
3146466
994511
5824971
2445905
7011514
5354450
2074173
3386568
-3111934
-854397
-1604573
9777379
-1125214
3920187
4876040
330705
-1098348
3947679
4132325
-1684864
4708799
5350187
6480905
-516905
-1336610
3875264
-2757858
-1973679
2979771
721482
8746527
-229020
998016
-4280933
5701862
344862
316891
-2054831
-810591
1485991
4611721
5754018
-1374201
6545100
-3795520
6469105
4087847
-3216469
2162936
368150
2910058
7061481
-1498156
5403575
1661670
-3793044
9639141
10382264
4937949
225587
5837610
258845
2954275
-2485413
1825850
-4534949
-2836296
-658073
-13407907
-2276901
7907455
6200658
12964240
-1585582
-1324638
-1847415
2338795
319173
-6976774
-2426285
2253271
-5151215
4678694
5967411
12574425
4667553
4285000
8363672
-3650186
4367427
413663
2348624
3543535
-2756765
784061
6392562
-4361495
-2287384
10837832
4129548
3863742
1891932
-6048769
3993124
11400396
7394731
8556740
9823459
3452031
-2093947
8388814
-1736354
3837637
8634799
4717692
-7441774
1398742
397850
2548293
11453886
6037016
2236863
6658446
887395
-941138
2610377
13160171
-3534276
13199362
4442555
3330738
1242183
372885
1342941
4974411
7516881
1564933
867412
-1864494
2405158
-1047727
4900531
924906
5395683
-2636158
3362889
6278620
4730298
1438765
-1203635
-1217762
-6345322
4979023
6303763
4688358
11284154
8874481
-6903064
-601083
6407151
-446929
3810097
5978445
6147226
-3228179
-3026362
1239111
10168475
-6264504
-205774
58697
3146515
10633560
44471
506330
126307
9209534
4860963
-4510235
-5026711
3303057
-4070221
4786546
-6583288
5547092
432946
-3178993
-1733318
2896952
6098320
7925152
9029
5063376
-1005953
6611990
6888580
7865834
4688920
662802
3457885
-3310986
569900
3132717
9516738
-540509
5776746
-6084480
-1450570
3039912
5938748
-88258
6280982
-3325811
1362474
6323414
-1183586
2247323
-476753
6923495
7172005
348200
-2512123
-133688
5141600
-7030903
-7049607
8171583
-1231459
3136717
1686683
3094425
4781301
4240941
-2204573
-4063023
-5780495
328421
-589041
-475365
3468096
-3374762
1482970
-5253008
5155352
5605098
-2137411
-5778360
597072
4268043
2154066
2525201
7353450
7046655
8500808
2878718
-1284882
-1765009
-2446458
6110059
5512358
8952546
7059857
3690995
-3097478
1185343
-351718
3907580
-4289350
8902128
2117320
1018142
-3867922
975104
614702
1715589
6168237
4830584
2417348
961007
4016393
-1000494
5267185
-4923223
-4726474
1213453
3722714
-2371805
4683503
5308976
13336551
7566452
3745907
526474
4466999
208127
6042461
-1351417
5826252
-2870594
-2451246
-2641712
2646687
5020587
6434467
4050457
-2266533
-5990518
465946
-214863
1541675
514976
-5555220
466050
6539584
4234324
257593
4956431
7818116
2935307
5081294
5143599
3043422
288761
4324177
8106733
2121605
8528208
2718115
-1587951
1167556
5611863
15575145
2891557
7888659
624712
-1738545
5758107
1108280
5923450
217161
-817587
-3005045
267127
-4989159
3848103
4962956
1168334
-1032976
-2609724
3981484
737348
8349423
143866
9448674
-3565441
526192
1916350
5486333
7104719
5634972
1160491
-1581386
8396817
13396991
1718654
-2508008
-573323
3541194
-2176666
1448350
13237254
-4569108
13703126
6756873
592736
-2110545
-4799755
2478616
13129763
1146621
2923291
4305286
-1676444
7417773
379190
4214548
8951379
3389941
4613762
4466198
-1948250
6906839
-3968150
10981801
-5423905
-443741
1953112
310738
3472681
1805767
-8368338
6287849
-551627
-4336613
2956121
5093593
6356701
8467904
2206788
1215758
8010768
10589225
2850817
7374647
-1479537
-3103689
1773877
399430
6347239
2472063
-3646025
-1533862
6254786
1725571
8009717
-2191417
-6483
4917502
3533438
2812628
395890
5097574
5897577
1011840
7465288
91461
5381152
-1561400
517035
-4303504
-7242978
3887615
-306695
875746
6029208
3814107
-1532588
7018936
6605642
-559754
5655152
5070673
3948501
3990607
5715931
1957511
2158947
3909373
-3236607
5745573
-1173692
-6427549
222944
5748262
7109827
343061
-142594
-4084259
-3386622
7628471
2619858
180486
3620870
2832629
-6675389
1615009
-334828
845833
4239999
5935730
5052859
376879
10609818
2598503
-827737
-6291799
-4036776
8030349
7141877
5306142
4216976
-2922918
4112121
-622140
6726468
-254210
6455569
192706
7644144
665434
-5833585
-3432468
4431699
2879013
-543493
-749373
2727518
1344311
7902696
6082660
6267428
9045567
3705289
-6745311
3916025
12470173
169245
2260124
10502773
3387971
1982619
956270
-3940903
-91929
4893610
-4503634
1519846
5016627
2906977
564272
1828597
-1888957
4656144
2324468
-479588
2771014
2876677
1962559
-3603923
4813928
-2687337
-130765
6205233
-5133946
-1058811
2876137
-234589
1253486
2677957
4124288
2135179
11639825
1854382
-1349593
8284324
4425003
4537340
6011130
1830770
4649338
1506872
-4302546
-4007656
10930194
3799767
10839513
-2449948
-539943
6995972
486062
5187005
7101657
6837581
2638402
5552048
-1749178
-2530385
5840870
2598382
2609940
127351
2061540
5899358
5516040
-2099313
-1044281
4921733
5201353
8348302
-3105763
-243105
-3101711
-1431995
-9929763
405906
6794067
2036202
10209989
3247509
43054
1144920
1024747
2612390
-2289419
5359292
-3398151
8013508
-4070394
6893487
7042386
980716
-5965666
1733926
7310386
7177750
-3455796
3346308
9258622
-3188726
-1120798
-10225540
3939032
-182942
-1377707
-1559624
1149612
3768282
6948333
6065344
2456705
5128903
2484906
3488735
-4033168
1623057
4255721
-3734638
5565851
545966
5664491
-1796058
-8523836
10261001
3431245
-2936266
6465741
5840706
5641179
11953324
7649150
-1308334
6624064
262655
3277152
-637530
-4413004
6363645
-3945157
3334145
6710724
7361967
3441367
3393883
4905482
6704563
6694561
5246107
-2781051
-5356852
3675066
1441741
-1317364
3797740
-1472764
-5684938
7258327
12011667
4518439
215667
-3990310
-672487
2126668
5577143
-179116
3806528
3031307
6384289
3836785
-1391098
5775682
-219076
8076981
2189451
5884253
7457375
2907001
-6066946
3937249
3200915
4688511
892647
5765811
6689565
8404534
-4570493
5201877
-3915069
6619049
4040267
6625242
1654378
-614494
6283005
-3074912
3848647
-794971
-174076
-4365373
5067057
6045415
-5324884
-1095968
7197209
7555650
8587299
9377582
3460252
6148263
6003582
1453186
-9645258
-70342
5251437
1100637
-6081372
-1299193
-168883
6659755
-612008
2868203
14384
2830834
4542383
2779311
3292962
8362424
5631439
564261
3446790
1030158
-405489
541172
-1252672
-3393502
-3286858
-2624947
-977005
-3255127
-2279243
2804630
3046119
-384779
3290605
-2755850
-2065021
2652018
8153920
1356474
-1943615
8142447
2323192
4500729
1524206
3303973
-5580286
3627895
4752462
4256089
4789330
956066
297589
1700150
-3624539
9788329
10012655
7339316
4491328
-4807082
9068552
823389
4023833
-126891
-3223470
-1194303
9065200
-992713
-4550872
-3380591
222423
285521
-584552
-4024956
5298639
-3273692
3463276
1819623
-1622621
-2837938
9458589
-5300347
5887458
7029807
3750010
10406003
1976081
-5520832
-192480
2991905
7914593
-3045298
-3613767
1818162
1482892
2693469
67183
4910910
-609142
420236
-4460598
-2522144
5305937
4303098
4430644
10012395
6587699
1869280
1121631
1141511
3160514
4738376
-1409414
1538553
4616339
-3474861
120445
3055085
6070149
4215607
-1293609
6301049
4254594
20751
6792597
1104802
7942059
-1283568
855716
4611856
21024
1390725
5761835
725021
-2377130
9202718
2236788
9467313
2872610
14677536
299618
14769103
-802354
5478950
3135632
92770
6110506
-10234537
688700
-172732
6647248
790579
-3414730
-4030498
3344359
-2987756
-390654
4251062
2505902
1700060
160707
-592178
1949432
2201443
4987420
8246055
2824621
-6059981
1473147
-769323
-7858620
7419207
1935412
2703781
8719652
3258509
3236953
1488948
1921559
-8340010
2894134
2246891
-1071763
-841794
-496670
1447237
172933
727780
4995009
-4432201
11397065
6411068
10414511
5452595
3541380
6325332
-7968891
-536260
7909544
-4668373
4223258
3011451
356022
-2570476
1954981
-1608392
6614953
3494932
5574303
8433888
11528592
1926072
-5217711
659965
2071465
1963415
11504549
5141847
221877
-3098251
-2812332
1395876
6962320
-573674
4384885
1621658
554941
2135517
4769197
-471120
-801776
-5310456
9341437
-79315
5225310
7851236
8450360
2889883
-4073246
3339563
-1214185
10810472
-4751425
1005389
10729748
4275377
8108808
-2436907
8876792
6133951
3735749
35100
3460584
-576429
-1458935
-346039
-3482632
7490812
2227853
-4593780
-354504
6301636
4396868
842979
8217846
-3882137
-6952886
19675
9402954
5346327
6507414
5412454
7788598
5928182
7244280
3365282
3877102
3852953
3438159
-998589
2553175
5012867
5680707
6119225
3535686
3070168
23707
407221
3052689
-5548572
5985636
819733
6080016
9084579
2456568
2845602
1370459
-6721065
13513797
8774320
4958818
4960178
-5250449
-2603448
-3072250
3870887
9253997
7503006
10475920
8465395
5848570
1778944
-2384034
6470177
2884915
-8225989
3814790
3745020
3277826
2675205
7045268
15448250
5621805
-4293780
2688153
2372511
5446319
433091
2752656
5046401
-1429455
1327616
8215381
-1633564
-703490
-1359581
10553393
7946
-8077117
1375620
363985
-748173
1185874
6519349
4750894
-6148705
4521777
-4312154
-2917680
656806
-5644224
3241943
10797923
