292546
-748339
1924287
1276800
1200161
900554
322332
2706301
1058923
667767
953252
2261482
-346664
406960
1870282
558291
1452449
1157511
859437
1598295
3711840
-956696
1919512
1343430
842759
388276
2056149
763588
-514585
2033329
365617
2504317
2387350
1263705
459406
624499
692078
977722
1135549
1800229
-318423
1857988
1457227
1057079
-270641
1839368
-218132
-436776
2420946
1247326
1595985
2060224
632576
1722937
872233
3192996
154103
85492
599852
43520
1739217
-250957
149611
1465060
104827
1458998
1310730
1253707
-433435
1662112
1781764
451270
1574042
1612076
291322
1568495
2052780
1182750
1218244
2030409
2267969
-280008
1616485
499357
1402255
2612177
309946
2482889
767642
50870
1673445
1344947
-429216
1891205
336499
1395001
2267045
1647294
161082
-306796
915335
1319981
658526
61128
1395053
1334089
-547667
1156302
-184467
35703
-196497
1264975
-560229
-170570
1816417
123587
2069398
89028
2239799
1715457
1151460
663733
548432
-744329
-491771
1542663
1516620
1291151
-303644
1902288
258127
1992494
2862385
-487084
1394636
1674893
145810
2172467
-756084
685048
1249185
2537115
1099283
-273115
-450010
1750898
1491995
-156075
-523519
-8136
-478993
828017
82329
-320762
2909636
1059453
-292110
-53518
1095440
1886667
1719459
2236023
605264
715122
1277736
3056294
-243527
1723694
2771352
1712442
69499
1462879
892299
2137649
808551
1531127
-452339
2551202
-709912
-161930
-301233
2624057
678011
1637216
161644
1395335
503314
-11626
2238808
999990
2747914
-294123
2070340
1465077
2582826
1812742
1939983
63444
98938
3774926
602971
1454609
984743
1660396
44793
1269992
2105270
-121418
-478610
-496230
-960790
782508
1460973
-176756
-747302
2827163
978564
-380606
1106143
502480
740939
428511
-514873
1711224
1894730
1878391
1167702
2006928
1674275
1493993
1529368
1455132
1897607
-609240
-153524
642173
-155223
1472994
1027768
-374559
2422118
1605135
2707084
237310
1895833
-285173
2007201
1340335
599599
1489032
2555466
1194786
-956769
117493
192982
1939030
2804640
1085498
3087218
1526294
-82968
-182682
-389703
1979718
2042604
-105437
7158
535327
2467357
1648834
1703846
-668497
531403
1516327
130289
191966
1564294
18545
-423891
1909374
501763
12899
-114475
-592803
70303
1200864
1278339
1975473
1795052
-44147
2871483
913641
263095
1658731
-631089
-49689
-3805
-589794
1102956
810352
112288
1619901
1023504
2040673
-252677
1077150
432472
1463149
1039085
1416575
2378165
487867
1743024
138585
1620563
2468358
1304645
387787
2208507
1478061
785254
2825329
-222180
-106423
844945
404152
1450236
-202653
1748131
1051999
1260608
1061610
321903
2210293
1727333
2388876
1603592
-416183
1777333
1528576
1903029
1724176
-171347
1054420
3226884
319333
1539396
455236
1031707
3635089
1351952
-390336
1711498
-526904
1444613
3181161
3095827
1497531
1167275
371016
1819796
2324693
759942
739211
2083850
2087476
208145
1091206
1941031
539701
824525
1992498
830211
2177736
2100110
-118025
-14722
870058
1194619
706685
2508018
2653167
-382807
-149563
139672
1269661
1464562
325685
2905471
-549318
-389581
3094815
1743187
-107228
-113053
610900
1707165
1364447
2350066
319495
842884
-6289
664690
1949296
212031
-387502
-462309
1590931
1037639
318820
1416497
-165047
2017563
1393467
1476160
2180035
-242095
1412949
1568583
1328077
1332675
1430887
154285
406235
1015655
914327
-599706
-566130
-31552
-724736
1078699
1995350
-503686
1099694
-108773
739856
-395687
301238
3423454
2907581
1506379
2875025
2284907
-275363
1755537
751468
1595051
-123941
-181352
-38842
1747652
236117
-429623
2435376
2846209
265318
1860764
2739504
1045149
-347807
-227551
1254617
-669545
2699392
1876099
-140031
1564618
1424026
-411557
417557
1366905
952740
1893541
1124721
2897724
795521
136400
1585738
2312542
1617893
976771
662871
168207
1358898
585645
551877
1363911
1639930
1417432
-358674
848040
3127923
-23142
1480414
406628
765246
2361509
1955121
-122238
47280
386901
2079246
120136
-207708
1731557
955015
723792
1529734
721280
1066531
1201396
1475917
2517694
-527179
-994218
343602
-717863
2724558
18652
1633994
70748
3203554
105847
-170811
-9669
-27249
1786461
2104903
1266870
-614351
-204160
-468268
660632
1068083
1432028
2962874
1038224
1647525
954282
1751088
1170539
-679640
-137563
-139882
2865472
825060
-301529
1791755
873035
-66799
545725
597367
406104
-248371
584337
-43750
1713771
1011813
944125
-566365
1640371
1718359
-450027
1737730
678237
1657949
2156548
1231128
-783790
1003464
1448450
2865010
1657194
-42798
1293985
1097156
204671
2054342
2829119
1900657
1716974
2460452
-403898
1350393
1870718
621503
-829121
1990015
455236
213528
1773508
-587729
2736548
253317
1426298
-486526
115347
-153336
-156513
-196366
1040593
1725918
1626683
-668309
1938291
21532
3383682
316097
2089004
1185077
840144
2599227
502254
2152362
-455900
1021969
-443816
-84135
1213021
2606891
50920
1608020
2072341
1328956
580235
1016990
1361362
1017354
141369
2189943
412743
2011830
1205250
-15239
2343025
2001724
965611
1307310
413618
-228613
70033
499826
-158786
-248364
1670153
1918481
1777116
1937817
-193008
-631601
-503376
2175467
-645591
1375841
1409532
1534532
-172325
-1172434
1635330
-170160
3094668
2149839
2012343
2468400
-723830
733097
1646335
1767059
1868470
785438
2889098
3304669
3565758
244706
2597297
-182237
-496598
304598
1012932
609307
2540130
-598099
-600083
1899493
2037557
1133873
2080370
119376
272662
1841591
-198637
-195782
-25594
1206394
3686885
-65962
-180227
1916938
158946
6148
486365
-258113
-654714
2251939
2524237
1583206
2249719
2819050
-418791
-268870
1173413
2419142
-450611
1161792
881485
2267583
-335381
181232
1977002
-231490
-805172
2000720
395423
1093898
-524770
1791840
984477
-368149
1655426
59370
513379
1550067
-256538
2185884
1772621
2207679
1214539
-29133
894913
1348558
1511296
1755926
912119
-432794
674823
973103
1022690
2663100
669003
-23715
-360605
1334946
1929657
1217171
1163315
2002068
-455469
1507789
1280496
2911191
1875522
1750747
-247016
1750588
1088410
884908
1206935
-636089
1544092
-127641
1795289
2559097
1690006
2288067
-397262
3256966
1081125
1725857
-330534
1529028
16010
882640
546464
183481
2417236
2006782
-488942
1184625
1466073
-704013
1117061
1103533
-400890
3644681
1721350
1480305
3411526
1075776
30757
1673911
1098866
-181822
2023656
1968885
2101225
1222450
1673994
403846
-764965
1809934
2937322
1517971
2210310
1655281
-68899
1278588
-123293
-53268
1059359
1537123
821392
534912
372997
1594345
830945
2308444
2166986
587844
455590
703709
1421277
1321034
1504999
-265146
1716476
1338079
1879279
68141
1483100
-139570
1719095
3422689
655246
1009319
517053
549614
57768
2164907
-282244
693691
149437
1255687
482564
2252048
-257494
1282514
-542247
1275921
2634137
-11743
234062
215774
2440617
901663
125480
2443600
-209302
1355532
-98606
1750648
409331
623576
-579513
-259746
964793
-564167
415631
247418
2268195
281331
930645
488204
-105927
1138179
2043137
-421490
972710
667301
638685
548435
1578124
2554178
1957016
36043
1496096
1875768
2122989
-220791
1943050
1220750
1015412
2250278
2542123
1474450
-35738
1228124
-20633
-842046
-52660
-698999
407008
1825247
2560671
2618175
795867
-215888
1329085
-353736
1067812
-241226
2106337
644222
-315723
254625
2194039
-1158084
1617366
-314814
1201647
2689607
1994483
1195815
2012836
-77374
1423694
1322018
-479395
1239315
291910
1114140
134525
1373904
305965
-649917
1897460
1524248
879423
2077843
1600717
496768
778801
999198
-248976
3514049
294227
207412
-437936
-373536
-386212
-429295
2095914
-405736
691982
582064
1345545
448862
1146198
1526919
-206693
-362229
375978
174546
-602614
1970013
2248174
-573007
1363187
655945
1566919
2059583
1632251
-165750
1157762
2351558
-594828
1699189
102994
1842615
1734354
-221026
2551210
1542648
-406358
613948
1903573
-529395
1787188
1872376
-304532
1724605
532477
1299622
2064497
1912807
-330640
1604702
1831449
1934833
1264943
1077971
403082
2144882
2021916
763075
3415164
46785
826228
2233842
-626249
-151005
-412821
422324
2588453
1599826
1911911
95969
475055
747147
1671429
1259551
2470507
1597941
17386
1718540
-176920
1150633
-65775
109416
1884949
-6461
1188724
1255346
241734
-134519
835083
376192
306002
1697887
3152553
1935900
858695
963878
779960
459422
-149294
-629403
1196648
1274378
1037683
2265152
2191183
1399174
-313806
886118
-293276
705785
1569390
-409397
-411879
2448763
-366216
-192491
1631635
1202877
-647659
-56425
714394
2273091
121867
3334765
-130570
507390
-236080
1335970
1460211
2573296
1263671
2051364
-756902
588333
1789328
919903
1056891
1310115
-1101577
2189866
548538
945737
1518900
762533
1085743
1613668
770531
178979
372176
-342853
-219952
2096638
2599116
1858320
2681928
-1022614
408681
-22642
-179498
-275701
1390567
-489632
1421511
1666712
735578
1259022
-343853
1875134
-466147
1556042
1024575
742545
1770059
1178096
1857108
1195450
384627
414815
3161605
-24802
1063401
978422
1169251
-122057
102200
566497
2953918
25646
1004552
2134299
1104668
1163046
2111853
1129828
1879589
1564052
-1240078
1983586
-864960
43033
-463826
302239
1968247
774960
3125761
3688872
107509
2244519
-49842
3079795
1286360
-430215
281197
1930204
2085086
1412813
899388
1513367
1630696
3629529
92626
1471389
1708312
598596
783342
1126551
2286578
1050868
687682
1780902
713403
2009614
7436
683215
1728412
1516693
1888862
-518157
204382
2043153
1792057
656960
924927
2941115
907663
964049
308675
-217577
1476788
1178329
2137799
-402286
-199614
-1237580
-52902
3178332
3509531
-54897
804096
2036563
2232559
1300728
1471924
217961
-335551
-556080
-1146640
74969
1007083
2459106
3436342
1125542
-552472
3305077
-427397
-7401
2122030
1095736
1025179
694068
1371942
-903435
304878
3238937
2685291
483646
1181191
-116645
2662212
2093977
1045227
2303100
129042
2183878
493543
-466486
-334140
1595891
1386797
804543
222753
569523
1032746
1154295
1594392
1339992
1628951
964946
1632773
815449
-356192
-877694
1238032
616941
832000
837391
-557186
515955
-499687
272906
-577700
-736840
864330
82438
1384868
844750
2686976
1360204
-839585
493137
1935671
2094624
1377596
481073
2402535
-184017
2347749
1270325
1632539
2236079
-433282
-535305
662016
-305231
1622661
35453
1228664
2448741
1678094
-239423
2309148
964394
1134267
-161651
1969411
-137454
278262
195978
713030
-324597
1882285
1407448
685065
1055397
1139627
-295081
2485091
1940305
1084118
894679
2427204
573849
1698802
1772491
-706610
1377597
1739657
673290
1571338
1467778
2620237
-324547
126321
1751620
1466991
1802634
2048579
3042927
631976
-17151
295634
-787668
143962
1705176
194027
216968
944153
357272
1331189
2050358
-368721
1094425
392265
440953
749943
1233505
-796965
-200869
232588
2517348
1189350
1098226
1777102
150332
-279690
1434156
749014
-444364
1249946
450907
736874
173139
-941613
1287720
-463382
1729162
1301522
2158812
998156
2097051
332562
2125587
385965
1274925
-383867
2006436
468812
423525
-157817
1344527
1835982
490114
-472693
25575
420665
1365485
3052
1199631
227874
1952808
-190563
151078
2748834
1577444
3006047
663057
818157
651445
145319
1885639
393413
-300104
242679
-244384
802893
2066503
1695003
815757
1467649
1464246
2721871
1540508
617214
101284
322077
-782608
-930187
1943216
1194194
930107
1442492
3477718
24325
-733274
182532
1526294
1177990
1397182
-674527
2798204
3267590
1563001
1260721
1167421
1248396
629612
-138832
-70247
-1216032
1328058
1710303
1286210
1213006
1481568
178774
1578405
-315088
406228
1495095
1064259
-20335
1347893
1991063
3025862
1634337
1630691
1102299
-497877
811813
2118299
459742
660351
716110
-83170
4136
38483
1906133
482564
1173242
1240646
-520927
-29002
1680657
301782
-133676
1686142
1754664
35576
1066210
2628455
-842046
-473176
2264243
1476095
559171
1266398
1138726
1657000
-463683
-107957
2280861
66790
-678544
2026218
1244340
316289
1718901
110797
972599
2846099
-489591
2540420
-460684
1187161
-581760
2279862
1777579
2094119
313007
90258
-541658
3686703
831093
-626470
1569200
727060
1311062
955602
382588
906668
1307311
-919140
1610673
218545
2688609
-694182
1418728
1191103
57806
110428
460074
694577
270114
3452260
2165822
2535199
904627
1762484
126123
289038
1834346
2899397
1728265
1817244
470414
-233780
1013025
1582903
2596261
957963
522457
1225421
-193788
1482094
-986154
2255184
1758933
1513474
1097657
104169
2803
1857322
-963008
-589968
1080569
2103984
791845
304205
-143431
-86092
900962
1338459
1271416
1121394
1578407
-20109
746278
1830455
1844993
-180595
1154034
2410970
1449908
-454864
1306985
101931
228020
1105912
1381065
999955
2354634
2162648
2124616
1503996
-685207
-866749
-860674
1082329
392587
-996160
-510618
1206904
1204807
-52117
-419959
331759
-350072
-478410
2169843
-12766
-101501
-868090
3277376
-485400
1634303
99461
-273963
1100185
979867
2639316
2168702
-261992
2326432
236966
-30762
1621979
760561
381574
309828
1743339
619334
1617415
1328609
-565581
511392
2566706
1295557
682777
-55240
2178033
819062
1414406
1238602
2507293
-494478
534969
-500899
1301982
879455
684249
110116
1148111
2963374
2030060
1497676
27445
486269
2010301
2420940
1073768
1544710
695585
261075
1820135
1160512
1871281
1387950
1611477
1760909
1307341
2474738
1858067
1499600
1509207
2199500
2489219
483119
1741260
2749989
1213169
1542687
1212878
150422
2547480
-243869
861826
2221948
1746761
1514286
2932179
-581130
1198254
1739453
2803683
1148427
580980
1514398
1984113
1569402
2243464
1472346
438367
-74922
-1483159
162166
2049461
1431162
1744366
2556185
1718925
3122730
-163036
783916
649504
994519
1557567
398185
2691504
270482
2043610
26625
-411694
-134300
2638792
961117
1283732
1758380
-383565
1459692
673996
1512193
1621571
-35794
-651195
1109677
1906181
-439479
-139368
600619
2318148
1181884
1906227
1929683
1174912
1925302
-297047
1447945
-942369
1009152
473297
80399
1990308
-223047
1214423
1710014
1188046
1686815
846088
697410
1885422
1472367
3564655
871061
1834884
-48285
2099136
1793142
-429744
315096
-366414
-109107
1002163
1325064
1211782
841603
1794392
2163406
-659733
1322940
2110897
656061
812629
1172368
656275
2004285
1520255
1050429
2057611
2490003
109416
448333
851215
1964706
1116273
1675477
3104187
-785250
367085
2798512
1559661
-236443
1858341
1871103
573333
1123821
-34874
-36084
1934493
633744
13252
62390
1798083
2197940
1228383
-476317
1236784
-313543
2791995
-350491
1496548
375323
467037
2863960
135228
103526
2447832
53494
524915
2613431
1516090
2677406
171863
-729631
-417714
1896098
2282091
583231
1429114
415035
17467
711224
436108
1348489
1504263
1483995
1823837
1119346
1891698
86135
2184864
203144
292520
2013432
-390331
394150
-449675
279327
2434040
-192120
3351623
838954
-1451989
807793
285893
3800843
1312160
-687021
747216
-266007
1501172
784191
1895578
2064814
-147457
2885047
2010263
1191812
2708997
1788004
67030
589604
193373
143363
2163594
249382
768717
1968104
2095784
-605830
802710
-651801
1878079
1786098
1866018
962013
-612868
1766524
-259008
1567936
1796075
1332854
1257039
-723332
-557749
1122667
725753
766583
-87502
2478515
1846529
2659088
189054
1735799
1776675
1093055
1019664
334309
1561276
1904908
-528830
967040
523662
1839130
-543556
-684104
2047456
1350523
1127569
3357164
1491989
431806
896620
2157890
740998
1170838
-419004
-605272
1351242
2244422
-224012
473464
297891
-670942
1520404
1281089
2690399
2082057
-104944
1859831
86567
-307862
-269135
2471808
-454823
-86632
1557971
1405503
2722375
-174560
3194400
-2067
1518367
2961085
633599
902095
1597803
2090810
19140
-32315
1455752
1876836
-32245
251808
808827
1773974
2110414
2255256
1076791
370139
-666176
2559273
-917758
945210
1987763
835440
188069
-74174
4151
978400
3004781
-1129649
363651
552498
838281
564086
3925
958553
69889
1563312
166167
77483
1774095
263550
1674066
1806717
1910849
263320
1743884
914219
919290
-451994
2155918
1096350
-133633
464254
2298866
2243084
263694
415442
113978
59655
1699045
2379271
-243557
-28222
-44552
1921511
-1293328
-238104
1133354
1889325
3246264
8579
2559300
1885198
-863135
1625460
1272066
733118
507478
2766266
1221986
1915727
1255822
1525302
1738964
2347923
1070610
-292163
392560
117950
1615741
-180430
-441610
3444117
813445
1347648
1195208
1200515
1550079
2393030
87073
1885290
958449
2131347
458717
1129845
2071737
-281267
2486180
1289050
248761
397519
195699
-1353509
2646054
1508994
726584
-45779
822887
1260516
1823918
1537874
1388936
127425
1511500
1674255
424289
-556945
152256
-418600
-170824
379276
2351533
2108190
3485806
814008
2263599
-51374
129673
1657818
-84433
2013893
1885529
-431067
1640505
903562
-372818
1257573
3752018
840790
697948
182180
1298636
-429659
2834378
699066
692942
135416
2756020
-262412
274847
2234596
859579
66652
-763885
2488116
1251059
887387
-48731
2170798
736943
2569572
659157
-226962
-309
2608549
1187598
-88783
1290687
339407
2024161
2082623
1465185
1849269
313628
1651438
-489331
-249566
-9248
3096609
1602115
890822
436618
287491
1174029
212360
-10277
