3833900
1820330
-234062
2943483
504578
2319596
-585469
609125
7448320
-366271
-3751773
3386333
4928732
8108074
907837
2794180
385799
5387258
-1038090
-4064308
-1496646
115603
622112
-1101052
-3753938
-3878824
-7833613
5008829
-2742967
-2203526
-361266
6501921
-4674342
1125909
617079
645261
4775721
4386666
5504779
8559895
-4638790
2286004
-690721
3836233
-5539304
-6334491
-297432
5858123
5494454
3592487
1093748
1296380
6923400
7663632
2946753
244354
524088
-2660435
-315674
909056
2035889
2742552
3788234
1934239
5818783
-1090372
3227677
-597612
-4301166
-52296
547133
975287
6925714
7361450
815228
3122178
-1514731
2296415
-868450
6779507
983612
-101592
-4241659
-5130358
-7586592
-3439889
-5419801
3898407
3173111
-966041
5455869
-897902
3686118
-3866795
4703152
3324372
-3261140
-341148
-218026
490572
3951626
8157456
2329609
-5639870
-4345907
2218311
1481376
7782920
653033
-1157000
4051623
1649268
-8503424
-120678
8808061
-2995492
3642406
1261783
378139
-1121169
2468495
4789655
6076526
4488876
5668872
7102966
-5756132
5261973
7194613
3107918
869765
1645595
7098854
28645
3253612
-7851572
5940416
-3098330
3693737
-7693247
-2463380
7741933
-42926
-4425235
987663
960209
-865105
-3247872
-6302392
6783120
-54415
4992962
-198722
1524617
3835393
6483292
75759
-144503
3435313
-1728183
934632
3961961
-22412
5153859
4818821
1109544
6928164
491411
6487289
642575
-3742033
-1132483
4178598
-548747
-2334961
3207607
3474346
3075002
-6650404
-5790269
-3456269
-80030
-4642675
573852
6067535
215106
7898105
1783657
4675788
5669
3924571
3672339
-3479075
-5067404
-2318079
3665656
6584115
4274408
-130805
-6839226
-1684526
-4915100
-1908453
2530011
2791462
7946575
-415386
-4865139
7923813
-802548
-3560924
4348399
5351475
4036355
7424246
3424101
954268
-1744504
4852146
2892184
3402805
-3145294
1419230
2113455
-5694640
-5257891
7822070
-55919
2297037
-1625981
-3819066
6881184
7741332
837448
244810
-1420405
-85700
-3482637
4400359
-3394966
1120574
-4200164
4715431
2902499
6996873
5438071
7088487
-6064559
2506409
-6106780
900909
5928340
-1911751
-5254030
6127207
-6016201
-1528143
-1918412
7431878
-229363
-592576
-6088234
447349
4685149
-102696
455113
-1136094
3153043
28533
132087
683761
6674654
3642619
8037300
4332146
2265839
1665226
5972169
-1991649
53077
4502151
-2374571
-985921
-6734610
-3234697
5634800
4840231
-1393356
-3512643
-2336017
-4250253
7467623
-1933607
-5490950
1531975
-1952360
-4408303
-2737573
6642223
193739
3125055
3579176
-981253
-5642924
1319016
145077
-2881090
788641
1024294
-1676523
1011765
995205
1656610
7438237
2811135
4584996
1659166
299311
-5806133
-2375322
3322213
-5988484
3117555
180870
1390875
754666
-3782413
3020899
3743895
3018960
3123788
8292034
-3131533
-278820
-2178066
-7569895
5582479
-169438
2706269
-3045900
-222221
-1331618
556837
-62588
-951056
1238847
-5066114
3749264
4371113
-6728424
-4117248
5185115
-3239464
-7015340
1485618
-1870922
1347511
620228
6059234
-2731112
7349856
-6768207
7536268
2559219
-113101
1274085
-2903223
-2065796
-793843
-4772918
218652
-847504
3562650
1019694
7648306
6281785
-2907232
6056952
-146164
-288714
2515102
-5394323
-398149
-1470054
2547858
2318695
4565550
-3394708
777251
4121512
8037875
7451364
-1129357
6676461
1773458
-1285497
-6691051
8175103
-1003589
2683696
-627295
-1932302
4036917
-4312972
574922
2150491
-3610032
-3711854
6669062
-4196680
-1909073
-5301614
768366
3744174
1216027
639335
-5998746
4692348
3418828
-282942
5484257
-7089688
-1906542
-2419358
2325547
-2981590
-5164975
-688385
22854
6458127
425911
161835
-4454297
1891598
2935042
-341462
-3118479
7689631
3287988
6987602
2826864
467354
-8720
-4461394
-302867
3942863
-4612470
-2089847
7534361
-6454094
6300993
-4907342
4277534
5289138
-6801242
2343617
4763279
4158950
657188
1675322
2672213
4485367
2661875
625311
7113920
399698
-3795561
3281356
6751933
7127248
-6398371
1306993
651791
7814159
2760816
-2980846
-6100613
-7427982
-1939538
7801950
-3490975
-4377645
3512498
2291270
-1852798
2669917
-659945
6627280
1538991
-6280003
-3567962
-7002831
587566
6581374
351851
717678
896498
-5508635
123508
-3183033
-1861380
1177829
-3971645
2306402
-5492755
6592834
2197306
-4623739
-7303725
6579390
-1436062
7630489
3446969
5559036
-308627
-3798657
-2001874
500838
-3325712
-5041740
-218559
1580839
-470873
6755412
1409344
2587211
3087367
4686578
2291738
3558264
4387920
-154973
-7682950
5827104
-2406447
-103167
-1328613
2218119
1157839
496997
3879662
-417145
329479
1178428
8290384
3823268
22923
-1940257
3036788
727288
461210
-5194021
-5200864
1052691
4519043
-1458240
3655940
4543870
7666330
-4069555
598055
-1743387
178521
-410092
-1448560
771792
4481247
-3769865
89917
8348282
4391973
1886357
-5508365
1710958
-1531591
2615964
-544252
2485487
-378938
-1512852
3900684
-1415203
249258
-6899785
2992645
5214922
-6806046
2429001
2422162
-904156
272841
4975344
7422534
-1199543
2110503
6584256
3913744
-358048
-478523
-710333
6920285
1295430
4756580
-2259609
575142
6171760
-3537082
3954545
6363388
3162938
3456244
1318977
4264400
6362935
4434840
3468754
-4486164
2220475
3798864
3302555
6870619
5474454
4858717
-4614365
4827058
3355125
-6247479
-3740317
600485
-7422242
109259
-3902967
4126894
-219260
2662798
-1115821
1482807
4065115
3829309
5386623
-1548565
-1199315
3691602
-2154408
4708124
7222830
-7440695
4041312
476664
3795083
-2652475
-4743869
-6228760
1091202
-596960
-1537049
-835914
-3089677
6174567
7457385
131698
-1255517
7986001
-6740604
2792007
126068
1640236
995267
-109578
4934425
6976974
-645912
8208827
7560743
-1047893
3158958
2792424
1929784
3665620
4045978
-316820
-6817680
876502
3165874
5736742
-473970
-3455111
-1629432
2693189
3910443
391597
6571134
-6108452
3702043
2250948
4453371
58003
5607783
-3556569
-7121424
1452057
8160260
1116366
112453
656863
5809542
3783604
-131831
-777730
-1111103
4084690
1172473
-3894553
1448805
5579888
-3690233
2949265
3014090
-5987351
-1099115
1930074
-39509
338737
1456072
-3905903
4174812
-2338589
601062
3335324
-4042829
-6349970
-693044
7450534
4488930
-6163702
-3883177
522060
2803472
-1260297
1505697
3563550
4274404
4764419
1756619
7233843
1954748
7057127
-4613623
7745396
3966556
1778062
2201557
-950202
6547604
765628
2411217
-64493
-2627832
-2355996
13821
4007759
-535051
609834
2617139
-3240483
-1969508
-1547720
1445673
-1317090
4030709
-172827
5345414
2225431
6313070
-3008804
1377386
60827
-1719963
-515913
-6201895
2553071
1367174
7939804
-5610915
-3822543
-960754
-1182972
4442980
231970
-273646
3308028
359241
-4675232
6023242
-9191599
6580525
3865282
5350904
-1352946
-1182658
7102111
3257414
4099260
736880
-291433
1061344
-2167445
-2638850
3037502
6311918
-753010
6298525
-6084233
3962363
-2059265
-3497498
-2908608
520690
-5989535
3360453
642709
3478601
3446905
7700473
-3454562
3848183
1043322
-2883395
-2363844
6562651
4759525
8397512
6418703
-938668
-803652
1621733
-3664265
150597
532473
3640298
3842255
-5866784
-7188148
1657999
-776155
7263947
-518209
5044738
-5034139
5574886
6617152
-6061316
1311234
5915590
7237250
-986987
-2157561
5561603
268544
-45510
-3647149
-8028074
693889
-7039377
6072215
1897597
-264434
6730351
7489064
436804
-504790
1115640
3470789
712794
5512071
-750939
1163818
560846
-389537
5763108
2878305
-536653
-2660321
7828467
6873453
5348613
4253031
4719809
-2991870
1152273
2830742
3930278
-262337
-2558621
5008352
-7080255
3378411
5047108
3950043
7722081
-506709
4323699
-3257366
-5234087
-4550744
2377087
3302119
-6216185
-2689024
1108543
-2521240
832159
6939353
-5040462
-3287327
-392271
-4128489
3679515
-2878098
5583548
-1380692
2913699
4993591
-5020364
-1700756
7402938
-268465
876673
3360362
3943353
2441633
-2754954
7936107
-7975647
2285184
7114305
3310295
3642433
6246880
770962
1674431
-2005036
-1884542
297034
-2050946
3165144
1700807
-2130824
-874725
-261034
-5293774
137962
-2220174
-1468351
-935820
-782284
46750
-3036601
2375288
5473216
612368
1419063
-858260
3240303
6376331
4065615
-384150
4115484
814279
-559202
-1363810
6929542
3310225
-1946242
1632219
584538
7214832
7831292
-3142217
3634221
-500640
3834657
-1124765
-712796
-1754145
-4269326
5400771
2008471
-490031
4051533
2832993
-4302281
-277655
48954
-765748
6925030
-6206022
-2307312
658744
4885789
4155826
511703
3603056
8992003
-284087
7395279
-433351
570648
-1524848
1123095
-1287934
-2771286
5970837
1343108
-467308
1537428
2557251
9127130
-1800823
1666736
-4407243
5132732
3953188
-6490387
1420963
493664
4364127
2382307
-3132814
-2339127
656117
-7901910
7987701
2399776
3082551
6557449
-5603561
-3964197
-126156
3693217
4564128
3055864
7116334
664366
4416754
7897251
4959595
1041947
3879208
1331136
-897684
1745707
-2110183
-1335940
215060
-3186444
-1232741
-4349556
-278444
6194005
-5790738
365750
4755753
6482621
3414683
-611837
897311
-6391672
-7001785
-6586098
757075
-5755341
7610797
5822098
-6090547
-1460093
-68825
4159260
-145665
-5550200
730552
4721713
3297786
461001
5825612
-1438201
-529361
5261213
-2343289
256945
-3757001
6261478
2471532
-3590571
2573597
2680002
-139049
1562903
775881
1865560
4098241
3749822
856143
4719403
4882668
-2612131
3322386
3753824
-392828
6197329
-410721
-3555197
2971964
339954
893241
3412638
-1451962
483748
4833830
6621816
-6755661
6582639
1943371
-5917875
857994
4701501
677174
552074
-10814
-1627031
-5986761
-96133
1514926
3507716
3433799
3650058
2769978
3922423
2876655
3783588
-6796856
1707652
45973
-1615779
-6316492
972928
-174727
-7243643
-235886
-2188919
7348322
4609094
909939
-5525544
-3854836
-787227
-2964559
-3215399
788540
-1833606
1046853
-2359205
-6822649
3689268
-288936
-6704124
3182716
2469214
2475736
-890065
3077008
-2413725
808412
159199
-2288690
-5952710
2988334
-3017309
6444162
207687
-665841
3346166
-3250563
54909
-653972
3266686
-3231752
785413
6428284
6661855
7416420
2563257
4741430
6315791
-3031917
5280470
3132821
1806866
-1095876
-124449
3861324
1693535
-7962410
283525
-365550
5793734
2790576
-123771
8218393
3890529
1037165
69566
-5241532
-1573788
7513810
-3990494
-4000342
910425
2181086
-5810433
-3691372
699469
-229471
442538
-3402150
-3276826
7481876
65521
-5921599
-6732795
6762717
-4525097
4345715
4591339
-313270
2932152
593519
-882814
3734743
-1419070
-3508989
6690817
7036376
-7738486
3023175
-3517836
-613544
-96508
3642245
-7269721
4428949
-3666100
3235819
753596
-4404970
-1619013
7804627
-1237728
3796097
4483792
-2654902
-6608195
361517
-3470066
7045825
2769205
6382220
2141402
-531287
-1804238
7845517
-476003
3647606
-3249870
-1202634
-244662
-1099304
1723024
1872617
-6136993
5426346
3926711
1876952
6112557
-755547
4949977
-618464
-7073898
-6017852
4491866
139040
3370539
-2037458
922078
-652038
3482253
-5325469
2885040
-8149955
1645792
-1942763
2537518
-3706761
-1165199
1364369
691815
-2160644
-377265
8246579
-3314056
7530042
-200541
259267
-2787255
-3716320
5597739
1712169
4152778
-881653
6634650
5986872
4841430
-2492
650583
4709070
1597633
4432669
-871577
3540582
2750985
-3844454
-417540
8817535
-773812
7074857
-2065967
3333084
7859403
-6861379
7624407
412395
53048
4992945
278176
-4805607
955432
-656745
33852
-471691
-7110466
1508913
2844211
4529949
654840
-1917053
6087335
1647457
6038328
431851
-687319
-74981
5228898
-512642
-6407940
356912
-1804799
4012832
6653514
-3287593
1476265
-237908
1768428
-989668
5394514
-1853232
490955
-1284591
547325
5415035
7049829
-1831457
-2536595
653744
-6432796
-1540835
3878388
-3194849
-833688
-1353442
890244
50064
-960094
1867778
8607571
1352862
2723629
-5616788
-528185
6501135
-2979343
2659146
-5752172
-5506421
5919090
3769169
-3697794
-2358881
5878129
-165407
-3282740
395097
2943115
-2764318
-187182
5134014
816349
1542293
-4970032
-1866332
3300553
5549919
-848307
899138
6432341
-1308773
227143
3582521
-467119
6081195
1098873
5119057
5696928
-4957552
678862
3359412
4340971
-2731590
118433
2511543
492729
1263478
727270
7034865
7936523
1808169
1140416
1623183
396498
-4595593
2254878
-2520981
-4107527
918905
745372
-3728196
-1301406
-6521174
-5674857
-6771132
-2855509
1984312
3760749
-4139425
4127589
35582
4607193
1429602
-7049246
3806514
3319606
415348
2291770
5675447
-4120881
-1677448
804462
-1028864
-5421344
-7924882
3581492
134588
4630674
-4649620
-129600
4428035
-2295802
-1029160
-256984
7966034
5949410
-5466089
2030144
-1254021
-4702005
-4303553
7025236
2164158
-335479
4835795
-739875
958671
4621823
4571899
-2457681
-2825602
-5039776
-5490720
-3895452
308432
506652
6484489
3582743
6396062
-840239
-2315461
4691310
-999505
6167251
4291692
701741
-327824
7290803
3981022
-1113506
4799680
-359067
-2275090
797798
-4204422
6397456
2608507
4865753
5665189
6049037
-1642158
1661046
-1325016
563062
-4385644
-1398740
-550704
3388665
2242944
-3138833
-1000277
-1630936
-7037547
3105929
7844455
-484260
3371077
4490511
-4620653
3795793
4494358
7041319
-2224398
58820
8111823
-4380930
-3915238
-2624279
2312233
-133284
-750469
8307961
3400989
-1708611
-211366
2512075
-2200261
3824220
-128605
1197191
122696
1772486
6290428
5091849
7310192
6839908
1535134
2995170
4912968
-348137
-201451
2413240
4090919
357871
2221532
1848267
-252380
5876699
6652879
-7098130
962474
-7211755
6951377
-2812514
-3929858
-252459
2849771
171696
-6411779
1530136
17880
-585476
-329001
1250097
-4046444
7852528
-7889678
-48049
2963771
3898435
-1839814
-1008777
159856
6293596
5760383
-146718
-3090051
-590018
4704823
3132651
-18304
814985
-7794710
6695353
4952818
1342975
-1672985
-2841962
-465870
3226423
755444
-3343981
-1201325
-1796760
1795717
-5849441
-568045
8382807
-4057749
3652787
-1943686
6179326
4485583
8151046
-89047
-1649029
3300313
5786391
-1807126
31041
614848
-1517387
4085304
2372549
4079103
-639006
7464319
208282
7030578
4031616
-7763611
723554
-1502193
-6957271
-5069254
1998084
498559
5232965
-2690905
4061033
-6136699
1794817
-953325
6390963
2250029
-2562245
5258626
-545456
6946012
-3022119
-4612825
-3638711
-5865001
48350
6228622
3199104
2780391
3802199
-2295347
3013773
-2794023
3709842
-109257
-1959872
-3765256
4718446
408867
60544
913469
649559
705768
3037293
-230181
2390988
-4615627
1577155
-3690213
-3890903
2703852
-5534215
-3757163
6388563
-296003
-301936
5197568
-3203946
-1787648
-874306
1597424
7717976
-632928
-2767699
2295560
-1488734
333224
7038960
-5880711
238982
170179
5357070
-6830680
941250
-4075266
592654
1786410
7704438
1540398
2326345
-4067666
219550
3288566
7450766
1527454
-703919
3202730
681385
-1722927
3881501
-57634
1894002
-6779528
828258
-415476
2670293
809478
-2670183
282112
7891430
4340652
-69653
-3102179
557652
-2796613
2429131
-841598
507266
-1415272
2141534
-728480
266405
-1817180
3343876
4099756
5668549
-253128
708196
150124
2851084
-1084556
850893
2765539
3565964
7213623
-2036785
-4575612
-2800223
297357
-5672565
3578556
-2606814
782263
-202573
3568110
7332029
-2472019
-2478605
-3968876
3457383
-850918
-435823
-6494835
-3239421
-344389
-5646191
5612000
-1423729
-295721
7861955
1793706
-4553260
6972830
-3421545
3598486
332521
-6454507
88417
-3285103
528485
-391412
-1371119
7807203
4993536
-7228460
-4463732
3963718
7456113
-5759058
2080955
-4037390
3871097
7409666
4334934
-100502
591683
1026510
-1534942
4463404
676620
464950
963181
40443
2472237
-2906567
119426
6526967
-1985101
-325571
2471245
377733
1815304
3896304
2307830
885917
1604697
-2347142
3387724
928370
4144864
-6706250
519643
677356
-273546
687657
4040950
547557
3218270
-1082440
4783674
-326025
-1794917
994589
7277073
7947041
-7003
-7535085
-2910011
-3561087
136967
8336885
-6111929
185669
-2054209
-1396146
2774913
3203595
5509423
7659071
325485
-4176038
-164152
3947045
-1539834
-571147
-2494804
5767975
2270785
-4383293
1066180
2821326
1710147
884573
-765405
6812683
6675936
6447080
-1745909
-743232
119149
-1044060
-3149913
3631655
-2502258
-4236653
4799124
1100307
-3361303
-3963321
-1549310
-820579
2863544
6188075
5838623
2065295
2744145
-6362081
5738958
-3103435
-196696
2598982
-818759
2383890
264090
843877
-2827816
8337745
-3939179
224976
3511955
-761039
4482109
2375946
1317628
-2444422
3200173
-3401673
-1906050
6898694
2010754
6726477
-3215780
-2949231
2561363
611977
5040870
-267166
908639
-111003
-226410
-1538395
4599442
1723213
3648954
-3710823
7958347
2773867
-6889598
-3222357
2796964
-3163936
-1031054
505765
5239796
70479
646986
1797001
1476150
1984336
4170168
-1050258
6925093
3424700
-6655448
-522312
5215045
-2236257
-521573
-5578151
-844358
-3574266
5131521
1974897
6512459
62633
5923154
-8001587
4054948
904397
4458095
7185548
254504
-3662395
-1124801
-1964603
1320676
500291
-1159023
1220766
4609984
5297972
-6556319
-7507949
312643
4777966
-1338770
1928773
-1067177
-1173610
4535094
3330464
2922338
-4606970
3603376
-347316
1382990
6617805
7061774
3189080
-2509690
-2721618
-6814021
-921158
2215506
-1928708
5254313
779333
4210340
7424493
-33846
-640097
4406855
-891472
-1506172
-2062672
6329767
-600709
5047895
-843388
324967
3244735
-464089
-5968160
-812195
-3426691
2691187
-524246
7244155
-295798
1411158
-6736788
-311616
-1182906
4671522
-150125
1943918
120165
778583
-1298225
2523521
4542805
-689542
1415322
-473166
-12965
8453504
4559635
3941572
678314
-3715212
2496025
1474394
-2966557
3431469
-7142978
415666
-3799330
3989707
5028267
568500
-648678
-7346299
326302
-155348
796755
-650574
7563700
2023560
1588363
590871
1564370
6643453
-1111589
6880101
-4150769
2985430
3774449
3737117
-5088147
5914429
3923232
386154
283235
926106
-3329524
5893218
5879840
-373664
8087819
1847387
1345547
4717001
2453853
452010
-1920103
7820310
9065223
1823518
6321271
1497377
1109321
6833834
-4351712
-6582199
804283
-634346
6234518
4774875
-3471261
-6863458
-893181
-170352
698477
-887685
3197480
3241622
13703
-4830888
-183930
-3115821
4196732
2652886
-1223861
1037132
1015926
6322560
691053
4697192
3782559
8116236
5611838
3270249
21951
169675
1832076
6775707
7127980
1364747
8663128
4518767
1407269
4340785
6114075
-2927945
-6641467
-6895267
3911353
6251085
6826947
5061610
4670859
-1417254
3723625
-1221869
-102737
336871
-2058467
-3627639
5599410
4314007
-1678114
798746
1446686
3664909
-6236581
7088872
434101
33047
-1378
-4820398
7645068
3576622
-1655138
-2522297
887679
5881132
470827
2657995
-452638
685486
3851796
3868297
-1703241
-811980
5435395
7492271
-6504578
390609
1425159
471177
8118790
-645393
2677629
3812779
444203
7338873
5541725
5907366
-1176284
5768681
3118901
-3619621
-2296572
-3215994
-1924588
5617950
-411051
731585
327627
16203
498075
3762595
3553588
7842285
348620
2367168
-7396394
1770802
2546016
-395599
-2620008
-4592649
3533957
3397392
2202031
5484766
-2245112
5412718
833023
218950
397458
2395623
3073183
7655488
-1174898
6576205
7592246
2568789
-6892786
-3128642
2002444
4425228
-103791
6214881
5519099
4741019
2535518
-4044024
4465049
251942
348931
-3507223
7753099
-3679613
-523374
-2285158
4420807
-3536072
6014231
9335861
-7273957
6447201
3809155
-618236
298595
1814101
3151887
-3235676
-3921302
1357661
510476
4230982
-630694
7638617
1011345
-3293655
2580067
-431941
3008416
4185639
6764856
-5544521
-3879515
-1657703
-2647337
-6280104
2185963
475020
-2891316
-46927
-7596188
3157050
-7024127
-116321
954207
6746052
-2318768
7728991
-2916035
772616
4921323
719687
1103026
3319202
-2205791
5375727
64316
1654006
8529265
963382
-5370451
-4858801
-7086572
-3290102
-3918909
-6055210
-416536
4263279
-1401364
3009020
-7288371
799175
-1162586
7480649
-137922
823332
-2431185
-509638
2696489
3622727
1335347
1753874
-5491028
6109391
4085559
2808826
-2752812
-49226
5170549
-522905
728916
-5832742
-831670
-2698666
-939867
-311761
1555701
5618288
3838416
4106178
-84137
1165963
1952818
472477
8682883
-3606329
517626
-2338071
768359
-1959053
652480
5930564
586561
3519515
875913
-5456640
2549065
2691733
5249225
-2823527
279450
7720962
4670977
5356551
-781797
-18754
3576755
-806721
3673511
2160866
-5086459
-82275
4152347
5314482
-6980224
-1421035
-1607145
-1645207
168419
7316977
3781850
407339
2013201
712377
426337
-8145067
197343
-1976594
-2985487
-4758237
6857521
-3193845
-6950375
785434
6261470
-417921
363154
7239897
-3374744
755125
-1293070
780997
-2005119
-2373323
1232930
43523
537411
-2124636
2901687
-280245
-6214570
-4384858
-2251412
-164718
3609272
256270
-5288954
-3743716
-738461
342887
4557310
4479295
427914
286567
-1672550
3556701
-2358855
747226
2887047
6158376
-453528
52148
8836541
-3250312
-4191010
-6218389
1912549
-3029059
-958754
4930746
-3474618
6020077
-5308441
-1427936
-7298189
-7629443
3962665
6714931
2694368
2201664
827
5148824
671865
240961
3261184
249766
1507852
-2565251
5092630
2454425
-1363191
6688115
-2678446
4363025
2701055
2975336
4574112
-574005
-3763095
-2565529
3764469
6030623
998297
2826730
-1684205
-6589081
6524873
3075221
1665367
825764
3528541
3617300
-848639
609018
1420881
-728738
-1719990
6713660
-49133
2731518
-2136808
-1121514
-1059256
-4819994
7440685
3824435
3040270
6427342
-2124823
6865902
4978869
722292
111508
-198173
-134405
903796
-890682
1681474
-699948
3401859
151058
-3284412
7333553
-3366978
3795321
-1626321
4951386
4793794
1607836
-1072942
1340859
-731082
-3731166
-2261842
-5640582
-3010036
-5055182
4059097
-723769
137744
-3220800
4421086
5878790
885854
2817599
598496
824623
-6425862
-931768
1007393
-4482538
3557670
286668
7476388
-1689375
-1310029
3494346
2599416
-4402892
4060371
1291058
974367
3189683
2571491
4693925
1327108
6447232
1206088
1277701
1158084
517354
1368798
2377248
-1424052
-1793940
-576286
-188362
-7060546
2152553
387964
-372068
543144
2507178
-1072972
-3210615
6245897
-509355
6150124
781580
-454683
-1751580
1096419
1152041
-396290
3340636
984472
7218902
3070219
7103208
-216055
6833313
-629500
424630
-1247393
5537504
-624449
-671513
-2949554
195057
6804865
3875436
-1144851
-1431587
3928681
-5377766
208214
6438958
-4511367
1181496
-2480103
1999466
-2145835
-591789
-7876463
870086
7464227
-1037922
2851199
3162842
3561147
-321476
3813944
141809
5002596
1070885
2465643
2746080
4493916
7923747
-903405
-6218505
-2239418
-3187685
6381608
-6307767
3666960
6547772
-6383342
415917
1698560
-578289
1053206
6127670
3700087
8144150
-2960145
-4491344
-3761683
-5640124
-1190988
-2659031
-4573783
-308821
-7437304
2048649
1310115
7720881
6022013
-5338107
2369062
-354677
2641563
1525992
4669157
2092818
2466742
-7465948
2547901
4913155
4842643
-54661
418595
-539946
-2306836
-3519643
1317308
1504480
-611515
-440256
503093
-3330065
6757133
650848
-2252509
3311873
-105706
-3449563
6354831
18891
-1377208
-2512894
6509207
-6281733
4979459
-1676653
93420
7466502
5774401
7673743
-241591
5026157
8507563
3372912
3017433
116798
1576843
2437348
-592231
5128940
5699799
3532993
-1077409
-2715650
3127207
7833948
853486
457934
-3163835
5031407
-2476388
3917978
-2780852
-1291254
2710450
408475
7174691
1964131
-3748358
6864887
381658
3791150
-2699701
3932064
-4215627
-689474
-1392651
359054
-4574536
5437209
-6685178
2966876
7985722
-1046248
5964293
-6096698
7163443
4019449
1495551
-77419
1829040
6047441
2150007
3935120
4575547
-366302
1940813
-3742968
-304635
3936187
4498598
3047695
472862
1054462
2800507
-6215095
6320759
2287652
1340192
-928483
-946414
-4106044
-3179904
3104060
3476466
7386503
2478259
2595929
-6134672
-1009680
2425400
-675072
-1520177
256731
1402376
-1205468
5937429
1500271
4347842
416569
8234941
5035903
3555183
578358
-2914826
6590648
1014118
6549981
3555674
3364785
4350462
824814
-687021
1193867
-2028527
-3387003
777210
731002
5335640
8030073
2765000
367480
3901924
1210966
5639560
2584188
-857487
2610225
-932543
7056750
1378177
7343792
3089521
6603299
268739
4339081
6433542
7065728
-6053711
2976289
2101477
2420660
-1204482
508485
3268313
1186953
-5308777
446237
-1382807
702650
502361
-5398631
-5261588
6302670
3929036
3129058
-404808
759831
448046
604388
2519460
4093600
-582593
1045987
69281
-911581
2303414
-746391
2431295
-894098
2957478
3286136
-776539
18552
-2620631
2037942
2661556
1337937
1754129
-481710
-3126696
6316751
1272228
3987736
-7202606
-7362191
3418900
5673466
-6896094
-4488287
587294
86663
-1761109
3732013
5215854
4271809
259876
6222566
-3363648
4343122
-6362046
-4531538
8385560
-169417
4237511
7571815
8927811
-230934
5696076
899684
-1565903
6118132
114949
-363885
350346
-675672
-1049989
3533513
3948817
41850
1852738
1981274
3472352
3892299
5149649
-4679973
2471068
957863
-6907007
8759503
-158128
-3269071
3821683
-4918448
506741
-3333832
787009
172531
964249
4246
-4228167
624068
6960649
4440846
468476
3706184
-1338579
-244625
65815
1031616
1678858
-4518088
3622740
3758316
7205943
-2143482
1464590
366849
3401797
-1233393
-6778490
4461669
3882193
-2081881
-4212478
-2225694
-630601
1823186
134350
-81881
-3933751
-721325
-2692757
-3659331
627898
-872348
2017868
-6252812
-1872384
-145511
-907620
-2024896
982940
-6614641
4965561
5629399
7572659
2816623
-1373829
-300877
-2249626
-2198502
288687
-35333
593592
-3017653
6687266
7411728
-1770132
2644699
3750732
-5740096
-4608879
4465422
3333816
-3425669
-6309741
-7105723
-6980123
-1179783
-122254
-2137599
6699217
-5353634
-1021695
6910765
4052214
-2996334
2774931
134098
291475
499099
5384382
2071648
273515
1017782
3247059
70861
-3209975
-2026597
3353085
-1026404
2166033
8596061
818127
7186272
1350561
3530425
998532
710959
824765
2912016
3833345
1787057
-35157
-2998365
2827311
4018444
-588507
-6298615
-107270
5960767
3017470
2793862
-3582235
5869264
5245626
3985551
-95164
3354768
-533200
1580931
3166656
745745
-3344604
7625094
-7893244
-4906259
-320123
-694785
-7023519
-278941
1127659
1277057
7217137
2729857
6280006
-992467
-967495
-2041613
-1241423
-3705052
228591
242561
-3893488
-581082
6298624
-3098348
-1381151
-51412
-1061894
-5833523
2148462
36480
7048673
4302357
7030641
2208297
-265445
6861365
518353
1933516
7850161
489809
1271261
5785555
-199985
-2686594
92793
-808844
6408842
-5911571
8838837
8780158
-2164041
1258790
4260072
4825735
578371
1230408
3402455
3241965
-572846
751359
820158
147926
2926925
6481917
4843104
4017138
-272327
-127351
-4379592
-6227219
-197815
-1378155
-1610324
8142183
1837085
-1205942
5998002
-5942956
3650485
1397139
-5829393
2578594
253784
694610
1536445
-6465293
6909879
751527
-291108
7082182
-7905165
-1461956
403084
6351577
7521437
8014153
-2217813
164348
-382455
203254
1095012
-4647637
4425464
-535258
3371809
3725942
-3872168
-898157
1241485
-5975351
7889111
2427764
787294
6419872
1337805
-590486
3454916
-509691
-3381571
-548845
1121543
6673629
-811415
623983
5909500
1370374
3666007
1566113
-1316795
1483245
-894603
-225214
4366742
-3382540
7678919
-4875589
273964
-3610209
6391597
2722925
-1617807
-801138
-6230136
-6155423
-3257093
48579
-2537613
-26386
-2003317
-2724824
-2985665
1425640
-31500
-5955240
3791998
-1013861
-39944
4034662
-477767
5543560
3477599
4995559
-3086933
-1863577
6725391
-202768
6125991
1564602
6021469
3183627
-1197425
6930304
898356
127783
-4826729
3583525
-360605
-1033647
-2885681
-416210
7513723
6674022
213264
688198
-6172829
6854602
458417
2295445
-20391
-1879855
-1378965
5694475
-6108224
2986052
3755325
257598
-1727018
4593665
6612739
3196046
28274
4758587
-2150181
5669813
954374
2853055
-406034
-6741864
2953737
-2764984
6114119
-7213
-1655161
-4516978
-7215681
5361911
6673706
4880833
6606062
-6316316
-2302003
-1910449
-3739430
525295
-973785
-322977
-2910905
2829778
4563092
2643006
-1415873
5796177
6737476
4914802
2275115
-7384844
-4936806
7264018
3254342
634165
4103826
-5362276
1233582
-2201205
-2820215
-380617
6343253
7923176
4652274
-7823775
5555632
-295338
-2190202
3501154
957056
4779157
5476295
4097635
1805706
4963857
24485
2879763
4434357
7249812
-7130067
-1571053
5017580
7503455
4756835
-3021390
3053225
528275
9001903
4577220
-1150576
-136703
5753922
1964008
3250899
1324242
98183
513146
-1660661
6786804
-372868
7032715
-2693545
3301922
-6499355
-1130994
134890
2537537
366633
7561813
1302430
-6583957
-2927396
2847625
-1086870
-5339169
3440878
-993923
-5168344
-88032
-2032672
5151957
-2663485
1799188
6589196
5153686
1552944
-2062609
6825577
495623
3447847
1700381
-2217511
3460049
2586553
-572586
-516146
-2464351
5912113
1623024
-3617081
-3077748
5619618
-1009693
267799
4336791
2828395
6360696
-4917833
3984189
-706717
-56948
-892005
8175983
125317
1006177
5347546
-1535642
3830949
7821194
157905
-1932762
92077
-6128934
289249
3000190
-2410656
940797
-6048076
3378888
3720160
191742
-7072002
8788294
1602508
-1718291
-546029
-394159
1624903
3709752
770861
-7310892
5738144
7317508
223118
-3138126
-2664096
5891334
3656378
-7140434
1935831
5897866
2273738
1924065
-6002831
488282
545406
-322075
-3129808
-1653439
3116598
1310475
3735418
2925125
-415311
2986125
5027722
4702534
2779623
3238443
3922120
3707804
479291
219043
3173832
1958893
-1271620
-6585791
2684733
-2197881
67770
4939988
-695434
-4127797
3134551
-5690934
4363374
-2156558
7488931
6331610
1874566
6687131
-243183
-1124704
1181596
498494
7720079
1561300
-7187650
4984793
7092193
940557
-4378629
-4622354
390431
443070
-3145493
-414284
6796765
248872
-609
7282319
-687255
1369373
1596561
7659901
546077
2876896
5534126
561584
7338652
510723
6727002
1884357
-5975936
1462844
-769582
-1810060
5748882
7525428
-4945124
1314285
-457306
4139632
4405570
40342
4104838
7711659
-6707862
5273316
-1544695
-1866372
-2616119
4504277
5783524
279126
763043
204223
3628059
-7284061
3264450
982442
1726428
-1067975
556324
1589992
2191204
-589992
-6122536
2936493
1463971
-501601
-193536
970436
-5343516
-4297841
-3446669
-1919463
6402861
-459958
818769
-1768735
1139541
5672943
7276020
3467613
4540198
3447712
-4866076
16766
1574139
-717802
-284596
-1718376
4451026
2823483
2071855
756005
-3707365
-6054639
4268176
-3604591
2511095
3611644
-3490934
-4578209
4127100
-488014
41663
5182841
5027976
1354127
-6278707
-153813
-8562383
-100571
3779258
7915914
4837773
-2737806
-7150588
3778736
1062372
64785
-4170654
777540
83216
7244489
4221453
-2447970
753753
-5074855
-689601
-723483
818962
1764920
-3492
-300525
8582418
2838113
1398273
2837543
2999863
7772347
5970618
2532061
3056418
4194661
111756
6267457
-376856
-246359
-614642
10547
3425051
7611700
2982149
-3510620
-2276635
3837113
-987152
4686771
4418249
-1330659
-4009328
-2568751
4781500
-252704
-1388536
646482
-1598596
5902753
1191379
998242
3342030
2926278
-1803383
4334707
1009530
-1778719
-6403596
8464689
4630321
-2353105
2639240
7450743
-4684847
463574
7407595
3291863
2352506
-454229
3007327
-2299274
-630461
-3361774
-1675556
-4765845
-2059262
-4351364
3553110
6752443
856982
3483741
1387781
-6131214
3987617
-610465
-1404707
132987
-3355318
443009
5212270
-706483
1312156
8155910
5820129
1147229
3989522
4226971
-2368990
534408
44520
-1749013
264991
3241250
7691213
-3204940
3810963
-4072154
2897216
529625
-4144015
1468508
-143337
3291642
-2634160
2299138
6750906
1160181
3643094
4885054
291000
-6702701
2819824
4110143
-2037063
1598001
1499559
830784
-270462
3003783
713488
587750
3119390
-1620227
609370
5671611
3677731
-372560
6840118
-4029281
-279456
-3088933
-6772802
504905
8188704
-1302498
7637628
-149215
4256841
-502701
-2218722
3328871
-2595737
1234727
-1064838
-3811824
1161388
-647844
3937969
6150565
-5858589
-5872249
-132511
-2566991
-3041406
977751
-1316301
-6450258
5447957
7727491
-514938
-105742
7372094
940605
-1393078
8856822
-602893
2815806
421407
5894264
1314241
4568029
3732703
5332907
4426729
-2049909
7353232
-6167829
125407
-549926
-81334
2252612
-631821
-591035
4247188
227306
-309726
3756451
388722
-3244550
4806345
-4043181
6377933
4031890
1599080
5977600
216889
-3087494
-1091184
6296175
4111161
1812504
-1197815
8009636
-629637
3198030
-386126
4348047
5593532
4206258
604782
-2427384
-2917024
3675899
3591146
3331764
4541586
3714393
1656382
3696148
3263042
73626
6575388
-3325031
8859
6681675
2273631
1592909
6308940
-1260920
7263762
29487
1683197
-1368829
-161970
-1357984
3891253
4102554
-463956
1406572
5510314
-1754289
3214475
-3705316
-362842
3187108
-5041391
8389499
-1093910
8496885
-190713
2560291
3604520
2095464
4133930
5102944
7646498
-1662285
7330882
-4533097
-6048831
-993763
5008336
4004161
-1084803
1387040
5566790
-1284972
5016041
32898
-4665807
-2271360
4178010
656758
1652162
-4006282
1398309
5063652
2037141
-2726789
879885
4322582
1573229
897316
-1908341
-3473897
-71589
6327257
6195389
-1680564
316489
-29615
6848792
793482
3270760
-685344
323709
-2517411
-976523
-483740
5811426
7496907
-3252969
-4404604
4517835
66180
7868751
2690422
-5634123
134890
4271808
705628
-293551
1382632
-3452566
-2372525
4117921
4090330
5402262
2297376
3481139
-1274377
-245308
1075326
7921829
-261885
3213812
243225
-238607
-84814
-4361823
482771
4409555
8367107
539919
6879028
-818933
20413
2191257
-704993
-837004
3763973
-5771701
-3636916
1296519
917114
200762
-2870857
1110669
-3466071
-774353
-981129
1008825
-7091127
-3299907
1154867
563834
-280260
4044210
4259590
-2423136
7685310
-4492127
-2312323
5680412
-618133
-5602070
5461160
1907756
7918082
3690348
4455638
743744
4357336
1760273
-216617
5205850
3752603
6552460
-640784
-5702063
929999
59532
3591210
1884809
3416079
2048496
-193645
4659025
-376709
6851547
5563699
6294170
-2487778
805652
-1893338
2042087
935777
6863225
811877
-685534
4015140
6303942
-6109796
-71387
2003101
4654087
7954281
2456827
449443
5733538
2724078
2419746
7530049
-1021407
3166122
734815
-7159356
-5591641
2568120
-125591
6637279
-6233986
3331268
-114889
-298811
5961711
1122838
1431518
3710280
-2947491
4372025
-426229
-3493062
973202
5726231
-6688186
5727574
14532
3790219
320109
-3712487
766836
-2245025
28778
4200476
6858858
2439285
-4906319
7210484
381823
-3474205
-895695
-4300755
1688907
-196392
4007522
162475
2700681
-619882
425544
7767699
-3858621
-520930
7469231
-846226
-2616641
3636485
-1643784
6640385
4309618
8637509
-293765
3959950
-3461008
1795155
-2587052
5823210
-54661
-38182
-7858240
2942213
2094466
1935477
1392787
7211167
22160
279849
4256150
-2435727
3698637
7014492
4960916
3918993
2083155
2961641
4024769
-182360
-6105297
-116459
2939994
6152187
3649483
-1392171
770240
-3990479
5430643
3594707
2265198
367430
363116
-4330487
4173632
7672335
-1042404
-3853846
-7742443
-981725
7079043
1959304
7687451
5910725
-1377851
-6741261
4475456
5892652
1567964
2270453
7405277
885859
-3001391
379924
-289024
4086057
1759037
-3310769
175719
6039896
213674
2066151
1214957
3380108
3444585
-485474
5912275
5096151
4758112
-1114667
-111148
6817804
654388
4253759
101743
1139618
-2520296
5313747
5110462
244242
-569259
-888020
1581094
-5287380
431645
2529568
3545878
3124365
6881816
4733187
-6102007
7506102
25274
-967739
-2811352
1709391
2548770
-3643693
7145573
587782
-6411354
3957321
2131581
-3403435
2389702
-5556059
1523863
593283
466822
-6648130
-5801670
7293649
5171139
3133468
-1884818
-2361194
6340306
-993017
5840343
5167727
-744785
3748923
-703478
-4240091
4261368
2098645
-4039975
3130332
3869524
-2661967
1873545
5670085
1217268
-2735426
1220487
1563745
-1769112
4887901
6650330
1877250
4102179
3094717
-1751308
1723293
6360356
543688
-139989
529489
1658588
6907129
-6417644
-3564419
5776154
-350206
-3378665
2291380
5873797
4796656
-1946677
-7044376
189821
3031848
-7905327
-1341297
6416005
-198780
577355
2128460
6869348
1573708
-5774399
-257539
-2361181
4003043
8136577
5592940
605425
267548
189603
-676133
4641788
7163623
4515502
5343220
1535150
3932815
4411471
972146
-1045349
-362156
1523520
1053298
1827047
5169773
6539247
1011894
27808
-5117997
-615225
6492782
3761159
3966779
4140703
7390587
-1532177
-5259627
-2307728
1414093
-120251
321962
2958005
-2084054
3430679
-6186761
-5330107
11597
-188062
-1934326
-480734
-2198068
703486
814172
3773721
-1259207
-2321439
823183
681647
877183
1235938
-6727862
-472517
6941139
-1067856
1953097
-2274654
164822
-3749568
272404
3392614
645850
7291169
2114752
-900922
964390
-1347554
-4012378
-6156922
-7095909
-717621
4626970
-646142
1321630
-39046
8191274
361420
3119321
-901842
1737008
-5558502
-2513118
2700355
607874
-3159187
769589
2696564
-1292420
-2770869
340504
4648311
-796801
8097921
341458
-8062234
-28454
4625078
7804454
-2119129
403007
584165
475411
8320349
-2459276
3277749
-2123095
6097758
2386261
-5527329
4425730
3398478
-1467774
351369
-7460136
8100763
-341063
192006
849745
2188188
3880327
-3073546
-1019830
-772132
-1070901
-1204035
-3482883
3517215
1405293
2168288
2829986
-312008
7186625
2501121
5716345
-3321955
6822477
716558
1238145
7772593
4952587
1190121
-7006884
5103625
-2950879
-4714653
3281274
-6923036
-935772
-1106330
392339
3924998
2438846
3827407
4910825
4111814
2224384
3952783
-3266290
-3581715
-323483
-609325
4450169
-4568329
614902
3313680
7541368
-2100372
-978240
424363
-4411880
565596
-3929680
2226309
3748901
-5902839
6877861
-5296406
1314438
-2440877
1257984
3466780
-840349
-727578
7991492
2502034
3977597
-103242
1874082
6628713
1049430
1799911
-179139
-1449287
7011951
6144016
-5273967
-278582
-841864
-1736856
6577848
6196729
4064528
-1813263
7764153
3011717
922725
567892
3118593
8130406
725175
-1197585
8458838
-5282910
-1128303
1171426
7235021
91097
2466971
-2007087
-1564875
6436950
-186169
-1101633
85568
744914
6948768
6977545
-1063828
-2449982
6035500
4311533
-1624683
-5085558
2892180
-1859020
5219257
141010
1174351
7162261
1961580
-3359480
-3154412
1186757
6326676
4543827
3422287
4786452
8791755
-1593467
-571674
260459
-5062274
-4548650
5691593
3834888
-234143
2151575
-122027
-2013192
-6798549
170767
207358
-1850902
-3022692
-6403738
-650992
3405346
3120663
3851251
430230
1235638
5997572
2271037
5912613
4330589
62951
-3625717
1394162
4152087
5148709
3489626
-833496
-3197475
3984018
4636081
-4055561
46457
-1667847
578724
1388219
-236028
68870
7588192
1239460
7229848
3697529
-1154792
3404171
-3773226
507305
386932
-1567690
2460735
-249994
3690995
2966882
-216866
246151
-1932810
-2729509
-4789254
3760267
2263264
2348107
4363077
555444
6108002
-4579398
3264443
6326876
-2882766
-2483276
-6648122
230334
3286654
-492629
-630980
453086
1759626
3110999
-3254409
6260115
760714
5957681
-220280
-7289245
7591961
3647500
-6453594
5892881
2487309
3887074
6038103
5050721
6834843
4135607
-312265
-444476
5739074
3437090
6474274
6852213
-504726
-2552619
5860063
-3856800
696096
257812
-4808451
-835783
591075
-431642
8141704
2683718
-1918706
821866
5599215
2204465
-369066
6799134
3955307
1063015
6638962
6934142
-1004483
3724666
176143
8195039
809167
-6451929
3136742
3143212
-5630152
4671954
-492209
-1263396
-399951
6938123
5090178
-1627446
-3208268
3910497
8195321
-3529352
-6500023
-1918625
4329454
-2929656
-320181
-3736918
6853458
-878776
2241270
2798190
-2925419
4705212
3227776
4018990
2232344
6235009
-5506858
-777182
-4687845
-239025
-280407
635207
2636615
350000
4234218
-6295664
-7390098
602529
-3140467
670297
-480997
-6816016
3960636
-564418
4089325
5956441
-7464701
6725962
4003
-3372668
-3948757
-271019
3545997
-6380123
-699060
2406335
3652128
-6164875
5541898
-232141
-1657519
-1015343
818131
2002106
3791194
6902737
-8828353
2848585
-4646289
142403
-3933181
5247136
-6749818
-5148280
986823
1307558
1358621
-28332
-140736
4040842
-1352963
7113812
4221933
88927
3320120
4028174
-118408
-6608240
-6199349
-1893959
-39235
2862619
-573626
135528
2518826
-2181623
122959
5752300
3588351
-445510
6707807
5656720
2192659
1236321
-1417441
4211505
3924446
4169075
7563191
-1592038
3312335
545091
-2447489
900415
7735980
-2818185
4043714
26814
-5823167
305551
2627252
3872669
-6588502
-598062
6699503
-4073565
2419483
252268
5106321
-2951495
-4423292
5526446
-4664192
242346
-868655
2037909
4264875
-933140
6231049
541836
6111852
-36035
4361114
6572264
-1254777
7278615
-3873325
1998537
2063631
6409503
2947132
-784295
-2577071
6646108
3564830
-1184908
5881748
265207
-2637776
6900802
3687881
38734
-614908
2286509
3632189
1550949
3991171
-3965176
6474234
3506612
4099235
5892788
-5824009
-1271499
-3178335
455241
242313
378168
3430451
-1945873
6772762
-3214597
189418
-4100080
3908225
2990974
2147384
3454692
-3432493
-3633
-802892
-7482909
360515
-226039
-52547
4906833
3585067
84959
5056381
5898518
7190982
-6950517
2049025
6157885
-2652777
-20164
3238695
5607686
-2815842
1030439
3927644
-4238982
-80052
7427278
7782256
1200464
-5823517
-1596326
-6380824
2244273
-3642034
-7119326
3472797
3633974
-5384522
-3862444
-5545983
-2236932
2901514
4374702
3933716
3100023
-4222601
422598
-3212730
4740486
6943273
4786675
3021858
443787
-285078
-2688334
659911
6371205
3017789
1655760
-124940
-2393421
-678428
4230527
3328307
51523
-5667856
1091350
-2668714
6054967
588974
-6584106
1022502
4689235
3928987
-5295105
-133273
1451646
4000179
4146155
-35043
-3361937
4895964
2055347
3679390
1090766
6569958
423313
2604608
7081865
-940315
4067771
581980
3600846
1548042
6482110
3008997
1943198
6218153
6527819
-963056
-1278142
-4789946
877248
-195277
2486193
-981298
-6555212
8223568
4668913
792988
-1064912
-6720922
1299801
2411760
301939
-402678
-1589153
-2324417
257243
-372573
-3179710
1322774
-269170
7622857
4297890
-508458
3847864
146247
3339874
2240199
-5865279
3795159
4312457
1880578
5522810
3740340
3928262
3727283
-2516090
-875169
89786
8774567
-1793971
-599726
3797365
-6107221
-6708186
5417837
4890653
4131856
-306492
-5371845
-3636919
-1288277
-178132
2864192
-823816
-6440210
-466104
4961910
824149
-3851521
6894365
-3442473
371536
-6965028
7121614
4788473
880263
6643072
-2207798
-1367115
3542706
-448148
-1837227
-6284936
685587
-128938
4065647
5209400
3782837
3990064
-3211525
-3635168
7194234
1981784
-436356
-6535714
-393695
-837638
5801230
1272036
-2601325
7535427
-381767
1200450
3371631
-251052
6547004
-4034045
3718597
-3471244
-5554723
-2248083
-3260280
4623324
-5575258
-476541
-1331708
6492242
-6997079
6232104
-2402847
4518709
5588692
5887979
3931160
694602
-3004070
-1155949
1457832
3421464
5351465
-2723985
-288741
-4521040
326038
678835
-1312595
2410329
1543004
7336995
5501786
3403620
4053703
1196446
3528649
-5066106
674934
7041820
1011855
-1606915
3666073
3791223
-3321057
-20976
-3279594
3062924
5908058
-6846648
-5102088
-1534735
4553564
-2042312
192672
-6191922
-5046592
-395442
3043014
-478116
5343463
-477548
47851
-2539774
3816079
800869
-2922635
-6794380
3815379
1449231
-229328
-183478
78402
6496119
-427345
-4249301
-470917
-3021459
2394697
1398808
-979773
-1944990
160281
-2047242
-862332
1166502
7361987
1430673
-1593609
-2485562
-2497138
5059018
-1735209
212251
870356
-3139681
-765195
3292796
3608264
2161836
6373264
-1120959
1613151
8563313
3982408
-3517727
968495
-1692051
3135170
-1151056
-106858
618720
6834622
7401828
-52996
4776202
3079229
1248938
307343
660965
5129925
-29237
4608007
-1537330
454967
3317631
-414969
3778891
2832089
-1358360
1611142
449579
663033
8605194
-1245925
564483
-341059
-188275
3408759
4131170
-6453861
6369524
2019736
4559675
4793580
-3026541
6299508
1222194
-4756192
-441511
7663713
3241515
-6278013
5301278
-3122532
3586936
1366754
-107434
3479912
1933006
3706890
3881495
956806
-3056908
5493200
-1271547
-1548283
1686121
-580942
-1606596
4231092
-1974115
9164224
4136853
-4501377
1381992
-428744
-199740
73437
4538114
2076875
536405
3396512
-7067214
570824
300265
487079
-2538967
2951991
769084
621931
910798
-6139215
1619834
-6938665
-6340234
-81047
-6475732
-503626
-117835
785721
-4160896
-1443830
-6218293
6788295
-5317022
2436917
6284189
3854628
2549160
-1405894
-112037
5014360
6646196
-746015
8014299
69240
6885992
706342
-3201714
-403091
6702515
5131359
2483826
4335153
3014650
7871334
2391024
8009094
1787655
-4016013
7397039
-5110808
3471036
4181362
1049737
3690624
-3297854
5174053
3659794
-3780254
3453889
415923
-808843
8164467
868261
7538625
-766464
2480244
-757292
-180318
3565609
2579469
-5286159
1286135
-3317507
31765
4107572
-2994199
-5598766
-2659436
6342497
1281859
2854226
707481
3294205
-3065312
50137
3298169
7167316
3667279
-113831
3656024
-631271
1843060
-761377
-2013169
-1584658
4237102
3239695
6944528
236502
3331883
-1312955
-7168003
1329859
7841675
4967778
5453056
-5614977
7302697
93315
-4764010
6666810
-2186835
3266051
-2449498
-2646974
-1420349
920702
534319
778007
-4772261
6322841
2329893
-1537469
-2787551
5009234
-407506
-4057457
363019
-2376062
1217482
-267427
1575921
-2119303
3838647
-2243129
74511
-5387397
4731565
-371015
2578046
4189951
3019410
-4746625
-2604469
-2994946
7165324
-2068490
-3528717
-474657
4330361
-572534
1879061
1886368
-1331562
1749846
3638823
-3266591
2425601
3600287
6150076
99276
125290
-3815030
4916164
-4573182
109455
7168126
5439730
-505513
5841939
677967
6584549
209948
802932
1494875
7805132
-4661715
3161399
-6631052
-323429
7350361
-5834469
-5105151
-1624460
-6650186
6887680
-976738
-2777281
-3792277
4153398
-1332442
-1665716
-2605537
-2006400
-1753788
2971512
-3938045
7968627
113049
5813929
5362185
1446244
343690
-7064213
9086680
-617080
-4652401
-1693610
328059
7081450
4811118
-5272235
8705289
5723221
6136532
-3703109
3757284
2500415
1449394
4600324
556912
-2337351
4552698
1605866
3209492
684550
1191047
747994
4258431
651994
199113
2394507
-244687
-3182145
4143021
-2210064
53624
7180123
7410666
-4527118
-2684579
3451344
2609557
-2915836
2968686
3068537
-3198445
671378
5039632
-2961173
4835547
298390
-4849789
1116091
-378064
-1649602
-3800916
-2466318
-7597371
391694
3286563
90284
-109219
-7336115
-305278
7562705
-948768
4716719
6521926
4720676
-416872
-2516986
616057
4895448
-509184
-8271354
6589003
1875032
3718476
7158828
590013
-2883757
5689533
698255
-2614523
792415
4258718
4712531
5837515
-4477859
802567
-5690851
1013835
-3128119
3340423
676029
3808910
-1180503
7304620
454792
-6023890
7717821
-4031683
1748510
-2187846
-1866438
1387046
4142058
-3129136
5663585
-2620060
2685808
-6623698
1288608
6482448
-37228
1650501
5551914
3179724
1693373
-452756
231307
2398748
5655346
-2307692
-1734733
379651
-5843286
237904
3413138
-3544992
891078
414741
3756372
3765521
-297125
3651023
597090
-6933551
6176897
4196558
4776819
579379
3150368
-300366
1713108
-2475308
1979029
-2988553
974550
-1604925
-8137955
1066682
-2787013
3976602
1579986
1164197
-1521377
3861579
-381356
1044413
4918344
94992
116515
368283
3970425
-1500833
8363719
-4678123
2922109
-6987845
3376874
8433940
183114
3318782
-369926
3762814
4987286
1754094
4866260
6890990
-2816995
-145262
-81459
-3914044
2368926
-3492153
1623081
7597299
-955793
6236681
-6146766
5259323
-1357903
3368625
2732582
-3513290
2153181
6335034
4238985
7883814
-2299144
-128771
1654080
56710
4984359
2182190
7607441
-5860402
-660884
2942704
3366361
-218756
2483574
-520072
2258804
6536956
2595223
-1310989
-6156701
4031570
-4345425
-2248250
2477819
1146832
5824989
-1139544
3358847
1465653
-4242410
7163175
-2755658
-7637740
-4731435
3033391
2361012
4010546
457023
682905
-6107026
5203635
187976
1128135
-281850
6543193
3599081
-343940
5907821
2491842
6244984
7301322
-230432
-1529028
7500972
3980139
5766020
-4454699
2533263
777684
-2151038
-88493
885563
3801869
7279780
3026947
-4056208
6159325
3977929
989780
346094
1150024
4186557
3481587
-1346392
7207466
2199578
5237240
-1651537
6403975
-395617
-4494686
2605116
-5392426
2816320
2659018
7551766
1157378
3193864
-2372505
4907132
5008742
2734901
356087
-3523
-3872304
-6353210
1434457
-2620939
-4356470
-6282916
-517985
2783130
-118110
-2319636
555095
954602
-5145818
4231636
3882450
-3401203
499704
2189626
-4563494
664433
6541709
239216
6163924
6564947
-2578597
-28579
6792598
1483155
2011609
-6127105
3284416
7508110
3795523
3127994
1225422
961416
2506559
3432991
106913
3568422
-1529650
-1199
258638
819613
-301258
-4493948
-7209105
-548904
-5097584
-5443387
1105176
4736169
2068717
1822466
3729194
-1562714
-2794489
-3044380
1154914
-6738189
2193615
-315809
-716879
570810
7066905
-3528714
-7159273
-1124039
-4631559
-2157176
-470927
3408728
1079603
-771100
-5653522
-7375818
-2074152
7523017
-2434539
-1150360
6888959
-2547718
-681334
1050024
7157819
1410197
2488338
-2128584
-3491620
3710728
-2280079
-450051
-1676493
1425869
5554653
-3112100
6816035
-1186191
2939082
2558051
-2279332
193046
1058268
-1269453
3867771
-717515
3213177
5147189
-2543099
531040
4431423
8265783
-3087046
4999760
-106091
4949277
-616298
3500580
-602762
6785166
1256143
-1186053
-2430602
5112980
6585243
-1216932
5430360
-6834348
7371829
930015
7108955
4333648
-323376
-2163740
3802337
-6657254
3992317
2346120
-6615718
-3340310
6803909
3708302
8088240
1530087
-466217
1092538
-3652418
1853679
4280864
-527007
7599086
7533412
1577722
4231003
622857
145051
-655627
255100
-3530060
1619882
7705752
-38830
6023339
4225477
4279917
-5655809
2091528
-1681388
3955169
-5625469
1914754
-1546412
-1883590
-661158
4476499
-1749478
1162505
4489083
165272
3817533
7053106
-1728874
-2143357
2326202
-3539667
2311505
-1137492
1189758
5799985
-934425
-1148777
2773025
4397968
3779304
-157440
1755699
4399034
2768482
7478085
-4968380
-5805285
-1628181
2721043
-4449106
-440265
-452915
-2663086
6948535
-1563439
205036
1517086
7287082
-5108507
2942059
-3373184
-83102
5546599
-420440
5461923
6773989
-1145026
-946861
-516861
6583538
-4009396
7854510
-3066312
-1721523
8142985
4477649
5907640
1231170
1285464
-8413288
-1576762
-680199
-291477
6571563
4544357
6508317
6578846
-628622
-5967089
-383461
-5408697
-1774530
2800723
3302113
-174983
-2467993
4721739
-248411
910897
-1810887
919561
3518444
4530786
-1498905
1603674
5321383
6729169
7495743
183692
-6262978
-5507590
7733642
4554853
-3550082
-1331503
7393926
-4357385
1774560
5870281
1086162
-3838367
4744010
-4471917
1166520
-1927509
4220586
36963
6007815
7854132
7798039
1337680
7383747
-421133
2862822
-1975959
295907
1244802
30117
6343911
1559768
3449360
4647492
8085311
-1043043
2415876
7706610
-1371996
267271
509036
-1348131
2383862
-3053205
-4149877
1326304
638741
-3848164
901966
-3035373
-4467081
133488
3333491
3054864
-3067265
2554215
-1921527
8056730
-2638530
3310593
-597621
-1831800
-325540
-7243953
2161792
-1482801
1324190
4585661
3188655
-765336
-3831003
1291574
464883
-3082284
-3445188
-303170
4124722
1761053
-3372093
-810362
4274055
544778
1286034
4836088
192497
2008062
4090993
471284
5820151
-1538545
-5953295
-2598386
-1252225
3339486
-324302
784800
-2100991
5174238
7657860
1139298
-1967666
856746
2209181
824251
5996393
901637
1268947
1463327
861495
7658066
-15127
-3329723
1814256
-4796474
-651624
-183496
2941295
253391
-194739
-1225313
-922221
307618
1067936
4947155
203376
2557740
-1796014
-126723
3219589
5213905
5639107
2853429
2681089
-4708677
-6355951
967831
1566420
-3945541
-1784511
3406190
4620757
-7461391
-1551799
6577725
-593366
6942598
-7238377
-583568
-1050176
-1178630
112740
-2667588
-460132
-4877133
1991201
128030
-6122931
6875663
5674831
-3538805
4190978
3053985
-287729
-4606319
-3502795
-1493515
-1527463
-6549267
8300805
-1528636
4590735
-8857
28400
-2565829
-1094930
6700788
5518326
1355547
2432022
-789708
-1223306
-5862152
3466415
1158808
2838191
-218272
1415883
-599913
1174689
3863747
-1362544
6583466
1981553
5212148
398401
2576108
-6868505
731782
-6701535
-444301
5418118
-125269
-2461301
-6305267
323446
-2860506
6951153
2588809
935845
-664364
-1089251
-120195
2560268
6380671
1311659
6426870
-1043397
7524523
6384688
5799825
4355006
3919813
-976562
3738736
-170992
-5561377
-2783971
-2450966
456796
4056159
4436843
-1181100
-2141535
-5057411
-3607487
4792256
31336
7220525
1529145
3348101
542793
251817
-6139703
4564324
-5645954
-1189930
-1961914
-1459755
3778370
-6680500
2210934
2199086
1123568
6643161
5916144
-6735789
5101431
6144976
6083946
2171008
4793309
-1513197
445472
-856894
-3068437
1855545
-4189607
1005447
-6335396
-90151
-1025566
1535129
-931902
4356514
-6242981
3067162
-154187
4894851
-1037870
-647267
1577364
7533558
241677
643942
2002382
1507276
3197509
-6449599
6194232
-151631
7926996
8856188
-401215
-1015332
-7796510
-4977514
5865315
1236327
1632120
-2642925
3782960
-30495
1306070
5538842
-2872776
317454
-1170657
14181
997907
-3969768
6432764
1165688
-1577844
-730826
3812695
7420158
-2842601
6774044
-436625
2701464
6478973
-262778
521446
3216218
-2517156
-2234873
332045
1732756
456287
907114
2815754
6080855
-6357496
-1501441
-1595452
-6837205
4482977
1922261
5012669
-4161581
3588934
4408999
-1134192
5228558
6478294
7077123
-160972
1017376
-4330492
-2041044
2630466
413235
2573883
2293629
4108222
2443157
-7332610
1469150
-4093228
-2676975
-84623
431238
-3784466
-6390914
270046
-583552
6849487
90774
3711328
-7022066
-4790011
7643522
5955322
-368097
-1311687
3463148
-6933689
3603914
3802660
-789078
-4663173
4458707
4165423
-1364356
-6710425
-3002791
1341090
4769481
-2895640
-3944960
-698269
1097085
1643421
-456262
1392919
7393700
-7301377
462572
5229419
6625613
2486201
5304363
1509293
2316735
6850694
3658497
1292599
-109835
1606372
6409599
99610
278017
1579789
-1604678
-575627
-375807
3683899
-72283
1762863
-640234
2885272
-631090
-810513
-2905425
6845070
2718785
7206012
960206
-6636901
-1404942
-2422929
-5930179
2346989
6659889
-3841671
8996496
275070
4331721
4199808
188854
7468086
345071
-3044585
-7375751
-1268679
-3174598
-438144
-1046567
-879221
206849
840430
3092835
-404179
-3035657
3577951
-108272
-1349248
2922197
-2917788
3896187
-1713432
752759
-330136
4335713
-6174715
-2759551
3057942
4686010
-3518052
4619026
775558
5074861
-3874778
-4172147
6422895
2264848
3862506
-2802012
-6147058
-471987
6778637
1960411
-6654896
739085
-2375079
105467
3583410
968952
1055435
-3957472
2749191
-1255565
-639002
106206
-1194
5618312
2926497
8907556
4765898
2260019
-3770819
-304659
2867515
-4432813
-388131
3536134
7518231
958973
4885606
-258965
1352210
-3468475
244917
-245262
-394257
-2681710
-7974354
-1056521
3846036
2821994
1754636
6363399
6838519
-5379658
949367
-2511121
7871353
4021686
-725398
-4328013
-2751489
5040830
-366927
1848818
29848
-566522
-743871
5917614
7965560
-327364
-5113278
-299190
4313692
-696658
-1787671
-6779848
-606255
6101242
-1248342
2881889
-1404051
-2121715
7414468
-4346637
3277388
3909365
5476878
-1015747
2106339
579988
-3144023
2676573
-3657932
1446375
3315326
1535854
-2433268
-127440
5704223
1707304
7040446
-5400139
-3787654
5974239
3392076
4564367
-97642
-717814
-4678277
-1190045
899596
3521356
4424805
6979374
718387
3157833
1468476
-2747135
-2322755
-2177737
3179932
-2929506
3740125
-3199083
4780327
2942631
3043506
-621551
604662
-3531346
2306946
131588
7142041
8066411
228741
7517399
-1533338
5471522
4003439
-53418
1262706
8253915
-535378
-5933944
490010
-418246
366297
-819032
5204357
1339675
-6068315
7539072
1228176
5580511
2368471
-5898247
-655581
4283616
-1180451
1186703
-3536416
3010474
3441982
-7075955
-955352
-549635
949961
2073687
-4916023
-675063
-1125302
5200329
-5394905
5067571
530852
6159189
-3002432
28760
2982586
3081518
4839383
-5939817
323214
-2257377
-3020895
-4065656
-6308735
5843222
545647
570241
221713
1155103
7400393
-181371
1018961
-5497160
-402690
3190678
1502039
1469020
8471183
187507
4814395
-502922
4987486
6403635
1196159
-2858727
1487491
1166338
-324656
3754297
1668906
4210954
312976
7274715
2787389
-5498552
-1819218
-2220928
681252
4591185
7544662
-4912148
2512737
2646563
3883717
-179583
3100325
-7883954
4152405
229651
1325886
1968537
-5492790
5002852
5906879
-2839311
4550278
-7339158
-1850464
-564248
491365
3657240
7505654
4420508
7124867
2851989
-6138077
-2531804
-5523935
-6052168
2711764
8234901
441556
2725885
8444744
194126
4348617
-2717303
7458296
-2746210
683561
-224247
1225738
2984039
2150987
1796153
896389
-6438860
-5652342
-3567768
-337373
662827
7212539
7919567
2297177
6228806
1613984
5431434
3412697
1074103
-6581359
3683786
-2083479
4122697
-2445091
8651696
-4376615
-2078529
6133481
7418880
4868409
3647871
5177004
5611822
3167441
-3141105
-4835311
263457
4031695
7495914
480818
2179301
5163734
-1751291
7199347
-908230
-7589888
4155652
-2610477
49512
4182636
6836741
205712
5211999
-813001
-1200806
-4332342
-2659762
-2974415
4591208
6860165
3601904
2330606
-1340518
-1623547
7582647
-5967024
-2929656
-869900
-2830768
4779556
644261
238630
6854092
-10246
5961978
594647
-3799591
-293572
4709808
3391363
8498562
4215639
1349118
2628179
2072225
-151766
5245530
2870424
4594494
-2015276
4606587
-1636949
-6109532
1528378
-114050
6981977
6998561
161266
693945
-2609113
-239140
-4594668
4620319
26415
3524915
1419477
901885
-5072897
-2208222
597936
1262798
5246288
6738725
-6066897
-1406264
7754094
-2226600
-874802
-2320014
3332692
-35211
3771277
2412324
-406084
-4468315
5973983
3396318
4316871
-760820
-2696614
2184766
4774154
4598880
8365637
2555286
721847
8105604
-6219744
4010585
2094578
-576359
5292869
-6745169
852446
2469898
8049227
-6823022
-2556167
-7230486
-7548989
-3377717
3680426
820784
4885758
4270501
4116742
2950321
3366668
4436886
-3594920
3196549
-411644
4584297
9029427
-2444481
-1441853
-351847
1658527
5167146
-1446988
371816
6544022
3503421
265931
-6590280
-2868301
-1153378
9134746
5046953
-2018766
4043628
6379423
-6419631
-2903639
1210543
3716787
479615
-152995
5619124
-5200547
1674874
5029764
-2751444
5925490
-372125
3573797
-363671
-132666
629202
723590
5470306
8454614
3344266
4590492
-5049584
6635324
-1934997
5151588
-7873176
2686404
-3800275
-7381933
-913929
-3850164
2808202
1058385
448536
6380131
783521
3236756
41245
7218750
-203839
-2718929
-6237354
4769474
4530349
-4343873
-18126
8565436
7297350
2305503
-1010654
-275106
7240334
7523629
6083706
-3123549
-6446334
-1551432
2530000
7161295
329046
2301657
7319232
7055365
-5615361
-7110538
-5397127
4008867
1028135
6760343
-3378023
4292486
-729954
-1913572
-3215519
3329849
-1320603
-2668373
6757440
392834
1442808
870802
5252173
5087905
3462469
-6812397
-4141378
8498960
7009304
139109
-270604
2549058
3604780
-3830212
3943891
-7375709
-3546989
-897497
5421720
368112
-3211242
-6531090
-6727952
-5824659
-5602695
3651873
-4836652
-6147165
-6226507
423434
-583581
2846274
-7566707
5175976
705227
5254464
908080
-1871412
-976213
2021980
3758428
2914979
964199
4569277
-4633672
-4269788
-2287022
7787638
4591736
-1113546
-1310991
215596
-236702
-2642313
6407977
2288970
3093218
3950009
8020815
-5788758
4446820
776344
-567021
-6131142
-4969357
187624
453
1848830
-4754041
8048078
-3060131
-5426939
-3150773
-4549138
348219
322317
2950301
7525302
-3532150
410126
4965905
-3527214
-348451
-3047947
1514231
805354
281094
-3223878
1761042
621283
1073594
2077284
2142749
-5549763
2762167
-1371529
-1502706
-2552934
-3652545
-4386972
4789040
-2546981
-1779776
922206
3301177
319615
-5718425
7951392
4707005
-1775304
-1318160
6202029
1767240
2022515
8424528
-835009
-6897373
465401
412600
3521204
-4278366
41311
7977016
4496357
2656938
-2241403
-2272022
3712237
1726357
155701
-66799
-6829138
3584276
4723108
-2463683
7125571
5927582
104634
744378
-1459258
-2879392
217309
817509
957287
1035388
-644228
7204915
-3367461
-3932923
-6809176
-1188709
-1766005
1537303
2968008
-6994261
-6338772
4555808
-2134283
1212652
-6713668
4403869
-888421
6592208
-725885
3844168
7531894
7302745
7483486
-89965
3548246
6460674
-626510
5362138
-1899319
7267091
9235951
-923904
4284600
3472118
-3085198
-598905
3912697
5132335
-3788441
-635396
3173300
1889450
-4083475
-6259924
4613300
699458
-3309089
1070600
-1915073
7333505
1783220
2735796
3232462
-721526
5528065
4023948
7911390
1203350
-4815493
-3301957
828480
1044833
5249068
-1395140
1574598
695193
634776
7738422
1709129
-93262
-2780856
-2186975
-48716
262958
3658014
8005851
-14130
-3630851
5101274
-7503648
-3569357
361710
5816764
-516354
-3488636
-1270613
2851853
-2677508
-891728
2928587
7152366
1779873
8019575
859016
6996175
-1554013
604640
4379458
-4620708
-6121087
-3918680
-1363845
-6461582
-270426
-1295826
5991342
1245731
4305036
6816963
2290480
5955976
6567758
2621652
-6031916
3331978
-4482276
8523540
1665324
-4968413
693416
-1586073
7898141
-2656857
1084057
-930831
-126508
1095865
4108870
4281313
-6938112
736136
2943500
1976040
-3691255
8030178
-326125
589973
2485249
3456045
107691
-367719
441075
-305149
5306431
-3696399
3314610
-3316245
2077577
426270
214052
-1553027
2244213
6754121
614788
-6226133
2718028
-3379256
124448
-4397409
-3090544
2934210
3031851
6966145
418775
-678124
493445
-472588
2341666
-995887
3404410
1340391
562787
-30735
7415749
3592250
-60741
7620459
-2218065
-3073259
-4000358
-4719643
3827881
-6312471
-860995
-2765311
4610047
504680
5167648
-4151265
-3504925
-2320267
-286554
4331361
3216139
6472042
3948701
-2569501
-1385433
2788792
3573383
-253758
-6372874
1290760
-5666274
-3165296
-996857
6098312
661618
-3266117
8325896
5078340
834631
333063
6307552
-2097000
-870574
3767479
-2877069
-3013360
3235924
1328355
7820756
2725005
4869970
163538
500578
7516000
1077738
4389140
2213335
2505024
-3545004
-3272062
6528355
-1202301
5055503
1797003
1622848
127648
-3403192
1469337
-695016
-2459824
-234513
-7099174
-60151
6820155
-5321058
4522593
8393735
-1979123
2000896
-905477
-880305
394426
-5691679
-1150667
3801902
-5793268
278365
412969
-605928
-627199
-3265872
-2504150
-3705089
3809158
646035
2463777
224509
3495304
3651276
1770797
840554
-5148731
-2422727
-112649
-6634985
3785521
4375149
-3801112
6852350
-6646108
3011802
7347326
7794493
2705939
1306835
-3939706
3873446
-3906293
-3321052
720804
-3033700
3449514
4349931
-4691498
556184
2722302
584812
99351
4519104
-3962030
4513548
3851220
3786381
-5152526
-6641923
-145636
-5378409
-3636910
5194087
3691240
721946
857217
225023
-945429
1663673
963054
8140084
6052869
1805275
-3876236
2903145
-126352
-1910384
-4563849
3074138
-954590
-96193
-6161286
1831388
-939678
-3653211
3440414
-5301590
3355023
4592236
37790
-3288455
3021236
3388088
3104597
-2643321
-6164286
-4102140
-3557606
-387182
1470185
-405957
-806903
-5182501
3910598
7248111
-2269816
1018450
-1076181
1990703
4192893
7380543
2655257
-1010097
4376482
-6623873
4802609
6780405
8011601
4268557
-5892440
-4933343
907354
-343586
-3799882
-6803040
-1519124
-2836486
7554365
3767116
654457
319944
3938264
-6666322
-1460826
-1620762
371552
-6081999
-4870741
-1791697
-4457318
-3334632
-12598
6475286
-3903274
592577
2697593
3724070
-519458
3238336
416456
3929036
-6572466
5892054
-3505425
419162
3809799
6618282
-5884599
585602
3980222
-470318
-3178092
7726394
1137500
4827498
815465
686330
2593198
5441702
112331
6771292
-6576696
3112341
-2393182
1257261
3312765
2652329
4189607
-2191679
4170763
948440
5829664
1161038
3244494
-405993
4987590
6691663
7517096
482880
-670840
170018
595967
4024711
489630
4195350
-861159
431175
-1410630
6289155
1014500
-2601590
-1072393
7970789
7317647
6392759
5565130
-4413134
-4217517
-5555566
7108938
5105697
119791
186026
-1101364
-5536430
-326729
3921307
408378
-1731229
3085691
-3482352
3492536
-1018732
167316
-762660
-126379
1651716
-192143
-228111
3877234
6384429
7359955
-4126678
3541208
3662266
3190964
4798571
3256270
-1453020
347128
3963745
-154390
7293052
-2575798
7890990
3088673
4056892
4784188
-2766689
6525747
4289523
4239793
3260326
-697148
7117043
-651700
6040534
-3752088
-307845
2541014
3929946
-3386053
6395898
1193790
357289
7512267
7395982
1349997
567033
791563
-5244221
5073034
4501532
-6008615
1062224
-2461126
222219
4136178
-6507450
-1870458
2609446
5953831
-1617386
3711962
6929721
-2854153
5774972
1058585
-941493
6143145
7530
7966301
1772309
5918881
-7124677
-7132724
3610274
6633205
-3164730
-1071975
3758799
-3254
3058060
-3495883
7352231
3928562
662180
23919
2231309
2793812
-6665530
2606519
1656353
2247406
-1668175
-4414718
-3660132
-1479885
8120899
1035124
-1460327
1041196
-1084303
-7758769
1066361
1499299
6087022
1867352
-2430512
-4021767
-1430144
-414670
756474
1575
-617916
2478395
2642208
1063941
-2854467
3635724
729741
-295240
4202930
1294111
-238829
276077
-7828437
-3910746
-6695423
908568
2497736
4879272
1319988
-920975
-5010834
5776849
3544905
2245697
3481472
-2417580
5352524
-914582
-557452
-1115160
1136845
57925
-3595802
1242423
-1913533
3767716
2341898
6869801
-1558753
289067
4018279
1722389
741707
985320
-2685260
-1177312
7294996
-2723078
2549396
-6580845
-905220
-1911705
1726438
3354272
-641990
2738880
-324130
-1585775
4409136
2084269
2558367
3660933
4013713
-5514836
-2445495
-7034994
1318431
1365560
5745696
5779926
-3941336
-1322759
5932010
3714793
-1803931
-4208
4357699
-1566987
21879
-763757
7899758
7364470
3993816
1044066
-488918
-5261598
-372616
7005322
7072815
368570
-6017699
1347759
849498
2727907
-730734
3750771
-3221
2788152
1913079
-3241994
3120953
5570320
5291585
-2289504
-489614
-387092
-388723
4851347
1384282
5674240
-61511
-2063776
579558
-4646820
3306622
-183973
7639541
3239188
-2513691
-2763830
3398046
4638258
981118
6357038
465667
4800511
3898632
5761629
5387311
4244717
-2536185
517627
743835
1969001
-2253043
-1783759
-2499500
6989050
-2324645
2799690
3781180
3964164
-470377
-1672464
-3328841
-430627
704468
2990451
94556
7051371
-1857943
-4489463
7618870
-3820372
1388815
-1062783
6147670
2361744
-5682972
5939284
-6521619
4047918
342339
-5374605
7955967
7075048
8087500
4808926
8545134
1364067
-69545
5889580
-587027
1332495
5340739
-440105
4134022
-1038965
6900494
-1364016
329056
-341268
-4561312
5002524
761856
-3912144
-4017756
7145856
3414409
7268058
3119536
3181118
-992941
1016377
3119973
5600385
-57530
-1300349
-6670453
-2426416
-927476
-1404257
-6241883
6107494
470610
-311443
1548566
463744
-356997
-463787
426186
5832324
4652308
225839
-843921
-6418895
8716570
-4336181
-692096
1212557
3839872
3461504
-355071
3711800
6659465
-8371873
7024810
160757
7014590
-268999
-1026620
-589348
4599853
342154
-1118528
3187135
349952
1365853
-142163
-943488
-5757236
793836
-824972
-874702
-1353249
-1643265
-216234
591581
2379932
-1463729
6307256
3427168
3916833
3500131
-822237
-578167
-3286625
3774640
2503454
-4211721
-1623137
2953533
174024
5495340
-5159573
-764308
2363909
-1482145
2599828
2476842
7587079
744056
3509531
5586427
-1162075
4801727
5814214
-3030718
-140924
3966581
-5425094
568493
3268256
-4732672
-4937667
-4194078
-1832909
-506137
1477974
-1793234
-4427802
-411601
4570825
-6576324
-1561913
-162188
647526
5809153
4621204
-975305
-7993567
3892450
6941530
1921628
-6105929
-2266887
3883424
-522408
-2295908
4062833
2501051
2871324
-4095324
447782
6743583
-3048983
-1523479
4041869
1830110
1349073
4211442
386851
2787274
-297470
592829
-3058370
-2172697
3650347
-6568932
-882570
-907831
243041
-369129
1179096
-1393336
-6291603
169614
-223985
-2924610
794295
3259673
-1993121
2745339
-6149208
6441380
6174693
-2089022
554006
783346
954222
3041729
3551778
164104
-4541301
1780129
-1389613
579326
-860845
-2726844
-6524382
3114405
-1778911
2714236
7161819
6329856
1054630
-5365539
136212
-958511
6893059
3405746
-3411873
-7877714
1422806
837167
-3333401
-7754730
-5033155
-628482
6818655
-372296
-507479
927743
60758
-1003538
6900140
-1355243
-1039254
7614631
3624503
3461322
6778685
2206531
1704368
-4129102
5520862
-409396
418196
-1068618
2928791
-149017
-63813
-399060
1084277
3538534
-4222433
969795
-312603
-1644065
3328669
-6577424
87813
-3371230
-1190921
-1924535
-2703147
1342578
4743471
8280588
4665213
90961
-3986839
-346558
-572633
237617
-2870635
7793966
4233329
-7900964
1786996
-639033
611217
1635108
1141945
-2326490
-3868139
1250756
771409
1798657
2550730
2349556
7430273
-6343790
810493
-1430647
-2730847
3174544
329699
-452333
7338677
7956545
316459
3092354
-898674
331246
-1949985
1762641
3735356
-5929889
-5038884
1375242
-3160598
-3699407
2844256
87547
1822048
106776
-213082
-6849553
-1813504
-474552
-1909505
6367054
1896868
5680402
7254816
6874352
2880439
3888403
4437819
-143184
942742
26141
-6092295
-5094008
6256155
-3436125
7167089
-271821
-2731270
4771435
-3292709
1279869
2901771
7176493
3172517
2918686
3729598
-382568
6052384
3853109
1518342
686471
2216987
1600399
-445552
7263674
-2889274
6031966
6153441
-280015
452013
7838997
-274230
-878494
6770570
-736676
1300875
3474014
5641536
3098798
-5329353
546499
5842725
141847
4144719
-2926315
1295525
970152
-599242
7258434
-878023
-3696638
5428738
-1783023
607315
-5068563
1253245
-5309655
-3185291
566927
-5477440
-3275805
5658646
2448166
132548
2946466
-2190365
4177752
7882331
3843660
-70867
-1502592
33224
-6648329
6524567
4406938
2114972
3070974
382666
2044827
-2249054
145807
-1986745
3549581
1874023
-260810
-3963459
-142124
1401977
1192300
3937781
-5916222
2420160
-302444
3179345
3576645
-7135125
-2889796
-4013583
-2809776
1077145
-2650460
-5053692
-839213
-473729
-1213821
2551533
5554903
3592562
5399827
129466
716465
3466519
4203400
-5887447
3569546
8845848
1553352
-4638994
3925903
4068176
-2873442
-70990
797460
1429305
3473769
1694765
-329534
21190
4127244
-4413656
-6343973
-1207849
2656396
-4509233
-6633022
2362650
-1155713
865207
3774127
2320624
1304001
-23666
8614907
-1434937
7714354
2230132
2052662
-2018363
-609978
-697708
564707
6498465
4855894
-2808199
3479092
-5517163
1511956
766588
3063738
-1681544
-4080619
-896710
-37737
-7307488
-3509519
-5477737
3603772
3686927
4420133
-663611
6771351
-295313
3621954
6911865
-6332952
4606306
5768637
1334383
-1044119
4609781
431336
6965612
-1292420
-4739495
-3534903
270080
-2938704
4247755
3078380
-2736671
-462621
470732
-4280589
3249942
756201
846780
5897632
-5587047
3832868
5636634
6240720
-319146
7568336
-2835075
-1488360
4057105
4308967
789664
97194
2430548
7697768
1060567
3043413
-4786363
8113277
-309750
1536132
636020
-4921959
5053839
3408693
8208746
282686
-86732
6953736
-7029100
-1456666
-1014011
5510941
2300196
2088483
3349730
-358915
-363807
-5336250
-1784259
2283251
-1199647
-161958
5325784
-365606
-332924
2350423
-2755539
7706933
3665669
-614197
4486966
-6877375
7207785
-1537480
-3634205
6656974
-1076447
-3136223
1702461
7685578
-6119230
270111
508997
7241255
5720155
2099940
2701362
-609100
4485906
-6464747
1565438
6959889
992662
670480
-3571592
-6134481
2831103
-3261337
-4915691
1013142
-259113
90337
143415
676661
6749754
-3256327
3644011
2949356
6354182
7775963
5309588
5153796
-6603697
5738935
-3318608
-384393
1406563
-808048
1972367
4254850
7549889
-2560806
586913
1422814
4517627
528925
-774847
-3459724
7442917
-849912
-1006336
284657
572164
977821
-2442339
6869113
-6940075
1423301
8396899
-904466
444563
-838182
5381952
236988
-5001542
3327068
-598012
967013
7159135
-4125711
-1002652
2604990
990919
-1441449
-2420672
1985013
3051043
2403722
367475
-589272
3726064
-1565136
1581385
-3801421
579031
5564814
7334807
-4483734
-5574988
-7203300
4555472
4697232
6352297
4486722
4333726
6994499
-44641
4641019
588440
1223338
5514386
-730977
2396882
-809077
-3931501
281739
2985182
4225884
-3161914
4259509
-2377782
966758
-177447
-6933966
-1590309
3340899
4654399
2659566
2562091
-106541
-1980712
-199141
3903674
6000488
-7386692
1060295
-710176
5180751
1246336
-5500547
-1714483
325164
-18263
-1928647
-4233003
6180573
-3297662
-458034
-3290699
-7020401
4562955
-1857037
-5052049
2913722
4284145
-1304753
676199
2547766
-7008626
6119857
95779
-8138496
-769986
1099295
1268989
-2811281
-6643742
-3873038
5374787
-2615969
6898036
3403568
4280913
-921077
7379866
-1410249
48843
3646621
-1252130
5772512
-4414784
-7542181
-7242044
3070582
7447703
1242521
1052837
-1188228
-279993
-4783785
-4764239
-798685
1506339
-1254177
-347601
3794402
-500811
761838
7746762
6943751
451765
-1849485
5765837
-51929
-3942265
3946978
5858304
-723565
-311366
66181
4116596
-1085022
563797
3575408
611709
6006845
-6463173
3564036
-6772840
-223263
5494409
707407
2944287
3958615
1378608
-1710202
6118944
7264005
4621299
-2594136
-6078167
-3650966
6419587
4083944
-5585623
348753
2391461
-6195881
1014898
4907250
-6052716
-6259585
4550591
-2471146
-624535
1755244
-224514
3602136
3325024
4314502
1525955
1965305
7997818
-527992
7677628
1016574
4422553
-6110730
-7166405
1060620
-6949071
-4409834
6476195
-6548493
538019
2279727
-410513
-3781234
-405492
7297586
-3167462
-1990559
-5351543
3093651
-4204767
7518288
-4962902
-3757280
-4190868
-2981377
8222905
83233
-2013561
-3145987
-1229756
4293095
-8099330
-304308
-1860131
695443
-249456
2006918
151475
-2634549
2700687
-1479871
335569
1507141
5184268
-231901
-6973885
-6090448
4165061
-574510
3561565
1213798
1089071
4639625
-573219
-5861856
5845054
3646587
-1306733
4686131
3597648
8173124
2959679
3431962
-1851672
3501433
4996072
6896771
-4209996
-1095560
6642071
669633
-947493
791594
5558991
5012740
-649661
483350
-5853669
-2216391
83938
4201338
-1092666
-1051139
704172
1310820
2831983
-3482182
5255797
-3871624
3985862
1879212
6703518
-155983
5350219
-1122885
-236490
29921
-153110
7448857
1637843
338644
-6006461
3073198
-2324068
6250766
-236292
-1927892
-1498593
-2272514
2142524
-1032868
-3266447
-1330809
-53948
-2856789
-2160416
756591
-2547893
6688333
4057270
-4145696
5112456
-2502731
-1137352
4189306
-3366537
5578114
186213
2005274
8879427
2877313
4743703
-250379
3135209
-146545
-1790419
3093868
-296744
-1175835
-286922
-909302
-6571669
-388264
-6325933
642557
7413499
2503935
-354194
6828196
-1373907
-1188693
-6078510
1409224
-6845700
3837040
-1750049
263668
485687
490945
-135643
7486683
4704883
1249507
2769436
-3851204
-4573784
-6791644
938552
5058919
-6132764
200516
-1581390
5025626
632447
-4082590
2588148
6890136
7276453
-7329230
-3197760
-735345
3714887
3324249
-777528
617308
-749032
-2491438
-1249212
1787179
-3522000
3101238
-558607
-315342
-368486
-1647859
4150320
-3401542
2886153
-2457067
-1512993
4190922
3363434
4506246
-567791
1479341
-4060654
5848503
1354990
7118226
1818510
3241736
-926852
-69187
7323468
3524155
3091602
-6694772
-4380823
387572
3091571
4343470
-491849
974863
7762747
-1499583
848012
4346084
-11364
-4677806
6646937
2919970
7051979
6639275
4374518
4140130
-385846
6982630
210009
4929090
4243201
234910
-4593346
3722611
-253190
-4284218
-2897076
4624402
4938034
1223807
4620403
5921047
122625
863592
2929991
-913609
-460995
6319433
-17057
3611606
-454715
-6882648
-2537637
-754929
3630494
5742037
-6142997
-1478689
590513
2774765
889160
8505454
-218817
-390963
-6273229
2841713
6109573
5189371
70313
-1415932
189380
911740
4545622
3938181
-7297592
1484485
-2267287
-2594025
-1087265
1868067
-2486296
2223838
-1390872
5027258
-159219
2749761
-1519650
-1150813
3221431
899661
4333482
733642
-5995815
1027198
4606185
-673808
4533449
7678316
4020729
-5713168
-1436758
-7391396
4511774
2252446
-5083432
4693418
814591
-772693
4748722
1388698
-57560
-3210413
7339126
593092
7748617
-1037054
2563978
3611479
-6776033
3093706
-1666407
-1781373
1990324
-296518
-2860727
29122
3695322
-3858833
846278
-2684370
-3667428
-3360159
4763374
3466489
3772331
6877782
-134070
4463186
-559976
-2531217
7111489
15236
5199794
3572304
6106679
-2739952
1439524
402165
6204438
-2164579
8077563
-7523320
5097564
-940908
-6762579
3603143
2015689
-1160415
402886
7227082
2909624
609575
-61076
876762
-6611836
778595
-2405932
-2506794
480515
5023324
2791624
7285062
1774391
6094356
681288
1599370
7740683
7300562
-3499423
1354135
4018097
2636938
5650919
965861
-3678314
-1360320
378341
1442367
1758562
4544982
2865203
6437712
811044
-69111
3605299
4140791
-2839533
4082144
-5831982
3247687
-7893548
8402547
-100496
-3090125
3436079
5829564
927466
458610
3620412
415757
-4286628
3828957
2010872
6097297
5543489
7009198
-3511544
-3356132
4789645
-180638
5300576
938523
1715017
1262401
149462
-60553
-177581
4202761
-5295076
-252254
-4096343
6430138
6281411
1788172
7534767
9416929
-241292
-226563
-2958810
5990711
-67254
7089795
-3571176
-2671707
130948
-3618273
1761424
144475
6401866
2640926
6097335
-3263706
-709967
3113004
-949146
5930437
4055202
-2906659
-7636889
5181175
498238
-2056175
-5461612
5793354
-5881758
-2703709
-967836
5067607
1925248
-439646
2083227
4746208
647283
24300
-3224608
-6777607
-6143032
4649314
-8449107
-1874598
-3994301
-152506
362008
-204193
-7105012
-6301931
4821490
4377984
2256875
6022556
-400815
4115629
4010417
824184
-297765
-3186105
3110584
6547342
-1160133
6195919
-485139
4179519
-598458
4968757
2437356
-388562
519821
-1920059
5398447
-782723
-1447299
261148
7725491
539081
-3709286
4568520
1041689
-7595
-6012669
5320278
-3937040
3718549
-6483051
625090
4173816
-1855665
-1994256
5032416
4288378
357184
223140
-2530615
2185693
1759485
3176008
1647240
-654036
3530267
-990328
4059153
441912
-283167
704300
-5832183
-7254414
7525739
6555308
-248636
-130333
-610656
-5772302
2913492
-5165575
3136098
-484368
-6708067
7025088
4964702
-1186051
-7254688
1621028
7565215
1992928
4739007
7341910
-4983470
-3967795
1140121
-5146161
2256509
-7991878
-438522
-445858
-414993
-184059
5844895
883848
-5762356
-5216375
1302463
-8443637
-7086269
1379909
7811776
5634578
6659350
4797155
-5229662
2584499
-1917434
1542701
-6632058
-529254
-912975
-78863
-1633552
-4592326
-2382844
6243456
6711272
7180724
-905304
-1450941
-1727661
3812395
6086116
6550384
-584697
1397275
2879974
6339389
-6255043
1325892
7063372
2629331
739112
-485443
6179509
992229
1109987
1515403
251151
7155994
7025235
3721786
-1204766
-6883691
993241
3403326
-6984394
7530236
545201
-4848452
4422518
6099914
1253043
307325
4196214
-2284337
2022853
3446266
2725149
2300418
7002015
-357071
7127177
-4420274
-4353907
1002604
5121130
4108582
-3057109
-6174969
3649723
2411108
2757457
-5431124
1877669
4677345
-1694210
-1494203
3333774
4605035
4785720
-2588930
1793806
-3809315
3761021
159179
3617494
-5776942
-4959249
696963
-1080703
3666429
3495543
6988536
-3550551
-7361076
-253617
5032959
3065833
7283693
1305133
3758873
4308348
1463300
4232147
-3992392
6260981
311733
-404425
-5161196
7138775
-6668564
251366
1078109
-1160152
-1336207
916199
6120690
56872
601627
-3067873
-5531816
9045632
-131592
-2353716
5632173
2470456
1231828
1227163
-5991235
1100885
-1342768
-2546128
7602633
5247616
7380435
-8455774
-453614
435717
-2734071
722541
610584
3722482
-1528119
-4558620
-2737093
6149924
527763
-7296334
2642180
-2873631
3344492
7191027
-3157978
1347875
1318916
7691711
1952062
3768923
184674
-5549174
-7099581
3824158
-4861789
2585513
5036249
-1749182
3684701
3771078
4140717
-6009502
727835
577637
4828161
2588868
-1728585
2393272
1043809
2786957
-6704886
8313608
-893863
933413
3221952
1438484
6703639
-673715
-3160095
-1326548
3952181
-539007
-750418
-545574
-5626955
3249961
806878
-25693
5647829
888398
2854309
-3990384
4696337
3738106
515327
8005207
-4043727
-927431
-89424
6378534
6321173
-1175348
-3526767
4371719
-5421192
-593738
-1106187
6877906
450847
1259552
6397444
1999046
-2203872
-4364417
-77987
4364070
184014
-2040007
-556285
7246765
-1821633
2067273
1021257
418783
-617814
6518827
-6755129
5772050
-4878626
3858734
-3495684
73515
-2797782
-2207115
-331722
3134586
-1115751
-1388894
4333746
3842955
642518
5418611
-2242585
3424906
3383929
1802054
-1244752
-332833
-48160
533861
4133405
-1243759
-898320
2907478
-1070310
-4514375
-3165641
-183882
-4317374
3223827
-7542986
7502109
-2184955
5546680
93177
-2685354
3671310
2035004
3249380
2490921
-4241541
1893249
-140001
-295487
-1557277
-403095
-1075576
584271
5681022
-844529
-2268230
364743
6954973
-1555321
-1103937
2847099
-254257
4032553
-6293796
6367915
6204005
7934004
-2913450
-3864026
1618939
-3932230
4372890
2625139
428441
-3114998
121081
7378377
-4795103
-1474023
478530
4809404
3803365
-2592839
-474256
-2695957
-1790967
6333155
-1361994
3696280
2246360
-699949
-5430747
-3674147
-340796
1745481
1244374
1255169
3886651
-2421922
-545413
7638169
-1664679
-255136
7440004
2659196
8132665
125196
-8239323
-5431417
5070929
3103384
937329
-208349
-341102
-1626365
1224157
-3172716
1355811
1021146
-2015526
-756303
-1624450
-3607425
-4435901
4267486
5817254
1503539
6918466
4882213
-3459807
-3747284
-3524054
3060766
5401827
4210103
-1643620
-2963148
-312947
-5819229
1155317
530614
-7946078
2289597
-946512
-3941588
-5215002
3094354
-3233448
-2963861
-98987
-700313
64018
-1245893
-3710237
594904
2379835
3338938
1064952
-1492859
-4957723
-502410
1490973
1417503
-1091450
681329
-2125086
5650824
1030988
-482441
-1871659
5461158
-3581823
7849382
-6229747
-1086602
345908
609539
5121907
-164473
-2252514
-3531068
7792158
5714450
4363936
-58493
2851454
3280314
7904859
-2189367
65456
-753114
5243242
-83595
3626646
-6361196
-6367344
366499
8020035
-6720277
-1327910
236010
-3739330
1516621
3297497
-1667631
-1003663
621970
5385153
877658
-7041338
2022487
2001903
4472360
-1166842
6721686
208597
-287765
4606973
1747616
7262277
-477254
-1020365
-1931507
5056924
4591964
-6964944
5938650
493876
-346673
4774921
-587919
2897644
4678285
7437105
3170531
1035264
-738535
-1065894
2954224
1567980
-735504
-4033150
-170093
135378
3502336
-900757
4645884
-1914656
-36248
3870278
4761766
4092499
-2430010
-2318117
3678666
-1661633
2922520
348037
-1666344
-2413916
3043100
-2363932
-5154294
4885108
4937807
366240
3386692
4320772
1977345
7375294
97458
-659763
-25570
6261551
-5131456
-5409029
3782287
8072897
7172649
-666096
397562
941068
-4135737
-47787
-555363
1510680
3586578
313435
513744
-7717494
-435524
3932316
-853692
244803
-1773332
4268647
-4385149
4348655
8185893
501720
1574269
-4435190
3397660
3872958
1252240
-505361
6670417
7143398
-1476359
