-425977
507717
-361091
-353138
-160187
-244568
-851274
-1474661
406061
511252
1753106
595395
-1599568
204941
-964672
-729980
-191365
183618
1349917
-126081
-1347735
1659998
429507
1668118
-131834
985488
-381235
-89717
-70189
1027078
753359
-650000
-249034
203634
1450346
-689587
-849904
776901
-1476850
-1351029
1664808
-3090251
106609
230474
-23339
126445
873036
1276224
2120397
397826
-1993236
-90706
-1409462
-206499
-118193
80031
94706
1314880
-679286
-915075
-153141
-648447
200915
722538
-1002822
1987960
-236987
316839
-578159
608606
-887136
129322
768019
756327
-3722
652113
-649812
374481
1663517
104029
-1242335
308725
-1122666
1159526
-850324
-4619
1422858
626068
-100579
950129
866020
1690238
-567311
-263499
837697
-385359
558524
1266407
796230
191630
225945
-376845
600612
-691440
-328772
-2260871
1637174
439137
170944
-1429635
-1218050
138134
-306093
137001
266713
-2011476
-1315579
462620
19953
1440058
-260576
-355846
179385
-750218
-535237
434550
-659329
307368
-1491340
1763982
-1175676
-391370
166450
1788559
531608
1002844
1537093
-749339
-308002
-333456
196435
2080416
-763275
-1356368
-302366
2416245
203415
402655
110774
119813
578607
-94755
-896624
-1461548
567765
-291138
-1202931
351951
-463874
10548
43677
62999
169531
-873792
1233765
562033
-127973
1127123
177334
-504114
1965409
-565441
157031
-587144
-177772
481113
-243578
-1510402
1179121
-410759
716353
-1358799
938630
-30158
-259281
-594412
607723
205835
1747937
1664830
-256438
63675
-460039
-224811
-402566
11274
-1223824
832258
168589
-77362
1046990
-95200
-172947
77256
-711534
42269
573969
-303085
341380
-34621
-339108
-157177
663608
1186275
579022
365541
346474
-523139
-192964
-199772
-2006483
850746
-419248
-1396850
261493
-568282
264713
450399
-2273482
711385
1440058
118279
-858397
55001
662354
-184837
1104096
22033
2557163
-16271
239578
1760245
1099191
-80207
-1066121
810095
-928651
-415312
549151
1391671
363629
-983152
771045
-906822
49934
-931685
-1093782
7725
614706
-1305460
-107900
1596172
852466
2066076
890974
1662978
267937
-1165747
-3349397
176491
1015806
1455442
-424074
2544014
-194565
56874
-36772
825051
-1442774
708573
24117
-159208
-458118
-109823
483762
1842597
-882688
2400406
39489
-334211
-517858
-1669669
580380
837697
-305320
705719
-909141
530543
-686161
60076
-700415
-708030
-2369241
-656641
-213638
2716179
-1426201
-419324
-44364
-947906
-257328
168474
368356
1630323
1677104
-572711
-471206
-728378
-1306114
-528234
445304
-334910
768047
-817321
14845
373460
284445
-177465
-431813
-419785
-188704
24605
545675
178770
-515281
1805866
-87845
439995
490684
179941
-65112
-1041934
-21813
-569561
1496096
-639866
166098
-599249
-31105
2249045
760113
497075
-728458
759809
-547538
377526
-559490
368746
-746380
-188782
112070
-1487100
975024
1177456
618741
-1031223
-221054
-371458
-646115
-986060
-1581473
-367289
1007452
63569
-320653
-1198725
-45796
1190065
-20485
39462
-122836
-547170
1412790
632532
-79789
-762325
-594690
-29019
-348936
1911524
-411056
-30184
-138908
536996
1579300
893095
1141719
-831
-23682
339318
-1034646
-573349
-120302
-807622
-268499
649456
83116
1096373
1505867
789503
-181951
1360695
-379917
-351023
235853
-979423
490668
2132233
-58038
1316059
194714
-838662
-43387
-137673
-325087
1599191
755287
108115
-440714
1239288
260519
-702860
188123
784767
1007948
-529145
-1042178
-1123471
707206
1339168
-736243
291098
-119088
-33036
292634
996530
-271605
186185
506921
1481109
-1139426
-81882
167342
-53964
603273
-398140
-344521
1329632
374821
-662426
6249
-1034559
-1175227
5642
-7322
497566
-981193
729358
685916
-1617058
787285
1757375
-872165
-558542
831
518966
-695097
-155064
-505757
-715492
20339
43594
-778382
339383
-337179
-116847
-277540
2135244
336355
-535285
1916590
157140
-2266171
-815245
-17103
9771
-770020
-142664
-1598894
-976790
2215164
1247243
-219953
-741753
2734197
-968245
-106260
-2292727
-580643
-1347180
577239
556589
-551400
148406
-610109
1108621
656641
148802
585314
880456
-314408
-123280
-1623760
237069
-581578
1241686
1212393
971479
572774
375189
11045
906556
-747204
399191
1684372
-392574
270222
-312562
447464
459305
477823
-796568
699363
504839
509987
151120
858580
-858880
245935
521232
235075
757807
-838528
-37388
-39848
100991
486138
-104933
-366850
214746
361404
-1070445
-713353
-55342
1125079
-1278873
1252461
-329098
-1157595
-638415
-319054
-583058
40276
-579117
600522
-1347136
102403
-424929
725793
-2316013
280329
661421
-25973
-320798
242313
958713
556738
386799
592215
-1376666
-139504
-236129
162182
783844
1178802
1370522
-274226
-78377
-223280
-1632743
673745
2127638
828030
-1033605
322635
-1316723
478564
-1024797
-181779
966769
1603204
1072633
1532059
365291
335881
-686524
1112663
-353796
-372039
-1099863
-124088
1379131
-129213
8491
128213
251905
-712490
-1341911
-1075963
276325
2323588
377491
-862857
2142397
810423
-308015
-1547215
-505228
919598
135034
1372882
-282444
783983
352273
-281019
1095456
1175308
-608542
780978
42030
-723218
297305
801712
1716201
-694473
415130
1045975
666458
-516923
-289421
271009
-793698
-312017
130670
1831653
1073100
605753
166824
-374595
-219376
364267
411487
2238839
2153726
1774854
1759041
1754408
481092
-582761
-477872
801035
-604231
791943
-850936
1981097
-1154868
-948162
1480360
-1792354
189693
490200
-428992
649964
518813
-747126
1789119
1294553
78584
-61489
-84033
-893202
-1004609
128679
-983968
2192185
-104276
1031662
-552094
-891225
3088857
728589
-768340
1296572
114300
329060
904444
1731046
1113657
-239287
933791
313506
39092
-241943
-1126534
-2346335
1088082
-824891
49236
-558739
-486232
323137
-2352269
-25204
173394
739621
-25172
106806
-1511675
1388291
-2352346
-387571
-1295173
1219143
433711
1567165
-354054
777189
1723229
-1085136
164180
448561
1482461
-1410899
467172
17613
-1133849
76002
-1728250
-184062
754996
583056
-49314
75042
-675553
1416054
-432515
845586
-124320
561980
2074133
-484943
4667
-426095
2189791
-66684
-282905
469926
-157392
947866
-618584
-241782
584236
-580181
800321
410928
154747
1233266
-132290
-226881
145281
-252861
-415031
999616
-1055707
-1626008
135091
31451
1243958
-1158700
1750868
198239
289718
-202182
-44474
268744
644447
341124
-194477
1845234
-116873
528161
38508
-604019
751221
-693282
-636773
299104
1018121
-316835
2661670
562400
27661
1417892
-966155
1595389
-424326
1610600
-658784
-299369
-285578
-269259
1635191
-509386
-57044
569657
-453367
196251
370720
1261249
-151340
-129122
879629
389872
-843979
746348
-259232
75660
237832
849429
59849
1869647
-745858
406772
-470195
-1272214
-950785
-2054540
-693535
40624
-2032596
1014168
-951379
-976256
1834874
-2100810
540336
395890
610332
-62967
748472
-948894
-1727305
355809
165026
1602382
-137294
-372399
406311
2173968
-1238564
-953490
594130
641146
-743661
1129792
2556127
1919409
-1150121
-882987
-640923
330043
133536
-1041596
-266881
1199569
1283916
-346139
952873
-1030804
1588709
-1333117
280578
-422379
358832
-1789752
-84942
-1324231
-756909
-253556
-484248
521331
-629930
-200401
2235588
-46238
-187168
-107116
463721
-598033
-626622
-301587
-806576
-51650
800804
-116818
-81940
1716095
587613
400337
-476484
-2126056
67736
-1226040
-86489
-328724
-318941
-681799
1010175
1571124
-780701
1328821
756386
775245
294990
-597969
519822
-1739579
9754
643996
2070821
481033
1309959
1596120
-1459869
50300
-1545561
899716
2233446
533689
-355329
-2810551
-457962
-794949
-802448
315884
-868195
-74006
663207
257582
-973713
-320580
-373133
206979
1270597
-461172
433045
-1233019
-10617
606594
-718338
-1315757
-1137196
827533
-1142720
-1705158
-113826
-2049520
1384562
-206269
422
-872845
316167
145012
-172402
901881
-985178
341518
266830
1105206
2827411
-1364976
-692506
119329
-1907848
1411494
-115508
-273856
-121781
-2066797
-1059327
-382753
-14292
-2700859
-463739
35724
-496197
-637127
-761421
-1773342
-128702
60440
1371725
-2094852
-783553
303456
-237842
680846
1417890
-454747
17501
-83117
-1261998
-176441
670911
-563821
1501625
317867
948728
839782
-122687
-156039
1021228
1701372
-1451505
-513368
604035
-563360
263411
-117796
53764
-1445159
-713792
-1131565
510236
1016683
359915
-328509
299970
-1067007
-366292
-2664861
-704267
-168364
515480
-961435
91852
-675224
1087513
209771
-420507
-500991
-1251459
502941
935277
-211748
222311
1780273
259772
1573221
518631
780642
1285602
1017705
-924742
1138023
858158
-1138713
-1354912
26453
-2357
-1135377
-1391973
1602544
-966842
-345005
-419900
-716726
-1129107
-563003
-1109362
-986323
673062
594369
-432957
77726
995499
2491906
795131
-934480
-414399
482458
848433
19177
130117
-616633
-362156
-102669
306082
-528927
-492896
94054
86432
1326799
610277
587957
644524
1387370
-1568589
823903
-919247
-152776
-366512
280561
-398930
857180
708868
-5167
-750073
-1640881
-3045158
574523
-561387
-847608
-724604
1157002
-171522
-1377664
1126720
-112087
-775222
584994
-1598642
-1410328
826164
-653697
-354303
-1544812
-859875
280256
-1510731
1107209
-15086
1471929
-96694
-807443
2050948
1547054
-668699
-217926
-724652
534505
-7698
1023368
-1029601
322826
1757384
-3189975
-861138
-264095
-207830
1651854
-471048
-141990
436090
-1623311
1634291
-489749
-233685
91559
511944
-199413
-29725
880228
-197048
557432
-323077
717214
-1928960
-344047
149185
-1006740
-521235
827744
-58283
-1684867
26917
81331
1253044
-228540
257864
-33165
1012777
217521
-939690
-552914
1165249
-311950
-134090
1468022
-613394
421061
-416736
788081
-490023
582429
-431004
-246582
292113
-1297271
-988335
-1802886
-1008561
-580255
220232
284674
-326974
563801
-1467664
-313536
425767
1028249
645000
-1790662
375462
-914683
745232
307125
1076626
279872
15374
-398341
126090
381805
706559
-471854
2116326
88955
1738058
553502
937668
884772
1066765
-75880
-627035
-723833
616498
-152442
-1048578
-3149236
-784972
681888
1356321
-860481
-174473
-325276
-388983
-81358
-2875076
1608407
208429
-218147
658294
702705
62014
-206099
942050
-192618
-621862
-461923
-595238
-211358
165868
75744
2225474
223497
-1051477
444826
-1084271
655979
-1518265
-1177247
1094693
230558
-400804
827261
2062769
-336499
-1022832
-388403
549494
2245103
702037
220346
-947892
-1225809
-2941050
-1040520
-371747
-313471
-171380
189020
-104904
-301488
-1031362
-1355102
474263
-277511
-62878
-134690
1101099
-884416
353702
-65822
-1462579
1873068
841400
-809006
1173694
-17182
-919120
602069
-182029
304541
609425
1402069
1736032
2443964
495627
736655
1200364
1458036
-1466537
-65021
-2247605
276002
-663645
886219
-459782
-317879
1035704
-448002
515869
-1252143
158804
-1061077
977703
-710062
-198481
-40425
-1779830
1539903
-1051997
126277
1134850
-1237795
288346
1758923
300400
-749997
126894
-183662
-611904
357843
-1167369
916683
443381
-601649
767889
323977
410652
913698
-359731
-1168531
-1892397
1233846
-203527
-1230070
-451115
775085
213795
-522956
64175
-39692
-300935
807470
1913647
-459244
-695753
750678
-1809070
130654
347645
699405
511296
713693
256399
81082
197338
597314
314092
1162266
-2272167
326014
-66319
214659
-176163
1126308
-533176
829806
-1251499
478829
240179
661988
-903209
656277
374806
-178250
300073
-25601
-140983
212706
-883166
157208
37248
-990095
-1420832
-540009
-891733
876777
567779
-779770
-948101
-294683
-150432
1364524
-105027
120501
411184
791020
-143496
1131368
-221956
-400222
-334831
-319678
281978
774902
913049
432957
-318372
86590
-2156547
1477188
-100828
-387438
-1314750
1134215
-1493665
-134355
1348823
923499
447974
888846
666352
197985
273356
661253
-46509
-846291
-74097
905060
-1090425
723932
-196079
-1788075
292811
27930
-402855
8184
-584151
711882
-843436
626042
1011736
-1079207
-573392
-894754
135258
-821300
520248
-49128
839217
-1161555
2515831
-171989
-13108
-779050
-663926
1030198
-884470
-720326
325975
-1077585
-876830
-996369
1664083
184959
-600549
1420811
60856
-371689
-2140964
150172
616963
1121487
-332449
-167755
623159
63287
1050540
-272162
-517353
-25389
-685487
-288133
275817
930980
333395
-1224392
13817
-423676
66681
463012
1060905
-1043221
1087494
-415960
-964706
801230
-471240
91665
-511274
190475
-1847840
1054001
1455271
-28178
-1035568
295702
697551
-371546
-1192976
1168721
-190997
1502649
-511005
1023988
-709441
424968
185333
1992343
479814
424408
-1116558
-504342
377147
1309595
361649
477916
2005490
1312238
-1435654
-555574
-395181
677946
-596462
-516407
9424
-796702
1915455
-1469424
-512993
-671310
2169031
-1377051
521905
83003
-228782
-907863
-1233468
-634277
-393098
39143
244115
-857298
-351095
803654
-1067819
278216
146552
-1524068
2229752
320772
18247
-1331314
-638219
-705540
317832
644820
354308
-521704
-2291515
647328
-731114
211544
1759318
440276
1257324
1491272
-1516096
303579
388462
-159048
2358317
-855620
303640
-444499
64775
-588882
-190598
-63885
458055
151497
1270198
912946
64905
-871646
359718
-667597
870503
-874449
65276
1003404
2567908
-578815
-368188
6091
719681
-611970
-1364111
981144
-1056705
-18029
357444
538772
-45571
369573
-1032618
62683
-230204
-1170511
-1678006
-112354
-449124
180713
67206
656332
-1211343
-607921
-544850
46391
1545009
538296
1287902
-282168
-1948891
-883367
-546823
-1174379
-141043
355115
140137
-667614
578661
254672
-1846484
1120135
1000842
-403523
-349229
-37140
832732
415936
987362
330931
-1671785
-458535
-133908
-520466
505907
-1783077
-1065395
312561
2171658
-172316
-1205993
-895891
1722208
1006647
-1189659
428089
-53824
-112160
-733248
-1025651
-376129
-789061
629193
-171427
397565
-58545
96584
-176071
-659056
947882
640855
173521
130470
-109908
-402944
35638
30010
-828134
-1570146
346782
114414
257104
281838
2064766
545276
990204
-364208
212098
-832252
-553243
-1357268
-1347355
-259393
-197596
-701840
-15184
772348
-193043
-839522
-76262
-213627
-165922
309488
-160987
370287
-749450
-832901
957467
379704
1025168
461577
1050272
1028249
-1463648
235057
502924
-1909755
1208356
-236417
425932
413625
-1364355
-128746
148300
-685731
-146998
486915
-715047
-2260966
-1071634
151234
600753
-139179
-1045819
570498
-821100
-29169
776743
376106
-856708
1346093
178688
664088
1233615
957887
-734013
-399272
-929505
523911
-814855
280861
460283
110497
-1423604
72661
2071049
288561
-321656
1378640
191536
-112733
-443704
287249
1963401
-642886
2273
1270640
-326778
474540
34641
1538265
388606
-2908288
-374012
-122389
317559
1317848
-509867
1276013
2009703
-200988
235205
-78177
-480230
-68804
-710697
-447423
-568579
70413
-695692
316202
191691
-487717
-1163460
-194514
1209348
-546061
206969
-1389781
722176
-263146
-192658
1417820
-898763
-877373
541460
-356089
1112885
-1070053
-1492928
-330293
332964
-250327
-1114235
-314042
-635120
728918
555598
685798
-1481641
1643589
127454
576444
312989
545013
288801
-3268439
399700
-2027290
764414
1582771
-1078428
610331
-983788
1309535
52372
97133
26273
-198805
401663
190623
-1458896
1098404
71872
452214
-358107
-68125
-784315
-1372434
361613
-1539116
-50962
-404342
20814
-675411
27088
-597230
-388781
2218898
507001
279268
-1248443
-1124108
1243474
2197830
1041716
-775748
-463048
376522
-1428860
-2327069
1546816
694688
23744
-1058110
87970
-214918
-1750912
-2016060
-2339464
-530939
306572
-223265
309126
-98171
288538
297716
-265660
-29459
480725
-144097
152458
-86219
700270
1745255
780995
-69033
-1498748
-264658
520054
644114
-679374
479588
1657147
-1187091
1269715
-457501
-1053023
-1313620
1468529
545033
18465
570025
293854
86135
-814735
508874
692950
501214
-35414
-13408
946132
-414891
260299
-575971
-810154
-423842
249670
1559004
-825255
966549
284806
-28132
199161
463759
-242244
2206995
290042
-419217
-17132
308573
-846496
-797006
-929309
-1351899
57803
2140233
-482992
167585
24532
776093
1486560
-675433
-19386
-509545
558804
486739
808358
-983406
-505457
-934386
989109
345401
315392
-3370599
715025
-1152158
52116
-11106
79754
-1746468
-369200
889012
-363092
875282
132637
-181985
-653001
-650547
1085100
-131090
-1707267
1584696
-818931
-654325
418842
-604922
190806
180287
-574012
1448065
152976
-177323
-1064919
1410949
233891
557664
991701
-16073
370379
593457
74825
-169597
-352531
318702
-1193285
145008
2260543
-78996
1006834
-792904
1710828
1141060
2873578
-1290893
104663
-2264483
994534
-910713
-593250
643565
-304928
43503
-190588
958821
-331034
-195922
-1025227
-697400
-277798
800370
2213244
981430
594262
601463
893940
1853211
1289058
-785201
-1006981
848048
-683250
-4136192
667890
1474032
370597
2210307
924468
456504
-1858382
17174
260947
841393
-307208
1929590
-855093
112559
-8355
-2312
-139601
-1411268
-1305822
-91850
1310744
-110037
-1674406
800739
-860811
333350
682812
320177
1077122
-453801
-611080
749308
-743384
279453
-1269020
-1554771
107433
-588838
-46012
-1506670
-424731
-106780
-116855
316363
982246
-2147357
1241716
-2185569
-605597
437489
-2289919
-1143041
1476862
33503
960679
321449
146187
292991
-562673
483111
409791
-497385
-138007
-276519
-321331
-25476
-485987
-236536
-290666
236639
-1903538
-1477156
1212345
2558861
684021
10282
-1086114
-670471
-409352
1056359
1393485
485115
116893
-167821
841201
-687982
-581215
10617
1240681
-96386
1493506
-1047194
599937
74943
433344
-1307493
366268
-1456000
490079
269190
605075
-702272
72335
836544
-562048
55318
144916
468103
-16500
494519
1008015
159958
-237759
-214677
643599
-584072
-735707
-593530
-152671
-1257006
-939785
261517
-899535
1391498
386722
499091
-839338
-227450
364945
873387
-381195
-1928387
595481
-195509
-709126
109103
-99133
-327915
270084
1385333
-707217
961312
-740524
-51770
-2053786
204999
-472773
-524282
27529
-416816
77054
-1947015
-1771428
-193860
-870684
-863529
912067
2008917
17814
-42813
-2597687
343547
-625771
14162
557231
-492592
899494
-236945
555942
144914
1208142
-516514
-643464
-1015680
1314587
1296434
-1003608
497888
210492
-1018618
-1019691
265836
77532
990766
-1175242
659775
-225701
-644591
205773
-76379
-1333039
-535931
319473
100071
212661
2049440
603161
-1127686
923982
626933
-886094
467184
-401220
-2919
-246930
143837
-660912
173046
28069
201738
19453
807689
1401972
-70556
-364485
1018405
-134299
-1352573
-860621
-428758
52581
-972947
-46780
1322572
-27486
1017208
482672
197879
-411928
29529
-1814928
-394346
-271324
574695
-771209
-1745784
572411
-730200
-1466325
-1615205
-1226424
458588
-121275
320933
-29649
-1269424
341534
1929519
873208
232473
-418428
1063
1716577
75031
-1103764
-516136
-139605
1431418
566825
-161250
-1357254
-1290338
140771
244865
-243996
-526566
642716
-202133
-408419
-659350
2572124
850729
509792
22400
230843
1421597
-501946
1865647
-609558
46539
1287543
-89717
-358401
-1283784
784013
-1594532
1258011
2114469
138990
-1652609
1579774
985986
-460214
847863
-156309
1757448
592932
-2093681
-1019166
-4902
-956109
-417282
1424517
696696
665101
-277056
408268
-1188150
-100589
-1196823
-699241
-107463
-61967
-513273
-560487
616334
1121838
-440561
366054
23185
139222
-1064827
1485615
-148936
-562804
-891649
953712
-511111
678635
-452591
704470
170747
584709
669075
106715
1079317
11554
-420273
-749146
126334
-1558577
665324
-742435
-567311
-478873
2021446
-351760
-1231518
-645063
874484
714264
-431196
-165301
288554
-743578
436895
-968695
-492651
-216592
-261295
-247189
-753864
-477191
-249276
117076
-5263
1361524
-333131
1646998
63842
-873965
-830574
-284931
-997978
817413
791415
939659
-1182525
-69569
908785
178314
1914186
-758030
121798
1059461
-1438053
1190986
-115905
-296177
1905429
-285534
-406707
2372960
-595652
566190
874694
-7260
1077487
-998370
1401716
-331250
-2111451
1053639
45790
-4090781
-896686
387796
1821154
2608733
501668
-986726
-587132
681332
-572314
-1388927
734385
-186353
234500
73685
497078
1616367
-160178
758206
-880753
593713
-860851
-956400
-302516
-2261505
-665841
997522
-958415
180308
431965
-1049708
342438
-140438
825589
647991
-1183592
35143
-797966
659618
85397
850861
-343104
1450741
-1241837
753542
-1025922
263803
719385
46237
-329221
1538460
163790
-227831
-699234
2334821
1977166
-858524
834001
-21634
334961
568083
-328350
126083
144469
-264005
2515104
51030
1036435
424353
-688462
-959382
-531911
-1355033
-808136
693753
524849
-687605
-2311741
2369716
-929378
814183
-713604
1065319
-451026
1372067
-516285
-1012606
-1754626
-1374365
13727
174793
-683829
-349687
577966
-1093868
876365
-219810
713711
126343
-139283
691060
-34105
-1213212
-538041
482242
1053464
390341
-530133
1264138
1259070
-493626
528835
442176
381244
-1253107
-1839956
-925697
-313582
717309
-208978
-754297
-266213
199614
280934
-998985
-326523
-191860
1358513
-303910
-2589913
1129465
1283355
-684582
654652
-485803
436725
-497420
-475328
813729
-1828223
581171
72185
-692731
-740449
270994
-398820
636139
863777
-355891
-442630
1055191
1572423
-481025
-1928210
-653655
-1447048
1004195
1221520
-724418
-139772
63576
1033270
2045434
679079
-486581
780736
-256111
-278112
-378102
-669076
-1156938
-1370092
-634618
-1147295
300742
-218014
-993377
-142877
-1090723
-425784
-242355
-1561876
-595016
1590299
-429338
-139427
662564
-418862
83924
-447641
1263213
27056
-363024
1033117
216666
-18710
376286
1073856
414636
-713596
-1032393
92841
613765
1210089
2055423
469122
-111038
-511047
29161
-2895093
749125
668693
2469011
241290
57028
1808068
1258729
387169
879518
113119
-427606
-497427
-875880
720226
-1289397
373287
1686108
1755893
470910
-1096752
1248468
2234048
417806
-65213
1658023
383818
40052
-211202
227114
1289559
-354231
-396468
-3187327
354416
1078229
-99757
-44225
-906479
13558
1225859
90877
407598
202204
-2728076
188601
2137070
472353
-1047042
1251982
-1233622
542047
961373
-486558
-258127
547406
794619
-173494
-861576
283191
-767710
-240063
489800
-586246
406656
74530
-772500
24032
1231105
2113313
-1352771
-519404
-1118860
387013
122839
186857
-361839
256038
-148297
369124
-519241
-117925
-1264814
476335
86145
242799
568536
-2094529
-2275825
696877
941110
24327
-778478
69488
1046145
-1838562
487319
-110138
-16704
-157305
809554
1596767
381258
-341874
-1807327
171218
37730
-530552
15397
-566879
1483563
-650921
466962
982572
1862900
-175501
1223852
-621243
226633
73315
-948611
-1203599
1162913
644270
-127935
-473916
401057
-143408
916904
-29159
447062
384603
-539260
-1800440
-2577841
-1129705
-1051216
-394437
-2203226
-6844
784388
-1295137
-1229169
-1217248
1858550
-50819
-220582
-313288
-979742
533401
1205583
1968503
24043
565861
-1188222
446338
45215
-592154
276779
-705250
-40871
497038
-396561
-488755
-307230
310348
1028866
-235359
-397511
-5083
-446926
-520919
915864
-536586
-162572
-1606186
2741366
505122
1142303
-449479
-52031
-1004114
-1789737
950468
862771
464011
349260
-257552
905156
-634380
-827791
-602554
-374998
51839
-167713
1479369
-1532359
1399451
510321
-605801
965578
83792
170163
180296
-410847
235708
-289386
-172448
-403397
805475
1213781
350055
1196719
-449029
840883
462569
-239123
1693537
1212404
141481
221582
-564477
-502928
848290
-835127
1199382
-980375
-509588
2895236
21912
-305127
771242
827249
-184993
-350009
-2263892
1206689
514923
667202
-332688
433983
152084
-833541
785132
23764
-77889
736718
-98662
-388786
-339157
1884654
145982
792963
358623
-275051
-756725
165438
-268097
773147
-1064202
1169125
-1642290
1066366
984643
416795
-1209073
-1020283
23405
-363931
-3479694
-181195
737797
-1598946
472944
346072
-1543877
80394
746117
603305
500724
737370
-944923
318809
598421
-135687
-186326
-877693
1185098
-413875
-925647
-869833
-1096776
-758650
-9923
-579622
-1074395
-380450
511133
149446
337212
-1016671
-1983463
1516496
787006
981121
-89615
-1166816
586313
-248298
-1091429
2407352
797466
-66813
864255
939903
389487
1332281
-355115
374748
171587
668720
-82929
-808629
248234
742905
88211
1699175
-374414
1509611
-1112342
-181869
431563
227262
-470207
1335073
259711
804521
235619
-3288
247712
419307
-358301
-3533674
184823
-104294
-1394174
-3299752
1963517
-419744
880536
828959
402796
531085
-1589376
1050029
264814
-1141927
628007
-1306884
1625012
-1543141
-156763
-1146654
-121740
776332
951207
470439
-858807
143985
-611785
425204
-336961
-184296
-743139
-566771
743185
-235080
-352885
929582
-1407538
844946
-753137
2472463
105587
1338210
2375458
-625947
-212189
-415967
-24109
637652
1090640
954282
-1167117
-229174
-786294
456473
-482905
-287647
498951
1391946
635767
-1228289
-1212614
-383335
-336875
-2006438
1546737
-1103266
387960
-296736
-1181219
396229
-574205
117165
-1010428
-485232
123278
89563
509959
1562820
-389489
-660140
424965
-468975
-1351813
988506
-909085
351877
-872116
100360
-301608
-1372382
196160
258684
-1011872
228369
741749
183639
1426821
103822
618544
681573
-1406685
-1050776
-68045
-465184
-1988705
-462984
-128610
959936
339070
529811
226391
1718243
435970
333325
931190
1286475
-819124
834358
1563467
531721
777947
-18545
839697
-732916
-85172
-316112
-1259033
1654550
-1625
54663
778343
19455
-1377211
441981
-161508
373581
3066830
-859247
-1341470
-418624
-580067
-357410
513787
807341
-97566
842896
189700
-165040
145170
