2116152
4276345
943018
2764120
6662316
5377052
49701
4342909
3497400
3900344
-4064320
3776198
-1309217
-2712951
993843
-592714
3272844
6202692
7844990
780180
-1156539
-364174
5033524
6396794
7866588
4451023
1874046
-1128858
6378847
3760237
5057878
6594085
-3007711
5359816
5326176
7089528
4172161
-425014
4302895
2117590
5513517
1593423
6212974
8269528
4513791
-536730
-1365344
4228604
-894615
-434892
6780828
4991939
7380840
10507336
6555754
9596150
-6605061
1366123
8746087
8452863
6718082
524332
1559588
1310928
4164523
8045595
3769436
-2017220
6618123
4973637
2264921
-2248968
8300026
2124378
3360059
2145526
324910
10502388
6926259
7919293
9316739
5895609
104821
7656075
-340770
-2915484
45648
4726705
-2845638
7763225
6969396
653474
2010808
-3657659
7174576
7036588
8763652
3908485
8242710
1940873
248298
3363972
501259
9070160
7709958
5117643
4482419
-3081793
1833130
-285827
-1211874
-428506
2636024
7774942
-1151721
923982
-591927
7203142
1349270
-1130694
3484302
3275323
1546528
6835659
5037285
5873145
7996302
175489
2563321
4542531
3269503
10502472
-3299834
-2764
-358018
8236601
4817581
5103077
4161740
-3910419
4578384
2164660
10290564
-249843
7627388
7994998
8454828
5160519
9772875
1473168
3560682
8349582
7760127
6972966
747304
3761455
1424790
5196852
6807559
7786698
-319016
1801143
-525603
2159750
9173380
-464573
-1407798
8408263
5677221
5098174
2831099
6444859
-2820208
9242622
6817519
7672845
-5244054
9395798
1013994
1492532
6171811
1165630
468311
4208754
5293569
4126530
8029803
-2217623
7710253
-2829267
5238198
-4078507
8129115
-2112780
475817
-1599751
9837531
5121740
1010056
150223
5592087
-19830
2942309
2280530
51494
178467
4615758
2373620
6350137
14334
30409
-4085972
382670
5006222
6629441
-737241
-1125034
602192
-1870888
3200265
-507469
4222234
7689457
1075504
1678232
756361
5047489
8873195
2041327
403213
3400115
-3584429
9060101
4717674
5578565
6245373
-570277
-3170449
1262357
2264213
7045915
9175046
658271
6472814
4923450
8806830
55115
623293
-305736
4309004
1364067
9875854
2546178
6382407
4695540
6514154
-4681424
7577203
5878426
1419902
2174138
-133179
6734008
-1353564
8471209
-2688163
1330644
-1256567
8777748
900633
6422385
-829700
347092
-1179409
4980731
6820288
794030
7778648
-555171
-2918870
2951934
8182821
1345971
8171165
5077911
10256753
4280233
5688930
7432386
6458852
3883389
-3116630
-3816461
-2279987
-1035314
6764835
3006594
7228251
3751888
2510472
7827346
273918
-641141
4814586
6864683
8282365
-278123
3058945
8988547
3710503
4952638
5368115
6584831
-2720008
8257922
709440
483946
-435529
-431619
1947989
6378100
967170
7495666
159967
1893872
1095643
6666186
-668942
810641
758656
-4312603
4597384
8808524
5815754
-2730036
2700962
-2926364
4799342
3816192
1709497
6942919
9056654
-474498
6876599
8606040
6741620
9082272
4559976
8711254
7461057
306309
3455037
9759116
9439638
9970207
7843747
4957551
-1843640
4759655
9286555
3537370
-1029229
73155
-3807443
2409774
5392775
-174704
4705069
6799299
6481209
4584594
-2075925
3286007
-1196907
-2555627
5825146
2701629
1792874
5869587
9575516
-1020687
3057748
7126986
1983825
7633030
475386
3213143
918937
68967
5017725
-2776721
3106973
889382
83556
8726701
7251502
6170397
-497960
369399
6258647
1086220
2392116
1600572
3685552
-4363446
-487507
3373552
1957700
2179229
6758897
5632931
6699783
9476631
1384636
4866106
5900645
1836244
2000512
4037573
-1901469
4626048
-2640762
6639754
1279298
-914832
8499836
695361
4260830
-4051661
820661
-750794
11808908
3478732
1354272
898613
2182397
4131524
631774
-1249148
-617881
-1074193
-3877484
1272283
1246540
5883409
8384608
1584033
8081003
10452076
4543084
-2800623
-6209099
-1562787
6612007
-4294685
9852169
-2494490
649942
-1542360
5043118
168844
1888286
4153702
4389224
9655879
4459142
3012856
2631672
-622314
3789682
3524818
3524406
1270075
7022595
-917661
762618
6515748
-2033503
9204423
-1772002
3234820
3269037
-264205
3675467
6217393
252366
3758078
6506008
-2986128
6939777
-4212046
10088108
8099074
-219292
4696655
4303180
7460042
4077496
6434918
7624388
-3538757
4464087
1195257
-1902412
139310
4937945
5237452
9009929
3591985
5200710
1296584
10254590
8038766
2130868
8323827
-525445
9672745
-1996812
9512837
7623072
924135
3504706
8516361
7157950
7116228
6316916
7180867
760001
-1176226
3517753
1600933
1099958
10655326
5721556
5094580
-1996650
5676602
5503
-4677629
-2010116
3529110
7582499
7383333
4456773
8555291
4097028
5514798
3125783
-1083302
6804583
2880930
1047956
9368601
8733079
3549076
4517428
548299
53638
1352162
1193253
7396930
4941723
6828961
8393490
6987927
9697156
-3389144
2912379
4809085
9760043
10163594
1203953
-964077
-2806354
6377266
7386865
-3255662
6469864
-2817116
6649805
-3142995
7332720
-91624
8995210
9215406
1653500
8468850
-3656727
7874419
2268707
-861846
3151051
-2183177
7882424
8813485
8622901
6478913
786651
4452641
550696
-561141
5042477
7629895
6273070
4770606
4720663
2463850
-596680
4040218
8097086
-3913599
-333415
5083061
4718699
6591358
2645896
-3636723
632791
2019959
7769589
350182
10516208
-334978
1307568
6052506
-2525392
4798108
-1461427
6844534
1096853
4596124
4125941
420509
7581258
9311152
40539
-1775784
1540966
-1245074
-672888
5740622
3610660
-1295531
-326951
3588331
3778344
2962154
-919500
-3804739
8805802
8507335
5898736
7233208
5251284
-2874661
8087468
7788136
10497073
8068893
-3889749
732021
6872341
5090197
8720052
-3352451
1594289
6244039
9626627
8222442
4936629
10093210
1216810
4729719
-340872
4599953
7766900
7365986
5174244
6118318
713165
1142465
7677911
8010993
1797993
-156122
861716
2139488
7919032
6618380
3913461
3008934
1819614
6643433
4764561
4035924
8817165
-2725500
3474097
3207403
-3516868
3108151
7718150
2609061
6730587
7878783
8084794
-2253193
6192241
-3356691
7623634
9013570
9514705
7172821
-1703406
3618191
-1024471
8425934
5935352
-1484787
869216
367048
-2000823
217225
10581148
8399294
-4603988
56540
5155588
8402315
1469230
6412468
4325278
8534468
8089586
6643399
8576262
7326292
5985320
8980209
-44628
-1478426
-817373
-785957
1025551
7614819
2063594
6716906
-1400891
11146432
4744770
-950281
6032540
1441511
7925331
8475561
2366507
6149912
586970
4549813
7163837
-656305
9036342
1959398
7266131
995023
730350
1035903
5459
-1386390
6788648
-1553711
1359030
-2917468
930703
178781
-1707134
6308055
8451527
5577312
2766510
5238017
-457042
2399499
3549806
1111228
1255428
716628
5049503
6665146
2965299
2311225
7083304
58907
506822
-2710662
-1403743
434261
3295804
6404357
-297282
1614623
1104962
3498572
-798898
-785449
3190571
6988993
1650026
436313
-21325
7205142
3281018
-1564266
7615001
5044221
3095340
6548048
6104080
2403653
902076
2966106
10029190
8116256
1355852
-778393
-155097
5694770
-1177856
5644290
6679973
2388653
5469775
587814
-408420
9321027
4891609
8333322
37510
7377993
-2696763
1089434
5077562
-2761141
-3608455
3049647
-2544785
11358544
7452538
8284605
10593651
4040195
1382311
-1676776
7207451
259579
551740
1672001
8104026
401751
584423
10216849
8016818
5538661
7736575
6130248
9843868
-2494775
5522914
3789364
2589364
701833
7435839
-3368889
309672
893668
-4838581
10832801
9308432
5779520
-909953
5870041
4727755
6172278
3141419
8468176
512179
4832580
453206
988009
4435459
3897509
2469083
8301100
-5722267
8259280
479468
8373086
-299471
-166311
2822070
-2546598
5274549
1248092
7429645
2212525
5821268
-3821781
9220415
-1976206
3272871
3332755
1170334
5677791
-3944798
-3436211
1748986
-2817637
88199
5297398
5530492
8851803
4579943
5836945
3385615
1847011
529273
-31035
7537083
4563908
5612693
2630673
4027992
-613937
-411133
8609419
5004111
-925962
3372260
7156821
7611671
308267
8747798
200210
4498437
7623698
8176641
2352103
-2249714
1571475
7213186
7261992
7231862
3285517
2386429
2835637
1251987
4532259
-1219231
6836772
8196820
7454200
-1407405
739121
-2109826
8393086
7136916
1145845
7115923
3465689
-326290
1413854
3056697
-556974
6311634
5287654
2322538
6885532
7441761
8788032
304976
8856151
-1667192
7485375
-1779816
-1013461
924126
2345250
-274610
8334851
4486431
1699720
738071
729794
7730704
3988871
5249038
4917572
-1411970
3599800
2851409
1436761
4616926
-465355
6788805
4001621
-2932502
-595352
5249246
-2235662
-831172
-253044
5147483
6575142
1727949
8336378
6250685
8423991
2633137
5586755
8418907
2584496
1430284
7524629
226139
186357
4622500
102716
4011204
-536489
8356668
-1833218
8401625
8974949
-3574339
2012808
2913400
-605053
5755446
7153894
7673198
6976726
-180101
8441256
148493
8832464
4635687
4417920
10961734
-3024084
621300
9848799
-1880300
4655339
7033112
5953449
375851
4383827
-293708
2510405
4758223
4482502
7023547
4126513
273579
7599740
-1617049
6633066
3190324
9381574
-2767201
5966913
2239801
7151473
7539878
2106650
472761
876414
1732447
7663821
467716
-3475428
-4849253
6450517
9727249
4274373
8025945
7007218
5599100
2101068
6626163
8185099
7396339
7228973
1873593
3142174
515422
-1637777
7915929
-744443
1262086
4634333
1017868
201711
662479
-463761
6583297
-2180976
5078348
9101135
-1839452
2729675
3249849
-332639
-2649671
2263442
4222047
2980628
-1165964
4254757
4025712
5990227
5300075
-2133189
-722029
7616336
4864177
-1796091
2306294
5904668
-936426
1097370
2616860
439172
2678086
2578510
1337499
-5218987
4116162
7347771
3191209
8666176
3383013
5271417
2245469
-1832456
8221455
4122612
320890
7784639
-768142
7161565
8166545
522641
5795045
-1398691
826264
109672
432974
1925111
5509930
-2455179
4277462
180413
1301113
-3994230
6729587
3925011
3823900
7413271
8892850
-3234896
97605
-1483026
3525126
-494013
9873711
-2174805
7233115
2400077
7890570
-3663508
7404989
3373423
-2784854
8443294
676571
7621228
8257800
291362
7916691
3796006
7214533
7123547
9278169
2917099
444199
6662204
8083477
2722492
-1833471
-5779794
2785761
5915442
5505746
4447274
-437275
6894664
-2901005
-818174
8856446
3863227
2529905
4396263
5172351
10139411
3606518
6973646
-144265
-3035851
-1460441
7197379
1915526
8214620
2550767
2315066
7354543
1410198
-2704924
1812547
-3735650
2300999
5368943
5585591
7866304
-1195681
-1135603
384908
-2246957
-951132
7049170
-4454943
5449422
9189039
2608236
-534155
-4069421
-3139140
-732063
430256
3663732
3767491
7387943
4481690
58675
4189464
2593631
6617734
2128224
-346409
2305386
-3311241
2697955
3184524
4522647
-971933
6724882
1165004
299496
7721156
-4992200
905139
1926598
3299936
8282115
3217161
7469823
3773846
10341639
-579608
4364647
3611576
3619591
2191287
6392828
9037130
1229757
3382164
7033932
4502217
5298765
7692253
6604617
-216781
-3721061
-1459898
3238663
-2325276
-979704
5030577
3311601
6759704
-3054915
231063
11142353
-512370
7921133
7019107
5011660
8885368
9182047
-51502
-2166715
1086375
494434
1178685
711131
6822407
4185087
1028482
7630849
833209
7152151
2018204
9031787
866656
7825774
4414307
819763
1883888
3817430
474754
-107232
57031
7416865
7229307
-3923156
7961043
6482114
-2022757
2257856
3333098
2382188
5903587
2677856
9281424
642764
9293019
873887
-297085
8280094
386427
5333385
-485636
655511
-279755
9794937
1169397
1640208
-896277
8257278
-1899075
1615324
5414486
2471022
-1276573
5122382
822907
2222033
448167
7138847
9607937
9670395
6335390
-3942690
-362188
-16000
5602423
8859707
4687663
7123929
2530564
9231543
8206488
9511814
7542599
-5069839
5434482
-148555
8401364
966299
4026602
-3062468
3377205
-1138765
5700137
8683868
4502044
-2738905
8412576
10676914
4857157
7102740
4383598
9459131
7244511
-2153260
10318665
-3314241
8263108
-485679
-3140441
6948490
3920355
5502078
1620439
7450518
2702309
-997440
10077498
-1229681
6063806
3108224
-3047037
3771693
565413
-217911
7796811
560626
-307800
4152057
-3111340
892683
9381054
-1260983
-2152719
-217648
1010304
1056272
-3260994
-4515017
7388254
8478554
2902272
-785395
-243995
7626519
6194909
2713815
3286889
1658474
-1409622
-532646
-2868447
1433322
-5575393
1635102
9834434
2979336
1892549
3302656
-877531
8874859
140431
611281
5750203
-614103
-961118
7803483
5400665
3936724
-2043955
8750191
5012542
2780859
1923462
-153120
4799083
3578717
395889
-2636085
-138533
4404386
7635824
7242466
5084338
5346690
1159054
2060800
335025
2172155
-3298036
804171
5122669
3252412
-1074798
953677
-613374
-2275107
8584757
-4185726
-4466574
483104
6116671
8043444
-457819
9742304
9698706
-748689
-1692831
8187810
-3062648
-436839
938732
10573385
8897453
1989501
8035818
-1068367
6896098
-743549
2342624
-3014775
9117639
5775902
7993578
8225959
5528523
1338862
1423070
6665603
8144719
6827302
-161523
5268541
4280760
3509491
7446246
5616335
1086937
-2907503
368238
-1777935
5883266
719376
-3810421
1116237
2579749
351281
2468706
8263199
9238189
3894068
7022901
3325933
7586243
5077312
-693070
8245063
-2066267
-752681
3475944
4764429
1145767
-118775
1235053
182141
1827947
5962712
6700068
1929683
-894498
-5132050
9739387
7723325
607704
7249973
-3271458
3319399
-1116741
5497629
-303960
3544634
-2165391
-2183106
-1080154
4067774
7154155
-177007
5169940
8631562
9567043
3282684
6461812
7319731
429009
8615478
7555984
3980607
7080396
1722578
584250
1028944
103917
6453574
2791587
8274232
-374634
4076560
-438532
3289508
1792243
-1450214
6017002
8633581
5971022
5316544
1233172
2045560
10011818
5243909
3551409
-1236950
1868691
-432651
162308
10202894
1298723
4711890
-16293
2683764
2175973
3402767
-2968738
-5378566
-3367583
8120948
9463763
507645
-21809
-2859714
-1463875
750467
7628882
3005416
-5126695
5075914
7994732
-4323464
-700635
3972050
7373139
-237130
-1971531
-576470
8974634
6898999
-3385328
736003
6415862
4561763
4189341
-73380
-3300257
5329640
2433011
-2881362
526573
9437261
-1845918
-1722654
9298926
233819
726641
734769
3843803
4423914
-455819
6880415
49934
-457976
5239167
6458458
6565374
8106472
294986
5740850
5921196
2066502
-56831
882442
5240497
2267720
11035775
-1156571
-409901
-617612
-5432838
5728676
2289144
-457496
7133159
1451188
854145
7726563
-89862
4431725
292612
1222469
-409600
-1234601
9559647
4554213
-46487
5978241
5382882
-747089
6148168
4726619
3325483
8484107
3579407
7335777
5302448
7385822
9294443
2295672
-3037819
9435163
1096760
3476514
-4342585
7574730
930379
6905038
-3158910
-1095568
-3486773
6297608
2436179
8039189
5256700
3532808
4100483
256209
5552354
-701925
-1080873
4477034
-341073
3161668
7013482
2403666
9000217
3257052
-52152
-4103128
-458071
8379163
1532822
152331
3736529
5747567
5260213
-149833
-50313
-106099
1024900
820111
-701405
-1507775
5045480
7791289
-1233605
9101398
3111640
7468761
4280249
-1154812
272985
5084668
2824159
7041932
8279160
8649058
-4918884
2010859
549939
2588230
1993722
4463812
8107928
2228964
2135950
5966341
-378554
3077731
3042106
-752169
4152886
479892
5598374
3872517
-1282956
7553042
1667968
6146203
9063433
-2980855
6680284
4876520
3552477
-1189279
5407706
6723210
-596506
-42672
2263288
606456
-4293341
5642932
2042341
11579159
9038550
8703103
-2279614
2500768
2084775
3424733
3830925
9173370
-1902262
-362492
5815440
-323595
4139086
7927696
3165862
1371966
869625
1449299
2051379
-60849
7928446
7120384
1993735
-1014912
-3317223
1088018
8213072
6865986
521310
4600516
874227
3429583
-2021325
6368873
-4142404
873406
-1708743
3039852
-674486
5035516
6579269
1373161
6427899
164632
-3426331
7539491
-162481
8674230
322352
2483949
1515500
197815
5675130
309615
2426250
6219321
415104
-28023
-564512
8718370
-2634116
-686576
-1407168
4629827
1829147
-4282842
8501901
505362
4998195
404118
1333684
7419540
106745
6871453
7966704
2906170
7905283
9484483
-27223
1827443
2006347
-3485740
26935
8960519
4278075
529529
-1585965
4755419
1759786
3955075
9043400
4267647
8091015
259213
-1956938
-693213
-463524
-4560422
52588
4883286
6790232
-815127
-740691
3631990
9180150
3388246
-1652840
-1977522
9554748
6894181
7451232
-442150
9601278
1818213
6566617
-250225
7890799
350661
639432
-79267
8965792
-214467
5754532
7450552
-331957
8642872
2748516
1781451
1028836
-4048263
8345475
6296891
8954040
1258502
5906366
-2838674
7422803
1484414
-2259558
-1494070
855839
6426278
5524069
-2757247
3277628
10040020
9593948
4190578
11713644
8555105
3368820
-1146577
-487144
8000901
5457378
4282576
6345906
4050842
210243
4432996
9698330
6294264
706956
-4787341
9841699
8147625
8029020
-567899
2395196
-2274656
2830369
5983560
-1509608
992789
6099937
11397576
3576267
2707105
-508547
719192
4502124
6130012
4241137
5401659
-5280633
13168322
2426017
-2265636
-762323
8177433
1066183
7426762
5527132
1009894
-375340
3349143
8338398
3570989
3064532
6096796
3241266
6816772
141203
8060752
7035188
-3186739
1728148
3978461
8760317
-230004
10479353
-261882
788805
-1043518
-3700768
575196
7245797
142630
9079539
5247439
-1072730
5858186
10788985
2248648
4065771
4785232
-195820
-1937907
-2793958
2080345
-2855125
1863557
-433434
-2083396
4189512
1333700
7564542
-610622
5185291
-1303677
-365537
9786180
-2746175
6624450
6715577
2171836
-396744
1204000
-2153458
24759
144032
604516
3025463
6422667
5644049
567787
8118590
4568928
1925717
8945343
-425686
6826197
1598925
7390255
7162741
145414
9551245
-485425
-1857594
10995369
8963317
9817185
8992996
3459374
5088370
-4296765
-1734563
7603092
-1532750
-954620
5360477
6970634
4112063
9042506
8813082
-3451028
-1787738
4750823
3573188
4259207
3502874
1083616
4564489
4714834
-3714342
1773807
-1186670
-4621215
3514341
10050096
7384974
8931191
-678981
3049679
1461226
5560222
-1533197
4552319
-469007
-3811536
5772648
-997122
-214684
-3414694
7842461
3840673
3636097
3004236
345951
-1486368
3768656
2355298
2746592
8333125
8291124
1024979
5491558
2465105
2066051
-1824923
-1225409
778533
2436104
7189862
7476359
6337121
-3279447
7495076
1995808
-1718168
8553164
7689202
1796722
-288344
-2123299
44574
-800954
4017368
6651580
-1977725
531386
77852
7182798
6793198
9601388
5036206
3827365
-736203
5231214
-754274
7646320
9097599
1170860
6441710
4338374
-1006658
4004987
319809
7332887
-1113916
7800414
-629218
6283273
6901761
1984532
1481644
6526879
7272703
405850
-1808144
6399221
920725
3420397
149358
-2634768
8970301
6202700
186948
3558062
-1723493
-3170987
8610971
9448478
76259
9280974
4694247
9185310
3824034
-3529150
9081693
2558103
-217495
5537993
-4844067
-2769936
7511679
636779
770749
1603544
4263793
1228024
7627670
-3787707
3504603
7229748
5132346
168586
8036996
8530203
2042993
-3902722
4260181
5382770
7628183
1048484
7348502
10119882
953278
6182249
4813389
-3082843
-4558360
-4897323
7556079
6190773
553024
8130069
7068869
5547841
8067611
7052181
8503745
8648293
8180057
3513292
695846
5781383
5610905
6217790
8321617
-238318
-5223047
3140249
-949705
5907823
8007179
2646841
2627927
2936900
-740388
6733833
4497713
951307
8430771
722433
-2682865
-1977866
2791135
10620858
8382668
8985835
741064
8551380
10094908
5420891
501129
7888759
-1102025
6022763
-1290182
5116310
9117440
6281109
-130330
9242007
45739
8154166
5238604
-255625
8968975
4515602
5916789
5841839
5651229
7119477
-1773194
5907532
3962796
-1780475
-1719452
-3282753
4535997
4183988
2839185
1455158
-375471
8999122
-360614
3934676
1525749
1854427
-2436518
-2508764
2386545
5745400
11471374
-26662
1485679
7954105
5918022
-1123670
6728132
-218853
6889983
1967814
-1975976
7556189
43397
1427609
4960812
-2947552
371177
8351478
3848624
-1375269
7309195
347766
7771327
5687639
2437672
968180
5355948
9005635
6243610
7906082
3776005
3981958
7852024
357457
-1725098
3703700
3260958
3307939
-973140
-351856
8461467
9075989
-4134121
1114859
3083629
-2946200
-112796
4074536
1302013
3819098
4485692
10404546
8823290
3559876
5335980
11238232
8530415
7243947
5421616
4761008
-21982
7259084
5251545
5995986
-1816810
10754960
3268469
1002268
7639330
3109928
8910137
6390760
-2804684
3498947
5396372
1795498
7498900
1723319
6172383
9079498
9530490
-50845
8878840
-3848270
4181045
-3687435
9394447
4900924
2533455
1278783
8257093
4620465
9042894
5247279
1863996
8812139
-1508594
7996768
-1276513
3684942
4812083
6990481
7979603
3902768
5794523
-2646161
3082916
-441453
3636025
446651
5829038
556306
1461085
8833789
-1160667
513038
6383433
1563213
-1410908
-418246
5162918
148644
-2829673
-2983520
2772194
8010879
2499616
1439034
5708005
6850898
-1081202
552499
1425228
394945
-4501706
6636310
151215
7967918
-1946946
7273102
-2099598
4389434
1351737
7512676
2633201
4665396
6468342
1344909
351695
3447221
-2447573
8078185
7689705
8013403
942892
1035620
8031968
-4787009
7157707
6471041
10606869
4899294
4870321
6125085
-713616
7996225
9144030
-4159079
5343053
543523
9822789
7059872
3651030
252221
7857886
-2676980
7369179
4464361
4601556
10502101
2584179
-802114
8840473
7944602
665466
-991301
3229993
-1352524
4275790
-1639819
-953316
721424
460718
7634757
-1525416
4794072
2031706
1724230
7450055
9700354
4987925
4213685
4064257
-2754776
6515322
4119461
1580994
-638992
1665912
780350
-583947
1809956
-1197227
2215153
4133055
4206640
6737845
2761360
2473736
6026540
7490033
3719960
7191816
-296946
2918082
-4529117
562469
7569889
1902084
3793371
7010211
6880839
4202779
3176422
169564
3078869
7539313
4215325
757940
5179742
7672043
5765855
6567396
5640541
1750734
-755891
-604180
8989199
43445
6815057
10745503
-174755
7339597
4833979
4054669
7807287
7835091
5004533
-500943
7212490
9136867
2913559
-1753176
7703662
1358353
896220
5440307
2624902
8967241
443480
9707967
-1898695
2263220
8028887
5370494
-84156
9706211
1723089
8358731
-1549747
3108892
8669506
-3813815
7483296
-2010031
10278549
1737901
596870
3397754
5934063
7617365
8133538
8836079
7926484
4584545
4706076
6187227
-1975440
4566024
7085625
4018762
3066466
8666378
7592403
535560
8355297
7576432
-905892
4537090
1453858
907886
6288614
1370112
2152724
3752175
3125820
3135509
-2532396
-992322
1676607
397508
12253397
7715185
6244497
6626326
-1828171
9873687
7672068
4333019
6152814
2036294
1967453
-3324697
3590981
5058045
251391
8398556
9573173
-2723079
4711995
5527425
6850537
6883540
2130695
2886961
2033184
7663650
418894
-1015057
6942827
-3894893
2141248
8838247
-556650
1823049
117590
-41452
5775027
9800373
-3993461
-298973
4284049
3142161
8748751
68766
-159718
4748637
-2910366
-435259
8120176
-841900
5538512
324290
3693280
9244016
2373595
6459851
-280177
-453881
-816703
4600172
4597420
-3390077
3651443
-5125752
2011158
-556765
4436545
2672547
2963804
7479822
-4386995
1637978
-595505
3494496
-1044416
9422473
4433852
187886
3387607
1906391
4065208
479245
-4227602
4960878
3278975
-3627614
-1455835
1170404
8355681
2016940
7701777
-4323277
-548369
8296430
452300
5850542
5500436
279637
2085809
-992476
1497741
8146807
332278
6746689
4708279
1017340
8956458
1728374
-2228110
3693246
347140
225635
6651154
2398701
1674837
7265734
10742928
3406621
8040299
357263
3998779
665922
8235160
9631686
-31367
7947770
8651968
1180673
1000374
2841964
-2404180
-1944975
860699
3250146
3005678
-850772
-768275
6205410
-927054
-643045
8932101
7991320
6693331
6864158
8426942
861211
4785426
2215854
-159608
-257166
4047683
-3021878
4111205
2281234
3811390
10389991
7271802
9155612
3871555
-3125368
3916948
-5070336
3385749
3900502
-460070
2592766
233654
4800824
6403475
8128552
4049486
7055771
-374328
6690341
9320462
5653918
5498586
9179533
813547
2313382
10223666
-346506
1455173
10972114
456216
7452550
7321008
8179162
672896
4666243
367105
802259
4430742
8529586
-809861
4663940
3180234
5472978
548782
-199830
-2794342
5587579
5306114
92944
4389647
3540369
3974301
9037884
-2676047
4782563
6671183
2269860
6172422
3329435
1406129
7244188
-912010
-36476
2621117
-3884301
2728623
4961430
-1050530
873392
178990
-4654497
5639444
10534825
83593
1020833
1942032
9053723
2710280
-649372
4250042
5703678
1716943
448580
3526592
4683865
3628830
-4482789
1162428
5875351
6061629
6212993
-923385
7817485
8112203
6225466
-144032
8657006
418714
6157144
133452
5164272
9243204
608156
-2010157
1419454
-1943210
4771223
5035511
-772748
-4716861
4443259
238563
1962214
-371959
5100422
6082396
1390078
8347332
8710459
3787129
2294272
3020211
3483902
-2076173
-2081938
6331692
1764432
8700979
4738342
1099973
6384902
3046897
3357692
1291071
8421419
8172117
1282163
954250
5685006
4046777
4095241
-339981
3291826
4824230
8493389
-2115763
6281653
4808811
6818617
2489510
1710987
-515819
-1639028
3945392
-268736
325471
4177188
4490115
-1516847
-2315648
2079328
7406045
9106576
5177357
-166916
2987029
3718666
6640299
-286257
5947498
3007187
5930883
-3709718
8161098
-2186335
-932282
6609775
-654984
-748648
3009965
1560453
6347342
4664455
1035175
9074672
3352892
-1783569
2075310
-901159
-1648207
3488129
66184
6199745
-2838235
7642736
-2273364
803221
3351056
598340
-4880632
136923
4468301
3115420
7762315
9680334
4050683
214476
4795890
-378261
-2292846
-2422648
9865915
6575484
-3134485
2632140
-796531
-342460
3645783
7576216
-769426
-2304350
1507086
3596445
-960134
6470429
4457172
2780881
8095298
4560833
4679210
5617718
4977415
10182899
3732606
9541068
3110673
-488078
3532233
7826445
8942576
-221677
4275533
6088250
-568155
753390
1045196
8996152
6135149
4676065
5582934
7015815
3440190
-12617
5426878
4584506
309573
1082425
-945124
1800615
4341533
11719450
7868875
5697638
1178231
7007328
1199218
7275063
-363513
-5995908
5425077
8796350
-576803
770920
1058956
3812952
-640245
8823180
2973839
2907099
-735784
8451922
-3210524
8807866
3844862
4837149
7914158
-698518
-2983732
655112
5081114
2980412
761798
-2977586
6897575
-2325751
4343268
8537095
3201819
1533328
8737206
7866061
2434713
903500
5323131
6847238
1459878
2790232
9137243
5918983
7320302
-5034971
1287885
-3885146
8498042
178498
-3822493
197475
1165727
-514032
5639407
10468406
6495217
8652269
2067321
5798897
3725934
-565261
4034402
9658270
2646879
3932778
5478711
-620856
612335
-939348
-4399607
-67325
-783825
3067073
9349771
5917943
2560453
7753173
-58899
2962644
2486162
3995215
-216006
3284575
4140387
8339726
2224674
1319401
4062684
2660938
6610245
-160139
4757222
1100047
4917605
8164923
-1168501
4460950
7858298
-510563
8456998
6903355
4361883
2312568
9400545
161922
4642122
7379512
-3547541
5259847
-3667258
5605518
-1378535
5886333
6457406
6144609
736807
-681186
-3924197
1563018
1682330
-411813
-844153
5948433
904008
711890
-565409
5162643
-4058522
-432163
5771398
-421509
3732588
33563
8988489
6247087
7486654
3032299
9811426
11253521
1695990
7281510
5406129
4817621
-2990497
2618164
3183271
3204002
1137750
9324657
2385014
7902666
7497283
4366775
7559420
6794880
8857068
2096437
1863869
4726134
-3694246
-59054
3399813
6451230
232693
931864
-1127299
-356700
5938907
8051022
9592299
7502946
6059290
4222686
5926753
8956202
7570010
-1252238
8668025
1616395
7505363
2388088
-1386473
-1881548
-3036518
3475359
1713940
8107709
5385980
-601783
8501890
1131813
7850197
-2283419
3806509
9445011
2039587
236345
1458000
5432899
7668641
5959753
7899759
1202807
5272328
-2382956
5398580
-931154
3612553
-1719105
4773751
-3533179
5393123
3941028
106926
4880060
-533756
905863
7500012
5922174
-2416547
-62775
303637
4101321
6921509
8991593
853337
-4254367
6861953
6357282
8246411
4954944
8071258
-412854
5493164
8682278
3998260
2336708
2553126
-1805152
-2937888
8948730
5416964
-475733
8714659
7398442
-2305188
5012864
4132737
6309897
-2600188
-1298968
3103885
-2978205
6620805
3914480
-5497743
3309018
4399719
5099250
3468651
7514828
3153775
498141
-994729
4866939
7339612
4680953
7975286
11831542
7923160
6418860
6691483
1172502
2524811
5217533
-2585393
4491846
-708039
870479
6516057
1134968
-924557
6241679
-643579
4172263
5154928
7711276
-1171472
-4271840
45449
6362759
575805
4837708
-1862187
6359022
4086296
5925309
97167
829554
-445726
-2832856
88355
3890742
7671575
5166387
9059429
1082058
-1542238
2724319
4978431
6808555
-966983
8310923
465916
8186153
9346982
815247
-2842969
7196802
297056
-1008890
37142
9051783
6549905
4522670
85912
6708045
3030692
1584476
-2657583
1610113
6951786
2741291
5599654
-159873
9360976
2657927
1204770
-3330011
7260217
7814781
5266246
94646
-501757
-615133
8206128
6472448
1654583
3487860
-3315149
1536766
3661205
-968113
4389862
-751812
992894
-3043198
4897237
375932
10342365
7104397
-2140808
-1202269
1218012
6880760
-66684
3321237
3554688
9224472
786959
82932
-1357369
7242614
2576179
9300923
2869034
-4045916
-648416
4376362
1339542
8166996
-247308
8116986
-1552950
-3298069
-422047
7018783
-2245332
-3008230
343930
370033
7544285
2154541
9026968
2863615
3857156
8736482
4646183
990477
-1601166
11126514
9424550
389314
1215172
-5679539
611120
8370177
-1625578
-1358657
5241355
3610995
4965090
-2886645
-1793507
-3749075
-339057
2921407
-3566135
5290968
4280258
-529114
84856
3331885
2446544
4983700
8018248
6545642
1237384
-2719404
-341292
-589323
-1344489
3408349
3302321
8465786
7877196
-1772257
-2484895
-4898070
4878381
9985308
-2958362
5073045
3008946
4473193
6593639
1457857
-4997518
6449334
279677
8371182
3903799
8706573
-1042541
1149688
-744969
7684152
-250274
141749
-1185893
7559672
1080657
7061165
2837798
-771071
-3008088
200722
2295966
4505471
-4874042
6321517
-1065145
3706067
8927761
4240767
-216306
5069614
-649065
8280048
7076652
8197230
6242580
5733354
466050
5502563
-3001529
6054686
5213586
-68223
872876
5030262
7216948
7951829
906630
7951527
2801774
2715716
-5708365
9720143
415697
2838844
441401
-2838461
4475380
-1212641
-947470
-836395
-4448828
9402918
8564832
3752630
4404693
8224823
5267099
-154923
-2936690
468568
6976741
-942251
9745471
4464022
1303905
4223710
-996796
6911928
4673241
-172270
7899078
3522533
4753490
4292734
4447183
-253127
3473767
-450861
569134
4051841
-3650964
8289157
-562392
-4149048
3595801
-361651
3344255
9253620
3308026
973141
2531551
4476985
5339036
-3676290
1358777
6900213
8856050
221269
1642127
7929934
-3471339
-2731696
-93103
7282815
2496608
3837765
2503953
210678
2102727
-3233294
699433
5228111
-962713
8047311
5795691
7981580
-586460
1729289
2623470
-962506
6599792
318043
8799648
6084394
6475700
7150095
-3886753
276459
7414930
8348184
7487965
7768524
6534370
485705
-24727
2712319
-201652
10210835
3705407
6209390
1195303
3152660
684843
479712
-3159550
3853581
840774
6541967
2380609
-2752751
8300488
5954849
4994918
9274138
8004179
8829191
4886587
-2158373
6303789
3367024
-3408834
6038734
-2698800
2149689
-1934516
-420182
9382701
289150
5564336
4185297
-1295694
2287692
266069
-3017297
916917
4610195
-133365
-407655
915302
-334933
-1795857
5752756
543980
8912542
7044440
3892722
4352178
3671917
-474817
1056819
-3574533
-2107820
-1252212
5708901
1479606
-1405019
2050207
-157724
-3667509
8864531
2538680
4537762
8005469
2977295
7388524
-66119
-2346212
7210333
209492
3193023
1670222
-1951547
1571808
3391879
6969932
2217719
-447301
8092411
-2385187
7429398
714263
-5279898
5971622
-2826032
8345568
2395753
652702
-1342771
9334141
9411421
-22787
-118069
8813995
7501602
-202840
4699606
4316897
1351370
6209170
2051084
121463
3339243
8689806
1086383
5639357
9138867
2953281
9209377
8085804
-4389114
3036232
3503074
4928368
-2046169
3686156
9063617
-355332
8786789
1525758
-2807084
-1258986
2102075
739649
9113234
9903562
10320264
1790825
2535885
2103919
7794703
3113140
6405808
846245
7070939
-778782
2640999
3740212
3534091
-973797
1530276
-12881
4572076
3188216
-2655332
8592509
2006058
-955753
1566175
6863455
8457813
5418909
-905923
-733341
-4236625
7485353
2014916
3630070
570381
9435549
4292257
762015
447121
10151183
753708
1880638
-2130941
259579
5341136
6907893
3232797
8483472
1066731
-1607175
1718910
-1724738
6793096
1715465
-1303314
7357891
8406627
6485082
1348382
7462478
2860511
1865170
2874796
9006055
-3874886
5406604
5488984
5594515
172602
4967258
1840457
6636716
-1603394
-3335469
5097165
550228
6429070
9920556
7192651
4999551
-832443
2564328
609583
-2765985
6360124
6705876
619086
6762404
2479634
1171011
1590544
4613895
1721673
5938323
4811550
5195392
4445839
5656129
1297920
-3421567
5304851
5543437
-1485809
3351295
7327794
8005716
198431
7968900
-5462794
3524458
1381189
3590465
-4342582
-4850395
5315959
-943233
-4381794
7710464
1979623
104313
-4172905
-4715385
5567451
7876568
2038239
-1148129
-35300
-3392013
1803533
1843027
5490157
7917541
10144129
5769984
805468
8010567
10973705
301966
1783964
5007893
8429013
-1392605
-238515
7984430
-231552
7931314
-2422170
2981432
5539277
-2243939
11815263
6021406
4253749
7313803
2555521
4711303
-610494
9897541
-2669883
3501870
7156299
-4272247
3407598
-1292437
1000514
1449912
8192325
4700226
8381912
5621396
7981037
6657162
-136771
11061394
134044
5431773
3341538
765888
-3384686
8179221
2653555
4501971
1439653
2214540
8381202
605563
8019266
6122590
4265732
8036636
7773933
-358536
5639441
2442882
647476
-3455028
-4183052
-629002
8258496
7518904
7353210
2910661
-1383298
5997807
-305379
3960544
180250
2629166
2427498
5320618
8333658
7608919
2002948
-763482
542231
7237549
-4941334
2388414
8420650
4578428
6615980
5440842
8903804
4078388
867291
-1411248
5858006
3258204
6686287
7782045
749968
9860712
9788138
3624659
4692099
6027383
3032892
1128406
789962
9119169
1275270
2162578
-8656
6503703
8642986
-60166
5981566
-1235223
8840632
4024978
2618258
4215224
7105225
-3317201
5595757
6486206
5343803
-377543
3037936
6522117
-788344
10927337
6871493
5751692
3421646
2443240
7528091
6558573
558517
3778384
5717793
4578936
6012602
-1166875
-1564097
7428675
8487943
2640053
8765743
-803303
5784098
2260115
3845441
592304
-944662
-480155
-1669452
7875717
-812325
7517681
373669
-764603
9912646
-460676
-491833
4127622
7175468
4212472
6524483
2217393
1259976
653533
4503144
-146905
2023925
7804603
-701599
-3399980
-550849
7687429
1052829
-3593873
7462840
1482233
5745561
-1153107
6973685
10552563
4324303
5291274
-4102192
1128758
7065294
8776558
2035589
6676584
-2699081
8976523
1487941
631312
4486515
186117
7906227
8073333
3375974
467359
6686182
122756
2518355
9069280
1444585
1268065
1841801
391982
1806458
7509412
8717282
-1850757
-111016
6809323
6330104
-142075
3720634
5814659
176626
2574624
3305607
7450471
8804973
6282086
-552734
2134891
10384886
8790747
-1616458
7969347
487769
2318296
7433286
180488
3314301
10350247
-38760
9154403
2819889
12364352
7954699
2073735
8607416
8026555
763830
-997772
4589099
-1594749
5806746
9035722
-2655743
79257
5092664
-2988788
5873662
-4333194
3639875
1845505
3764341
-387927
-4388356
3451560
5081638
4465058
-2680981
-1294605
8235458
-225336
570176
5094179
7286181
101910
5273446
668220
7540906
2790245
308134
6806960
811330
963051
720430
7207274
4101826
4631065
-563814
5404737
4087980
283807
-3519468
6071635
641621
5695600
-922458
5420816
9784007
233070
5579407
8351711
6164451
-3604743
7826343
1774738
2319920
7496288
4974010
-538414
1340408
227686
1167260
387335
8600516
7289845
2419431
5747808
7866160
3431298
3984188
6120376
8464258
-58574
8637550
3593780
9290456
638295
9817947
-2203497
525780
3394865
181832
-2301360
6346311
6018499
5865435
617954
6104592
-249723
1147365
704009
3926588
-10598
4149554
-928978
-2041947
4353482
-3364626
-5392853
3521988
6667112
-2130579
6044286
1666530
-1107934
4154289
-195225
2730115
-1015236
7102184
-3938726
3933331
5084866
-3043581
-3868440
8253097
4105056
2997443
1801044
3780366
8449216
-4684483
7267437
3861597
-1901848
8284474
1325605
1912675
-2983328
6147349
3480106
6586676
1106852
6756336
1582241
-3468614
948512
-1545916
-906056
-5418308
6311844
4778191
111553
5660179
8257459
1229458
-108258
8057834
7926439
2570626
4262927
-452815
5172075
-2877548
6130772
7701750
5247773
-1607874
2749069
-3673319
-346515
10223889
5502649
3239143
1766974
7971898
970154
-4727380
2064518
1672646
2682532
3952696
9731617
4691413
2445892
3545299
7486646
2256675
281693
4846045
6221637
4300042
-764586
9342194
-2408117
5651717
7608175
6025236
6775816
2685111
-444806
2567345
4617441
388575
4719318
1481821
7189115
8987153
1692807
7280331
6963977
8100010
1119483
4766746
5411715
-2779237
437538
-3619414
1522883
7051232
9072909
7498545
-723419
8763432
4019528
3707685
6411550
1241870
-3560328
7522098
6357835
-654979
2753451
3098600
4006360
5542537
1111256
7689078
8879007
6105484
4179179
658587
2149463
8392990
1645340
1538100
-5702377
3108838
-586272
7410049
4470582
-487373
-2872117
7396079
3146528
8306802
1098611
6028196
8361370
4746130
4805673
-689463
8163617
-2418256
-452323
3374030
79890
-1991604
7876799
4153557
6128549
8692889
2910856
8713502
6080784
1398907
3044419
-606400
-1665744
7750299
-824341
3764096
1208999
1636168
-837939
8511113
1106623
11801057
8370096
9578945
-5205264
-1163140
26351
8551423
6763019
5624878
1367738
3510934
6185980
1661164
5219280
3771849
5711599
-1339881
415244
10361997
4983785
7351382
5989570
8906602
-4848461
3711358
4886569
6297356
-3861484
-1440735
-4634431
1729115
-1699783
6142076
123027
-859393
2766993
8530092
2817832
-294173
-471008
7930442
1872453
-348823
338625
5810741
1131441
5288737
-3553519
3495964
2353380
735625
8315737
4902808
-1005270
8387669
7967617
3515613
704277
126151
5352062
2476151
3913563
394184
7448753
6027497
4976936
3095119
2108776
5081706
8335115
5203393
3001819
816958
607171
-1256752
10454850
577454
-583173
6953572
8484091
4155782
6751504
326409
10343121
3943942
939906
-1155771
1958138
795469
3475478
9952464
3584260
11828232
1538366
9344843
219481
7163089
2266467
8775646
8650026
3019080
-1780620
9335279
2719692
-1901713
5980992
-2263741
6993683
1537497
5174361
7754483
804518
-2687449
5152411
6617826
-564833
7906472
9570138
-3840201
-595484
675151
10976183
9698104
9245462
9094315
872503
160385
1155987
7548099
5647876
6141199
8390465
2663475
8158539
4822315
7685500
511121
7358
-3053266
-665469
3432420
9142539
476985
699254
-596509
936481
6084285
3029060
8549786
-1464244
7504663
5056324
3033695
2263020
5468467
429345
7615140
-867642
8031176
2894802
445785
-1881935
3565986
8041495
-335900
10677811
9072192
6801296
6168364
-642858
7061142
696307
8965302
3242928
3826376
9864923
134127
6934073
4487156
2356967
6666469
4431986
8712370
4779803
5125153
8190756
5357685
6387989
2542218
-428703
-146436
4518528
6733681
-1028727
4804605
1133809
-2469858
5194848
4083745
2647902
1208669
-972896
2939805
-1045020
-1381250
-72443
6047873
-3713938
1880197
7775719
4239901
9374479
730007
-3575214
84116
-4153549
-2507762
-2518477
275754
-417967
7887924
8046476
8918634
-1347595
7281397
7289017
-477674
4981164
3517181
5006377
3510533
-1939664
-3371112
-35741
-2464788
7137105
6006165
6707604
-940903
7166283
5587522
130384
743588
4502052
7672026
5293049
9336623
7533161
-4091183
5071449
468699
5280547
1841166
-3491759
-275903
5949305
8455805
8513105
9071662
-4657839
1921074
-179641
-3867020
4820389
-5199703
5586006
5875238
6716246
-6109722
-858290
5272117
-3380193
3107120
-394785
8610312
401061
5049138
11082415
4356058
4314739
8500203
5480279
-141037
-574276
3166023
-1046112
1940228
-29388
2925528
-891143
-2091369
5057935
5456784
2329754
4939061
-272706
-184477
1085139
8531794
8255115
-2708631
486914
7484303
8830731
1911499
-2990976
4861170
5692797
4124998
1980678
3783088
1226435
3456991
243452
9739991
-2751631
4520708
9603075
1505748
7920750
477619
2300282
6606987
-1309911
7186713
2009854
-1029641
3222975
4799636
-701620
1591419
4648312
4747115
1506734
4664913
2084784
3686764
2973377
-2301977
-48666
3966530
5781733
254380
7926327
-2363897
-1989033
7665610
-1615584
-3723834
1143387
31599
-1516844
8422072
469699
3402693
-97119
3858272
5022004
4830561
5481562
610050
5491513
4479913
320637
877365
6775490
7233421
3109177
5310401
7481659
4890953
-4036837
1830945
-4246593
7997025
-2930427
3731761
-1036960
-44118
1170707
1689862
2162067
4157302
7984062
-5269275
-598821
255651
-1290819
1768928
3072421
5576493
8180538
5637593
7048069
4350317
8245109
4461839
4136360
8060343
5088506
8861199
11646980
-2182023
3994233
3354987
301055
8581128
-2509534
9039273
736654
7407085
9573397
7257151
-2349268
-750865
3609062
3900740
1125158
-467437
-3129702
5264286
2746472
-1239155
2976600
2440413
2980696
2439792
8070103
7233102
4674720
1895941
2016737
-761406
3149417
2552945
3403507
-929789
4399380
8040217
2000471
6549394
2582252
1420628
4389829
3481628
7138272
3384135
-1547249
6820180
6057653
6645704
5205780
9112098
-774032
4535488
-128546
-3849211
5681477
1776481
8512483
105030
1187776
4863158
467193
7385341
3150867
2739863
9188394
5805096
4925760
7221380
-4176375
4833465
3716866
8099679
11495971
2538864
2516389
100162
145680
2819839
6325169
-2451848
1585954
-362707
2663306
7182065
329751
1640285
374134
6381177
-4746633
-2347958
-1403983
8672241
-927295
-1132432
9705990
19575
4000506
6191888
-542583
-3750059
-481017
3533087
2388171
7061901
6544077
4789888
9255564
6103839
-6179505
8866126
4664345
3231165
3584109
6013243
2451107
-567698
3449164
11855952
7702201
1511945
508097
9740425
3417467
-3989237
7598215
4730158
5200273
-882111
8135651
1336674
5437757
2303463
670341
2804528
8169758
5303711
-986078
8535877
309563
8979014
1609002
4133921
-3438522
3280222
2528611
8337498
702196
2121383
3047090
-1610871
-472297
-621944
-1621355
-1626350
-453781
8252483
733090
3564980
2685564
-820370
7988030
-5464524
7460270
1427113
7368928
6592133
7531547
352395
215088
8716465
707455
-2452685
7257411
6624649
-2546337
3388628
7942999
7139896
-446875
9230688
-96875
1584271
5128619
3115911
2079362
8437299
-379951
7841019
-185949
3644247
7367429
6552028
6454230
246377
2474940
5528429
-3545951
-2040130
9596809
1533579
-2873378
734066
1919518
4936894
-1259429
6265311
9736345
4402331
5172844
271239
623147
246152
7130564
5363556
1190889
362169
-1519721
2756181
4090014
4142260
2981958
-1853599
5412529
91067
7120822
-5436292
-813728
7003457
8651595
6034251
-470962
3456010
-3972068
4619033
-2690434
-288390
8339026
7549903
8822515
-1227430
-1784754
5051524
1999596
-319944
1689234
-1215028
82515
-157047
8844814
10027895
-785791
7524986
-161546
5331746
6771202
6338081
-4068735
468359
-3429502
-4361090
2653013
946749
5831542
-4435183
8679829
4605512
2259318
8494445
3315270
-2757458
938775
-2908668
7103554
633890
2145642
7967028
8922427
-342546
1664562
2433618
4601256
4330901
6371079
1534539
2925371
3603046
4786506
7978304
1616341
2483349
-251665
4904501
7843014
6685889
-2391347
7638615
3506238
7758572
-1576734
375899
3039659
7922423
-2095324
6445263
4641309
-1943935
5726455
-4617764
1804870
1528022
8534280
6988219
-3622441
9278837
-261987
8418667
885653
5926282
3039949
3505707
-1044674
4947849
3510988
909054
3122499
4280052
8522199
3395692
4963695
-93647
-133312
1238830
-2270048
-428930
2521126
-779766
3448440
-21104
4991570
9023595
8207703
432473
10660184
5128643
6817773
-392275
4311766
5851120
664344
8052053
3519315
7834920
6122898
8132313
-836627
4996063
2754122
1284782
1368240
3022862
301945
777089
2905581
4902953
2283765
-375423
352217
4726496
-3994418
350055
4982265
2291723
5073969
8182624
-35685
7906946
507554
3928455
482069
6534644
3708597
1082071
-3088050
-142135
1405211
6322795
-113030
-480654
967306
7519753
-3262149
2469254
3543611
-3705679
7305306
590703
584887
-4719556
2832223
-1206202
9804904
873817
3124294
1555975
-1027583
3493512
1242756
9162327
-3237122
1882406
3951804
7146966
1487194
-499226
4487662
-2928876
9070747
136235
1518715
5827247
-47557
1575071
1041422
5777232
4894580
5652500
8262746
6806550
2118931
2463376
1797541
4890583
1950908
8395822
7602552
-3982562
11221296
10261817
-5210172
1310406
2770309
9022326
6444701
-4316136
-1949570
3960707
2492018
8699556
9648594
8143863
5152057
5723910
-2373837
5879466
7879702
9430626
1938088
4650400
-2798275
2104723
2980821
1888495
106158
6473188
-1354804
3971574
4713201
5388473
7406864
-4051682
-2588527
360827
4224348
459719
244656
1229873
5073372
335533
4865731
2220380
341558
1584418
1405351
2027016
2067403
746038
7494901
4387050
-1689428
279992
7823039
5715619
7297093
4463811
5551316
3794985
9108225
3345622
-5586966
8138589
-2868638
1421555
-2855899
2798501
5018859
172428
7745228
-3541434
-160827
3240846
1734864
5151678
8236679
2201419
-334221
4152124
3906120
9867647
-503877
8014587
-3360001
-4512321
1799919
6974908
1619331
2416074
3689646
-373339
9142976
-948440
-206511
3683952
11372786
6670660
8909943
8023958
1860968
3978907
6194775
6920007
3862820
-1093941
2826077
7758111
7855066
9107490
9377999
-5831244
9692858
7261701
2316332
4959296
1702889
5454105
-911986
6320107
4948614
6928463
747803
8446311
4195784
-4697000
-1105996
-1178141
1423848
-3390386
6914102
4334720
11288555
176406
8309726
2603834
7897877
8737581
3441812
1420909
3191284
10056389
5953228
166579
9056333
908845
110396
2927861
11307420
2733736
9480647
3607627
-1249332
4877400
6165438
-1847930
7896659
1793829
4364443
9290093
8223843
3074642
2370660
114385
3992534
3111985
1682583
4801623
-1151081
182155
7504555
22717
908878
2423392
2780844
7031854
-4107457
455610
9521291
6453877
482987
7212265
11105127
-4015764
1132820
646979
7735832
4551218
-651120
-2855810
8160209
7310184
-3567234
7745160
3077428
6288571
5737565
-1845736
1966790
5421287
-2230592
-1287574
-3555005
8322047
2134706
7903610
-1656171
-4718212
6753652
4630848
6630867
5421638
4063215
7518882
-2122517
-4425801
9707263
9405537
-2042141
-3024410
1327455
-2622833
7408173
4365046
3705117
4894771
320606
6938923
4315635
8794766
6334214
3951802
7501095
-1657782
5959429
9211424
-1732316
2044187
-1264666
5865911
8206806
-2154759
6422218
102913
7125396
915372
-869429
7880386
-3227540
-7033
-572773
507787
7717330
9073101
5830728
5350637
2092874
10895151
4880295
8213568
8230943
338221
-4358961
-1350579
2621717
1659247
1626386
4458500
8620016
-3682536
6951718
5288256
1223567
707501
891496
3025758
706980
6969398
3655649
3727170
2861769
-733872
3592326
-1337541
7759630
3847853
-2552050
511491
879608
5781843
2327460
-2067641
2344923
4755252
7511868
2745487
470584
5686496
331487
2149087
3065090
-961212
2885903
6126586
7035332
10773629
-590641
-4973844
123106
5301344
7371472
2845867
3683369
4299839
5716310
195099
2460120
1112587
7013649
1654978
-3046214
5749283
633122
2384908
4996665
3720763
8209634
-408936
3557464
9057955
7714460
5210720
5208949
8702357
7328395
6903151
4606976
799298
5201725
6009642
9140550
9564684
7508253
-3229427
-356676
-4664201
-818273
1271279
1590431
3710278
-307164
6978379
3365021
-250060
7823706
1430930
1789568
-1317616
-656166
8487865
1319461
5951984
1517135
415027
4364126
2174841
6934942
6811590
3010468
-1552595
2326953
1919649
402263
4033624
5132749
2524857
12181087
-196205
1469750
658887
7881137
-34076
694200
1098913
5047268
4963059
660450
2553
6733819
6176223
3017223
4613624
4486317
3450381
666912
1018837
6009185
5265479
823485
-276641
-2391656
3797707
3710247
-4574708
1428163
1792498
-1151599
8920795
7496308
7838966
1058672
3105063
8219507
-623874
3358463
4625889
1277563
7484630
4357401
4791200
480673
8176266
2715802
357124
570692
7194879
6863870
1287404
2289303
-4085326
6922099
482195
10465524
-1820538
-11585
8458188
6669644
1971709
3500424
3187902
-4391077
4171393
-64571
8036349
9760302
6109911
2750463
8230316
9308906
7638194
-2854593
-2488998
9052365
5666608
5868037
-1832173
5713099
7605327
115888
2819073
8296396
-2263783
7240575
5781125
-2106285
9335248
4300711
-4070151
-34954
-569745
7702900
9837679
4329241
3131151
7496095
4630255
-1271490
7197425
21175
5213140
5988188
10744480
3113555
182758
7027611
-4863823
-82617
169984
5982932
-1895139
7561784
-6442
-866505
4562573
1506111
7489706
-2267282
8321685
2031299
8069922
5402189
3196967
-1256562
-1102642
6963897
4007643
3038913
-4044063
1009527
5962576
-172359
8057969
-232737
5071895
-1908814
-373506
6523826
-3279294
609912
8105123
9142463
1073628
3788441
3297853
-204766
5760913
3814122
8743851
2345316
4408974
8764903
6318899
8665974
3800579
7631220
8476828
7553809
98260
-135324
2821652
1084095
3835338
7137511
7344537
2405785
5395021
-1149474
-147089
2851105
716045
8039450
4516140
-927481
393379
950804
-642946
6987608
474615
5313016
8170805
-1678518
-1436842
6771903
932672
-4436029
-2655490
3135969
-291329
9208244
-2580410
8181165
3966594
8083967
8355756
8207513
-91956
568715
1639936
-212388
905582
2596382
2413292
2328628
-1834735
3988487
174630
8852877
1834119
9484055
525856
39940
6897633
-347581
1172455
-2288301
9219558
4204798
6616281
14027
3067485
7723604
6238938
-2420016
6308448
-260883
3960483
1018743
9095211
5727958
-515689
1225405
6589066
5412135
-439975
-2250381
8799766
-4268129
7376617
5046821
8277586
5221262
3399978
2698354
-59304
4446255
12889315
-1128944
6343116
7589426
-5976446
5779482
574402
8158338
1356086
2266557
3022896
-298853
5942285
4337671
246947
-559369
6014910
7196251
4238366
8715724
359764
7188572
7373578
1216218
7078309
207183
1298685
4111886
766865
-632660
8243617
-577796
613050
-1221535
8688554
308632
11709183
-76099
518971
1474089
-525545
9307985
8570426
7743382
5716231
6039645
1115888
1637198
4572845
4934010
5637520
-1885419
5341616
4370120
-1792807
5262615
8592127
7424754
8298496
3531240
1680962
3352409
7204459
7622951
5138617
6530795
9297104
6078924
-367259
7798172
7475176
5747642
2223495
5431166
6911950
6323574
423872
-996800
8696197
6884053
8422675
617182
5043814
1452187
468511
195653
4260897
-1096510
8265017
9234171
3815698
6436440
4036587
2497061
9174454
1917604
-699826
1060542
3460323
5798110
3645535
5014441
5949593
2356245
5224333
811078
-878967
5148090
7150221
-2489438
-4010165
3271334
6361185
-4825641
7320786
7004792
6499861
7136201
1349292
5367119
5207537
-187865
-954639
-2718389
-1545551
8471590
1198839
7351044
754243
-560385
3574042
-2694647
3263646
-782082
-462470
9134832
4639333
3798871
2422113
2824197
-347936
908207
7575527
259237
-700298
8148770
4712517
5160943
1233652
2640717
3882647
5432316
5632951
4103035
1362939
1573762
93266
9400250
4239575
4633244
6065135
7879940
4988442
964395
816900
9060829
4509339
778496
4895796
1518009
1025733
2682889
-3549039
-813933
-1056001
-848735
-344234
-5136683
3459376
2665982
5889808
294614
1276195
5733137
486041
9836213
4799771
-3055357
6692687
-2453539
3716142
-1666156
3414304
2263686
664301
-2642896
5655357
996139
-3818941
896027
521015
-973564
-1186974
2179150
9390621
5135846
-1161042
7461562
8626709
549299
3771198
2090615
-417393
6031129
-874213
6336784
2245006
10705063
-1649220
1337282
-1634219
717060
4386995
7112105
-2106079
-844075
434365
7411498
1160251
4152838
1386831
6886135
-699342
-659508
-968577
159407
2474563
11529126
5884694
9136561
4046623
9060071
6445996
-3978385
10608454
1207823
1326
5378389
-87099
4350016
8972276
-2075242
6031406
7040168
-1393029
661822
8329467
6142160
3553376
-249363
10628524
8836064
1092905
-1925592
-1300509
8938600
7567759
2097151
9332738
1662494
1402913
6645112
363405
7950718
1233232
7621802
3567777
-844206
7463711
5480199
3093121
868838
-1211786
4743590
9390861
-429511
8441198
-61681
7046661
8578281
-292382
5383609
493640
3171510
2140629
5347899
-4715385
128926
7791235
4254152
3968438
7342214
-3177171
822216
-2442310
4299394
8809178
-743257
-3224
9021740
1653027
7817315
7833592
-1396259
7486201
3544432
4778215
444165
1023896
8769997
5915978
4058845
4393616
946917
2738361
1117723
-191243
8323713
8820099
1422153
2088697
-1074502
7255220
2362711
-1119301
10793238
237001
2503400
5789522
4946302
3516305
2847162
-3194979
2733533
10011265
3454422
4411068
1261209
1296562
7614675
3689660
-2478790
511297
5883295
-3416569
-1818545
6577474
2960698
1339385
4475229
5379339
-218681
5005284
3449658
2541660
2532398
6199353
-3519532
2766231
4191767
4478964
891308
2111759
3783570
-2334932
2811317
10110270
3712669
5661403
1818118
1184451
4222937
8967288
-3976083
2490613
-122802
-2871322
-3776005
1459246
5380313
2561870
-531488
4135175
1471942
-377360
1032871
-191956
8735474
1042083
2891548
6400005
6645796
8800281
830225
8680397
7621743
1718717
-1856335
1079203
711440
2641665
5313324
-1240272
42135
3616811
6287508
-1061257
7739208
6650093
4709871
2182591
7202032
-4087630
6523640
-1347067
1735161
7953228
960760
1816052
1009423
7421575
6200431
9197497
3785279
6464247
7054393
6142619
1260698
-729719
2499909
89575
5044168
-2957960
-1401200
-2494268
6185054
6179170
6126331
4202115
302819
-507590
7572655
-1184785
4962594
1485735
-461576
4412389
-2002936
3752606
7491012
3376247
8298434
9578503
3190595
-1155198
8815836
-1087704
4596976
-334190
563182
4162960
510046
-1801139
-2874017
1670017
329915
5217990
1029503
5290547
5091887
7395175
-173192
1044746
4469358
-352119
4587125
7480875
302296
-3887533
260910
6497178
-2410049
8043441
7601885
2498374
8222566
515100
10357554
8731647
-906632
5034939
512779
285763
63265
-1495109
7753580
6164404
7861778
2478381
-2749920
6449501
2416376
3287222
4661963
1000190
2530656
2371177
5771228
-362855
2680290
3788339
-272302
1314253
6207713
6553648
3451640
9673577
4951863
8504192
6569746
252588
5097877
-1962935
5794910
8062552
-4572837
3030967
1469020
-437889
3159531
61151
-837125
-189244
773970
913141
-2560251
8286710
1065984
-4714442
5208647
4281648
929190
9006942
7059804
7769977
3609937
530284
-632396
8498385
4539812
2862679
-1766014
3699049
8460156
-1037266
4337308
9735013
8961066
-21817
981813
-3391638
676623
-4576719
5721341
2522301
4705733
1368405
2173002
728840
6045280
3709597
400720
-2487113
4668050
-4295129
8703276
-1737852
-2282754
-400194
8317815
6233034
853591
2939773
3725326
8608126
6831014
-391334
5581204
5855559
5839067
-186613
5832113
-700996
9701259
628848
6625610
1389942
449664
1787066
4787450
1687410
6188381
-895091
-2764731
2533334
242914
-385984
8204522
10510007
410567
1831760
8014947
7560129
-1013685
-96016
7784688
9716086
7738346
2504416
3502776
-652487
5742174
-1995264
2583479
4976088
6147695
5193399
2369329
5359659
-746575
1213298
6079962
985885
5399996
7474562
5897299
973052
-3353410
6995994
9249787
3487292
-1060754
2862867
-13763
6930389
9937481
4525437
4666314
739892
2798160
3762782
-1403316
3238178
6223389
4960782
1863263
2135152
8082398
7080108
6860453
8087236
947414
7438167
1094525
7128895
6393625
937063
4319982
627582
2548443
8255658
4830857
