-3495459
-4720033
-1807723
2698065
-5305756
-3992094
-7881603
-8775209
-2084513
-4186552
-651230
-4869022
-7674278
-868615
1799795
-244342
-693044
-10963923
-871450
1327620
175633
-10784836
-6056341
-1269206
-9742163
-1623357
2952435
-9539219
2350679
-771192
-2934659
2705380
-194420
-1483573
-2752298
-2162477
-4046960
-238155
1199529
-4159696
-446114
-807366
-189490
1127308
-5386926
-1465861
-12155189
-891769
-139629
-2131035
-1425870
3708888
-2472631
-13307067
-4648168
-2374703
-4968080
-4378688
-7290136
-8518086
3794534
3281506
-10548804
-4819692
3039025
387741
2081090
-2402659
-2685031
-9831443
-9355538
-8867724
-4003941
-5516262
509561
917382
-5501574
-2091478
-2883981
234430
-9057990
-1163154
-10169869
-3920071
504588
-9617229
-7154967
-5342590
-7968811
-9792066
-10500799
-6856421
-8793742
-6943855
-958725
-769351
1611609
868158
-5463695
-2471825
-298856
1272383
-4744153
-1615794
4605633
-2561937
-3337053
3675820
6388857
2744748
1132047
1747750
-3080894
-5543377
-5714825
-7843304
-5617066
-9423525
5331872
-5242090
-936817
-6184761
-9681594
-472740
-4656242
-12173135
-277138
-4928711
-4062530
-2875393
-2121097
-2938264
-11464960
-3727822
-6198096
-447904
-8123951
-6878718
-2324543
-993174
-3759106
-10647913
-8775684
-4076799
5360309
-5816419
2946568
-2045489
724550
-301468
588275
-3289271
-841276
4308538
3101419
-5661766
1471932
-4427551
-9834248
-929827
2745234
1179278
2340927
-5361667
-4785871
-3140409
-3871278
-5289456
-2635120
-2447586
-5062069
-2563722
-1889066
-1222638
1506038
-11929328
-6269822
-3870633
-3638043
-12255807
-10030529
1691073
4780441
-12287395
-6558883
493100
-475110
175078
2074762
-7259306
-2284827
-7202514
-8219038
-8420875
-3512274
1623136
-1886481
2918476
-245534
-8569368
-5364157
3777291
2142638
-7244816
-4863876
847360
-11982024
-12547761
-5345649
-3013194
-7433839
-2290821
-1145002
-3763237
-7217788
-9004899
5384013
1691005
-5001953
-3176766
4676223
3386585
607483
642511
-2440128
-1868008
2894337
-11328238
-2084462
-7661536
-986814
2913288
-7169988
-7124438
-10725250
-8562435
5706712
2755019
-3679304
-2099226
-5082323
-10551701
-2104977
-4398557
-5546065
606186
-4852478
-3045572
-9796950
-2290330
-9343218
-481900
974347
-805658
-1665641
-4653026
-1029037
1145856
-970131
-2535002
-6355291
-3204987
10057946
1379477
5077432
-4628287
633555
-2731135
-3394628
-4212705
-1896040
2228653
3560110
-2405944
3566350
-10052011
-9574884
-6246240
-3111677
1622515
-12740377
-6391170
-5083430
2431658
-3255151
3742013
-6773137
-6509048
2502279
1518240
-4512162
-244049
-2678415
-8010000
-7670673
-1978585
-4508021
-8144508
-4165360
-2178469
266410
-1445971
-5500652
-4226469
-4735467
1225358
-5556528
-4102397
-2222763
-7197276
1594908
-9831260
-1107161
-114783
-174858
-10664158
-987805
-2220656
-6190688
-2600470
187854
-1547683
-8271726
-6724346
-7697411
963408
-3890263
-4385097
730573
2801137
-4158955
-2409910
-2021814
-11765236
-936602
-1660456
-5124709
-2587510
-4107497
-4444853
-5009979
-2802827
-10534823
-5126790
7728665
-2984767
6181978
-146526
-4410959
-1884139
-11352804
1827465
-596390
-1893946
-6068860
-12774019
3262988
-8398623
-3894024
-2321788
-10081510
-509670
6337102
-971414
-9273267
-6769275
-4637035
-442836
-1767954
-6180184
-3157817
-8808387
-7182522
-3497228
-1907269
-415913
-7388265
1558205
516367
-4101025
-1433877
-5838349
-1219835
2384888
-211644
-634299
-2834152
3836598
719505
-5878645
-9575597
1081488
-4468453
-240175
-3521081
1106895
-971271
-1739032
-1097494
-5836063
-760511
-4845382
4747465
-1734414
5588771
1940445
-8056823
-8681845
-1632328
-1895817
2370745
-1519844
-5959327
-1597658
-12327331
-229168
-5414823
-4531344
-5451509
-3760609
846466
-1229028
-2891922
-3653658
-7519234
4326591
-6892600
-7808058
2307405
-6896020
-6808453
-2735267
-4800591
-2986396
354543
-3654796
72745
-423181
-3590320
-9501923
-4436432
-10093044
-9231114
1354860
-555870
-1088423
-7420094
-12124173
-2106376
-477233
36977
3956175
-1199320
-4334591
-4908088
-7227752
-3091550
1035910
-4733851
-187097
-2486352
-3641351
756927
-5701642
-8967163
2676633
1983792
-6630833
-5193819
-1044138
-10479358
-5055916
-7958555
-3201244
-2611014
-659299
-7481096
4082803
-8284173
-5495075
2086333
176700
-8773332
-5325175
-6463485
-6554930
3544550
-5507674
-13891292
-299883
-4526408
-8683480
-4286578
-7999104
-176630
-3733490
-4061279
-1804529
-1138568
-3879380
-5172010
-10140099
-572574
-1106632
-838750
-10835079
-9272875
-6037645
-3800518
-7275910
