1210963
-315507
1903916
839142
-77375
-418151
3776410
-1692362
43731
738913
1526452
2907971
1208105
3050611
-1883854
-802902
-144245
3591131
-334509
-46109
1268814
3094992
2113576
-172005
2609995
534742
-1724591
-1322513
2766006
2456155
753524
1033612
2992415
1325889
-602130
-513546
3124751
-2574015
3198839
1410011
3717373
1669925
2563476
-263133
2418585
-1717693
227361
1744922
1777298
-1214422
-13463
1382065
490365
3030611
2579580
667637
-1608661
44545
-697881
-2444436
1641991
2578264
3206547
721688
1552572
-321638
2545684
-1110912
-647970
918503
-1423677
2101884
-409480
771943
1334095
-1266263
3254236
495633
500289
-794064
-1771879
-1924264
2044093
-2638657
-332118
-549932
-451650
42967
411949
2344595
3154958
-1233451
2160961
1874364
1701281
776303
3256590
-950903
-224456
-534921
1731241
1967833
2250232
1018230
-885601
156209
-664327
4477498
-506733
573178
1647072
2107692
969758
1562711
3284815
1530310
-651559
1470490
3319397
-1119483
-86709
-287592
997456
3054733
1505245
-1102832
565385
367279
-3470591
-1822311
2128435
145143
-2183240
-1241097
1111197
-795251
-418029
843972
386294
-345151
3572943
-550495
1407924
3628910
1673004
-293520
2647353
-847083
3929166
1450606
2053374
601925
-736665
-1026407
2295356
565790
4300201
-2633178
-221944
-498463
-427526
919224
1776540
-2895267
1101423
1793323
1655928
637451
-1494453
2428659
44298
302826
4239412
1668999
-1820025
2232077
2442081
120840
2719114
-807004
1874247
1261641
1791333
940166
3103004
1053803
677825
2158983
2674107
3346516
433060
2645101
3275444
3667193
-766218
342344
5249131
-1668121
464620
-217244
-308999
1963831
3077773
-2900308
1254060
3178110
-506509
2778596
2280381
-263314
-694574
978683
-712532
2664407
-218275
-640671
2851253
4391894
1596154
654866
2082491
-1587074
-1770425
-237454
1404185
-1293162
3487448
1495161
-486527
1014005
-446530
-2425691
983245
-2485597
2726368
-435003
-109989
1316142
-904529
1700952
1930787
3889220
-1322167
582965
555583
-247692
-685990
-801556
669461
3810954
2070351
499606
2449711
2467900
1542605
937871
1021351
3177933
-335943
1056515
650688
-2671603
2064054
759779
-836159
1341192
2369504
-1013927
186999
944666
810399
4005650
3034903
-339406
1276360
-2457464
-590069
952800
167921
-361174
-21981
1721339
4610220
515143
1515195
-3282322
-1956772
323596
-1303531
2502099
-613737
184020
3168174
9730
1732376
3094033
1968947
890943
3846907
2373836
1640752
-1365438
-2365578
-768682
726847
94846
594032
119168
2216538
1142818
-838575
3515616
3328916
1654892
-1937516
2967633
3318147
2771797
256992
1175037
4216901
2286801
2799681
1510595
2620669
1560834
1591463
2736622
990420
1691245
-712485
-1013331
1035097
1981401
-1490516
589205
-1543142
1893759
1178579
-396479
-139424
-93119
-284220
-725429
1735898
1404600
3241983
-764878
812403
195651
4613562
-1099534
2477990
579800
233430
-2071475
1925163
-283919
-731894
2834727
1216970
-401253
-55000
3442811
-1121711
710111
966960
1229621
3291980
264790
-412125
3066256
3711478
2783480
1711797
-553537
1609286
2589570
2423107
-188064
268054
2058808
1491013
-313177
-185398
2628127
-694981
-663428
-374111
943770
-158717
4319242
-1046176
3258182
2320918
924052
20685
2369253
-143885
-3746105
305368
1738660
4117562
2047328
-404520
3698085
3298923
-14657
2086648
575446
-1715968
-682547
1191576
-926916
2637211
1554886
10344
2688603
-1970873
-3067510
1202048
1224474
-732363
-50914
1374484
4130572
2871869
1010233
-489334
1890972
3146067
1943049
459975
1124333
-399980
728484
1864426
336954
-1581499
758002
-4313722
-417509
3136045
-68776
148469
645852
-615634
825400
-258241
-363334
-260864
3215246
-313740
1659391
-2153218
-194186
1074797
3367217
592855
870643
4042637
-2029311
-413980
1341884
-331114
756935
426731
3177124
1405033
1707134
3446132
-9980
-1741677
1022502
-1343422
-1771355
-240305
3844055
1929097
2414912
-1421258
1870449
2214294
-1774191
-2212
1545472
-638940
1078764
4058770
1213712
1504548
-189155
3060583
61170
2676309
-262971
-1687974
2008600
-453236
-992147
776794
1178345
3720149
-1938899
1462784
802619
1518999
-238997
2868334
-551491
-1782333
1531006
-1046138
747583
1006333
2608275
1359751
1510617
-388561
-62874
783041
-1767321
-1466427
2243567
746136
-1706307
4429558
3612170
8581
-2773166
-3218356
-1813300
1265973
2832288
1912644
2456850
213541
3939616
2890316
4119577
-155031
2709028
-2653155
1132708
1272231
-265930
-237724
-2796712
2309629
-1811277
687541
93853
1320384
37032
3283851
751883
493881
2546190
2258274
2898792
-772228
-869702
1344489
423527
-627017
2522552
-414390
-116346
3080110
-2225825
-2342362
762503
727941
1173338
2395250
36005
-205807
-1951951
-2431486
4284967
1604932
1025537
2897661
-1650156
-53840
713767
-1672928
-2278619
1070881
725028
-684907
2309289
131253
677827
1015457
1509289
-331558
602393
1763423
797862
2203240
1360936
-1017663
356480
480277
-122800
778303
3079385
-1124360
-3262919
-808154
1210139
2171772
3583597
-55923
404155
569948
3360054
3995145
1188771
3082934
1727022
383389
2532741
-867936
531720
1802010
2126984
-177204
2894319
1517548
-131731
836606
3271372
2531169
3731308
761722
1015730
2246892
3499891
-1647084
897532
1330212
-1475607
3361978
-882394
2367888
2661076
-908329
784387
-117259
-3405218
1852842
-353459
1534116
2744427
217024
-2433918
-826593
3023922
1345932
-2571191
-2045346
155591
-250269
-1726815
-658358
-130067
354461
3830315
933136
-477295
-3167223
1662050
778132
2324958
-1515663
1890857
1676622
-1268286
4430312
816241
-559043
804872
-1653484
-1251362
-122354
-1108383
-59199
1258504
3353697
823946
-384066
2371379
2721458
-940001
1148421
2635633
2752128
-3191573
2511644
168395
-1073079
4381325
1553589
375417
648496
2776999
-799273
2336360
-1512120
350750
-1616767
223130
2794224
-1605586
-151636
-537888
-340123
877978
2556395
1886881
1737856
380691
356585
-2804882
-1049929
1814083
2134297
321018
1308185
3827599
-66120
-396616
-1507424
-1639441
2193507
-225907
-364035
-1191899
554558
1561564
608636
3215772
2558405
1366609
634728
2231047
-427896
2128732
640095
3446126
-49146
-1380186
1839331
785455
-1841266
-2591199
463508
3203807
-126436
395333
-938507
1635232
-14491
-583115
598874
1548926
2477805
-405076
2457960
347122
2402933
937830
3378748
-921887
907791
923363
3271537
1441466
717576
2137801
3218632
1487042
-1530302
2923972
-807356
-390511
-3231251
3028303
405433
1228537
-2310802
4644675
1122695
1201642
1059903
3097437
4538113
858523
-3304492
3900670
1418401
622729
1346915
81518
561534
-147932
2564117
2012
2400077
-1612238
2289006
3480002
-503645
3499268
421435
521953
-1478689
-1435892
2671632
-1405932
-3551056
-1217710
-73396
-201796
1946183
852262
2726508
88977
2747212
-391959
1277178
1534560
-723194
-943353
-2436215
-1560839
-2166444
-2473831
2202778
13460
1850717
2549506
-678620
932796
3611427
-146848
1967044
-225310
2894431
954119
-1141633
1460325
1738596
1782652
-1019794
-338237
3124035
-627268
585573
1129497
-2022588
3667983
1371867
2594101
270160
-266628
410837
3761736
-701927
3618243
-1331542
-709517
1004304
-322208
2147065
2446348
2257312
3488384
2997134
-29693
317070
-972833
3132129
-2465528
2312114
1828796
2322120
1316930
1631342
2949745
2726409
-4022176
-1447021
2649892
-1159354
11780
-525156
2195775
-118519
-1109962
-1779604
-1159388
1813971
-1828777
2858506
975659
-279218
2700539
42010
2060863
961652
2591430
-1557971
-1307505
-90932
2320660
343973
57263
3867890
-669805
485765
-552330
4210647
-189556
619904
2084340
2893209
1616944
948492
-2270264
3930558
-206698
-181502
1688154
2139210
31428
663719
-339376
670879
1634212
1028365
615
1237829
-1850076
611303
713104
1532905
151068
1831028
-2658128
-576304
442846
2635841
-1343081
111636
872531
3594530
-689508
1609818
-3560764
-1549894
3838698
-1130842
2770928
3202371
879719
2712198
165046
-490489
-615859
516812
1392095
3042691
2307027
-2316876
1460224
-1390010
1222724
2306644
446734
737535
-1718690
3449560
1710031
2607869
-2941002
1891244
-602843
1990503
1148927
854428
2247505
1614784
1782436
3481432
2125801
-488243
2109045
-905707
1245254
265165
-112271
3812197
515745
308850
818025
3644401
2165854
-1488849
29296
2861707
1797747
552963
320187
3679574
3671123
1420158
-1574767
3405288
2778240
-627761
-2033305
203980
1793846
380494
1029439
710940
2080186
963907
3303623
-1614499
1599529
-768202
-710571
3866347
-862104
-2746869
3254370
1027026
-675477
1909332
4614391
-2370363
3097232
367071
4373903
3264245
-59348
1481963
168012
-1024874
63182
1370741
-1254078
34597
-2133552
65246
-1375701
-674147
1862373
1857995
3814974
1343639
2870853
1916732
-2738045
1921619
1128586
2080048
-644925
349018
2913117
-1452456
-8637
3376396
413556
-906467
3831526
2184905
3309828
3535130
-528645
-970104
3012439
388754
3044985
2987843
-1496809
954318
1762745
-351853
1832626
-1085531
3812328
959729
-713247
964783
2650060
496097
3032702
3012924
-671011
-1484211
-1060099
1957428
1141796
64644
82630
-1909091
-466057
-625352
1079889
755408
2640662
674066
2769812
-1557242
-925718
667386
1657938
-325110
923164
1697596
-737107
-376525
15468
-1087392
451435
1553162
1484328
1611623
1506922
-804287
2057520
2311925
-122953
2074033
3334772
1951281
-3193575
-808565
-769145
3108998
-1876939
-75591
455094
791043
-1427174
2516119
-1257945
-1147060
2967
2271307
1888286
952707
339719
3251837
-928418
4054012
3248978
-2260583
512697
-437863
-444112
393450
4066759
2256300
720627
2230157
3550843
-2505818
1664398
462803
4097713
331606
-628395
3830211
-97302
514249
-692364
1934443
2671845
-282333
2523615
-1700706
2471012
991444
1178523
1358271
379951
253048
-981370
37420
211511
1446978
1649575
2957987
3777700
4151179
-2299644
1355616
3116161
-513440
2887549
1217816
3268447
-822121
3525152
835939
-1611530
8680
945161
2089809
762642
-479872
2418595
1148948
1871802
3699790
313399
1861986
1242427
3007884
2871139
-1127441
1569570
-140823
-48125
39387
1463206
1680499
-1485973
1766684
1047146
1982268
485099
-1039111
1922600
2976680
2357743
-1145178
3987258
2302377
614962
60006
-2172668
3741684
1990331
-580363
-1227770
402272
2699859
-714287
-1601194
3380327
-699911
2103986
2465691
2330834
2665748
-867869
3316188
-4118640
-554880
2322431
2775379
1777856
-1277328
-2258115
1415786
-125608
-2512242
1462538
-2072203
2142381
2505084
-210511
-658749
2684073
769609
1388257
2531444
1517396
1958339
-852695
3189420
4004975
-2507576
3693059
4031683
-1123665
-584812
-1957207
3360539
-495760
-709229
216924
1977493
721652
4139668
3065048
1877123
2162478
1912731
2915167
-1917586
2839964
614428
3064755
588426
-837163
1310295
-318713
1532101
-764001
384692
-776331
251964
-1021466
735004
2476326
-242453
712653
-2696592
1426009
-973962
-1336439
98256
2136965
169826
3859440
507415
-2598154
-513387
931123
740296
1718214
3580696
-954028
-355596
-1152698
290768
-813419
-511496
311591
390516
-191421
-424207
477868
1777265
2778451
257754
409508
2924210
-495060
1682986
2131786
2965928
1484012
332656
1123285
-123312
234831
1282928
1870041
1603144
2897816
1396383
1222400
2413404
2966947
2678404
-156289
5179866
2632450
2415465
-1252233
1307380
-20650
461738
-181224
428758
779770
1231549
-1436768
4291860
1567456
-212230
-1104254
-240308
1692447
284413
2442030
-1597329
1732722
3505262
-1043751
3122397
-138704
344253
1963586
3834106
3103269
555179
-2360034
-1466845
4394333
3379457
2571715
670191
3952859
-1487094
3097498
-749352
-236656
2739920
4087775
-1489454
527454
2660091
1295252
101423
1555359
1801877
-889261
4073985
483606
1198896
3353494
3226077
1693795
-1673420
572213
3633652
-1000475
1613120
762571
21669
1414420
2546838
3337386
604259
212610
-278379
-1741449
611778
260322
4143477
1690443
-2012654
3177888
2442412
472764
2594751
4484687
3370850
3089084
697988
1913721
-984980
-2675759
2202914
3873009
714007
2109534
-1264797
2433905
-2835621
3168341
-1238656
1093991
-913701
36335
3212958
-1133840
-1472788
-1992174
537826
633025
-268503
339051
131028
1593962
1092952
-3551968
291381
-533899
-1809910
3948125
2101506
-1231991
-1169152
2144181
2512314
2938132
1550098
-1317684
4244824
-194475
1134528
2428744
2691884
-346764
13961
1862732
2444588
2944397
-350402
3093201
845568
-1913010
1053063
-2237586
-324531
-1156335
273087
-3470310
-1064390
503756
-1396366
3509939
10226
370506
1290905
-1784864
2850641
-2194925
2429304
997269
1718669
-1210913
4227077
1155941
1424088
1859600
2308116
-340739
10629
2922432
-1052363
2388136
2847641
3004240
3672602
-2463040
325313
234042
1487091
2687131
-62925
485097
-1457162
579573
1253286
-192005
3026365
819025
607453
1206182
-192791
1526844
3814565
963244
1420822
1446114
901139
-1298149
-2340868
-612345
98044
-1609265
569738
-892682
3588254
-1319976
3004233
2530014
362565
-1182613
2067546
2372448
4359796
1822094
800874
2788108
-198465
1952612
3941446
1223987
-64409
1706010
192638
2970614
1421314
1675104
3872305
440397
252736
1773373
-332955
-304521
2020284
3384423
454155
-755294
40866
-54286
-334232
81135
2379435
668419
9622
1196735
427283
174205
2368239
2119832
3214842
2769197
1487871
2883862
-886530
3741810
-2166127
1199048
90707
1272181
207553
1316013
-1187553
2739784
-1529551
2587294
3212858
333412
1153563
-1303781
-1108418
3944916
825651
-55032
1919520
-1695126
2947538
4207828
-1111499
-448510
-2015223
2937970
1932425
-326572
68445
963112
1423472
-483663
2703479
175713
-2951988
2483486
3485341
1548197
959634
-148227
-1331468
-841768
1653328
-204635
329180
3239657
435371
-256028
2707911
3019913
1475871
-111624
1817486
1763992
-3731998
-3261981
3458404
733136
-3478908
3025120
1321333
219302
2929284
1663073
2981825
-1817026
805176
1600571
347554
3061104
-2306024
3315811
372163
852612
2842207
-581057
-1332360
-949188
-800257
-149022
-434092
1040014
-853641
1855499
-1439250
-2359958
-1332461
1236670
1479403
2717049
-3027451
3321306
1138398
1680022
1551234
1617966
1177105
4004701
-1262782
2616426
-1334089
2144285
-306550
1012586
-1517796
1206764
-1820506
-1373187
4704756
-608433
2655200
1679766
-2032631
-161442
3017369
786669
961315
-1466466
3615916
2527429
-3658846
-328749
-2485072
-3167069
2572904
4566815
-1981958
2463258
1670229
1982289
1934312
3832319
-1326565
3311360
2763560
668668
2446498
-693777
-12315
2691823
-288088
-3219669
2745685
1542883
757458
-754030
1519137
2404095
650260
2193887
-59292
2573575
2786423
422353
1452251
-1321325
377410
3090494
-1727623
2124979
995176
77704
1772694
-277355
2158027
2516109
1266805
-1057188
3059289
-265892
247769
1441280
-164970
2256495
282115
172783
657177
-486997
-870701
391718
375948
59017
208553
-2808129
2856864
149022
1863658
-9497
180542
1452382
40665
2557795
-466680
1398275
3460246
-1311208
-1521262
2862876
1331383
673102
-777443
1666604
1056406
305117
2524509
-2142269
-2060708
2460496
78013
2835950
254067
-31915
942776
-797270
-346399
-3272646
689643
292467
-105800
-677573
1849700
2643492
3118099
2207249
-742826
2562156
-475897
-138377
1949230
-913701
-1063573
3567467
-881876
86190
3093715
126956
3702139
552257
-2375816
584246
-1490266
-2320433
-54616
-452538
852116
3046100
-57013
3124281
3663145
1374065
1303704
1653471
2426452
1591198
-972285
1765811
1280658
-1194724
736383
-1201321
1407260
2444898
812245
-508157
-850832
97682
-1868333
-1698877
-140804
-563498
2596284
4160966
2658260
2413981
2489197
-614867
3008631
1452943
2221219
-236058
-707355
2234789
3881706
1730765
2565765
-334570
1404839
2236528
2910169
872391
-610546
-3066468
1918089
2996944
-3056863
2075160
742304
1321409
1132423
9256
2475224
960701
1389906
2582148
313123
1830984
751819
-658302
2188086
2909281
498754
-871544
96339
3144022
881498
388022
2478739
-1207436
337872
-2513032
1144273
2402432
-1930053
-1870393
2815006
1975516
3184304
877478
-232353
161320
3835394
3431715
-1226093
3501225
-2294670
-5474
3310008
-1314623
-847427
2338134
886789
2338499
1738632
3508706
1833091
1878706
144985
343928
1767888
-1019926
2351385
812001
4112592
-958982
2638562
-1580369
-834266
4278935
3638066
90235
-3243727
220267
3065010
4049866
2099862
1322638
1057471
632948
-757889
3161724
-2006344
3128679
-721781
-1121084
3539449
-54129
2595767
1115156
967789
3356634
503959
-131366
1259676
1579191
1774344
1503001
3613829
2327105
-1828349
2618173
-1738611
2247917
-748111
2590400
1902704
3690879
644085
-1412034
-349790
3016101
2939024
968077
944236
-3166685
379334
2996259
986465
80022
1658292
887643
-519710
3775357
-111067
1011534
728570
354762
-202264
1434963
4011499
2546684
1051999
4456452
1160291
1554627
-655821
1292418
-217142
-764636
684251
-990887
-988240
-312763
1623307
-209610
402229
3882746
190686
-337531
2296232
-1222909
-328145
9777
1759984
3270561
3507002
-370753
1884032
-353940
291525
-1897927
2060208
-821721
194340
862959
2857930
4283643
3501182
-2838161
1877915
1560352
-1134842
995902
1535508
-3341183
667183
1487166
-1768419
3883013
1321763
862603
229221
4249854
-270773
3208295
366561
1553526
2035540
1981851
1014177
671517
4213658
150189
2344125
244018
2922285
2429112
2216515
-213477
148312
-286879
-170132
2892694
-917241
4624330
2906918
1363398
380909
3445970
-161465
2035593
-2234945
554526
-1837037
2984736
1046431
-263981
496617
-1529774
2419594
3685814
1788397
1977249
120213
2601790
1202723
-146107
232439
2723410
-676825
-1734579
1338464
1954313
530840
-323980
3225233
3572977
-117809
3320929
-1042192
4562581
2959703
1245279
2812001
-1592946
-121672
1265865
2363610
-1061883
2563678
1237673
1772971
332444
1066321
807319
423365
802198
-940747
-901980
4946896
109293
-2068622
3211309
1875103
1295475
2867212
1426218
1711036
-3114589
2146916
-2550044
-522824
2299608
2941512
1227320
3048702
-582782
3057260
2967547
481543
1984405
2987506
1360211
-885091
196510
891016
2877428
-2019240
1160783
-1582726
631899
-909651
355603
-1735204
3184723
3166327
2618923
3406658
3721081
-1223872
363416
-38672
-1103603
1186247
1533932
707962
1029760
1277207
-1140914
2525731
-1072665
2603610
53863
4684971
538568
540276
-1113892
3104007
2058301
1841052
140860
3375113
2988120
2347778
-1165488
-195391
-3157696
2434353
-974300
2239124
3081573
1574621
1841274
128876
3397770
-3222412
-143760
113275
-1218639
2805
-692448
-1549045
-3482617
1261301
3206238
-1643941
349474
1572987
2851073
3040805
-1617748
-1032892
2535735
1553698
2197577
-2484997
2036827
-2865231
-2959504
2654504
3531973
2062817
1769491
1890721
1270654
-330219
2237466
2863470
1767507
2032138
887481
414202
-1982882
3857824
85000
-21743
3389027
3460572
657056
721743
-2625580
2287653
764267
-787756
4490122
576218
173650
138910
2654802
104755
524217
1384968
205139
-1805966
-295611
67616
-526488
3819938
-578880
4786157
550105
2986877
3952538
-1731773
2275570
991983
2232182
798640
3759421
1066689
2269503
-1440474
1247462
1605555
-337557
4039209
179865
-1200610
2154428
710801
2296517
431330
-784173
2846044
412460
865476
-1591477
256916
928086
-891428
-195615
2369725
3009306
3705766
697782
-2462741
2852459
20875
4457001
1273702
3020774
3481639
10826
2113613
2480596
45294
3412078
1875608
197782
4561191
3257504
1291735
3279880
1697879
-3630021
652110
1095013
-19164
-540920
3454029
1759600
2794508
930503
3115969
3202902
414225
1066759
-27591
-57608
567144
554697
357510
2079329
404733
-1146438
-413510
2108157
1807999
-1314461
-3238112
1550879
591092
1271541
1358459
1788936
-226789
2053603
3040451
2300540
-1575095
2880685
-197816
-988873
3148830
3043216
2852832
-298342
1031953
-741988
-3583267
-1965508
2492161
771671
3122253
1959571
-1170195
-1074081
3833929
2455056
2803191
2347725
2218757
1496468
-69406
6327
1365264
3367077
-380012
2776410
-128515
-968435
1635187
-480516
2116864
643704
1624312
1698309
684405
-1243128
4332272
2380
-284060
-1442037
101597
2317680
3229574
-1313400
2076207
1346929
-207151
-1607361
747742
488179
-84639
114541
-184207
894034
-521114
-2985291
3619225
3414197
2127142
361900
-2513347
3451619
3240242
6121
2480182
1325625
1267843
-1622593
-1413398
1307430
2469993
-2073325
2259612
-225405
-644759
-422278
-1982316
717891
4208511
-1673655
2113404
384014
341303
-829395
1294627
3146106
1598047
3027092
2696862
1940428
804026
130279
-1127846
2844038
-1253081
904232
-1142137
3708216
450116
1214168
-295647
-824462
4375631
2290315
288066
-134057
2189063
872756
2441993
985065
-3280331
629950
-2372536
499988
-1545475
2993774
2675833
2534935
1609458
-211745
-1209908
2131005
5897685
1113646
-1823979
4447982
-931886
215014
1377502
4085983
2773481
335925
-435971
-3282322
621272
-470992
-1174341
-797654
-207668
2500690
1570258
2891547
-525349
2640427
210958
-2348880
4120430
-1168589
-1163517
-1380902
2338179
512467
3225684
1477772
-2759903
-1508372
424332
-459717
1828991
1064093
967919
-652314
-573155
-1634516
-764197
433135
-996957
2371412
3078056
-1099991
-1222983
3006383
-2168365
-813548
2009045
3058646
-996843
-1307588
2338740
918373
356662
-9497
1032807
-823203
-3036677
3298053
508513
2528079
-3941054
-2820892
-870554
1361117
-54859
-1267740
2639315
-2009493
3122890
3309534
1491191
3335663
3251690
-967470
2310241
1907511
2526445
748332
780862
1237950
1605139
1080677
1468156
3257427
-2585296
2666273
371295
297710
698531
2974995
1249418
2556275
-2182710
1867457
-217053
782677
1874854
-91236
4282582
1412972
241089
790556
-514175
565368
-1169735
-774912
3492019
3634305
414055
812585
1135369
5169505
2772663
1441755
1080264
3205557
5265473
-1222874
3157100
1533071
140174
-1509684
555546
3041140
2122617
4187716
839040
2330637
66515
3648913
3961273
3729189
616256
3277124
-1414077
-1433357
-1010851
3623122
343149
-497847
991414
-2342117
675578
4477050
4795690
-431170
2094987
1175714
2529667
2153282
1199606
1074107
50068
-511604
3622582
3097833
-668496
3493873
1346257
166683
3307706
1861486
-180798
2257340
1109398
-772349
227659
2942770
-146201
1686609
1935246
2495472
-1741991
-387617
1178621
4007709
-2815797
-1430386
983370
-73252
-1579277
-1358411
3101443
-2302704
1324669
1960113
3113582
2676260
-3764047
1968143
2451250
2765766
-414373
128298
-295003
890237
1109166
562764
283655
-1933956
1631385
-1323451
-2030043
501743
3176189
2216459
-1772404
3322409
1514737
873472
2769418
507697
1021120
3177559
2133876
400213
2643323
3295632
-3235873
-578634
1949137
-402083
-2040446
2728719
-634928
3794929
1015961
3479336
1288901
2102420
-2897687
821016
725260
2724690
2020996
681893
216608
1801939
-412494
771553
2433594
4565957
-2350704
3796795
4159984
-849918
2959452
-1621365
-1581270
2184434
3087750
-652953
-3538979
-1053554
-360619
2156736
33764
1606765
1596869
2024953
3748381
2211078
2591347
4508186
-1784155
-469392
3250804
1097604
-1081761
-80582
2656952
2015563
-2425116
-1089617
3060145
2575622
-440509
4480733
633278
-1848874
1129098
323392
3433314
1975182
1183184
790631
268377
302663
1935884
-749405
158739
1561615
-712138
-1117457
2849763
4068040
3112571
3298390
93498
88574
-447544
4107459
-1074371
2193927
17051
-3108256
-3258415
-1187088
1176538
4166017
952117
-714897
4058784
3817832
-625921
1096399
2173484
-488858
1282292
809746
2027229
740504
3153524
2269134
5045762
-828010
1478510
2213128
-368114
1556033
1917663
2525494
3569754
2055223
-1392798
4522598
-199001
2648052
3000154
1478598
2050771
268571
-84676
1304076
775822
1132400
1045870
973618
2499983
2933260
-2221761
-1946283
-1677494
2209170
2733046
1392833
94546
-46065
-551585
976384
2612839
-1295891
3015760
2925050
2409633
-2778454
2088621
1876623
1965449
1188428
188094
1962688
4214510
2161167
-1040228
850534
393943
1058828
2652141
2018140
-1823261
-1683338
476921
1991668
1894382
910943
-661620
2359666
-31544
-1609022
2048354
-691558
-1726590
3862592
-1579963
3190395
956971
797144
1859037
-1735469
-2017113
2043825
-196767
-49006
3162701
346469
1388142
-865069
1166850
1782603
-3254393
-273782
1386910
-8217
2423944
528106
2104329
1568168
-1658494
2275557
2560605
-52903
-834228
3402981
461691
1482159
826400
827444
-185639
1036716
1108703
1081376
3204736
-3825576
1292715
-2307145
155835
-1159319
4195388
3010381
913985
2453620
-1735139
3571069
-1185642
1537283
4619200
773909
951777
2544974
3166095
-477081
3332964
-453017
-3735212
3016834
24914
2262237
3306255
2842766
2824173
191117
-1240397
612089
1028529
-1382537
-1747171
-1085044
2171345
3565923
1911002
1666575
2432182
-2204286
407219
2866908
2303976
1588221
-747500
2213798
-1502107
1502617
421603
1238900
1385526
-2166967
4625808
4637304
105397
810912
-148628
1975678
1503034
-2742585
4423452
42099
3703008
1858728
3754360
1949244
308600
798185
-730784
-923121
320875
3669470
3869158
179902
670839
3531168
-1859337
1787911
3276105
-1081059
1693891
2437761
1149170
2682209
2207863
2106380
-271143
3247830
620150
3881070
3227423
2709901
-937184
3289139
2467277
2582327
435115
575737
680668
875170
1586282
2206848
1540800
1506350
2634590
886798
951285
601877
1620683
-281136
1560025
1592745
-30066
1874705
2261907
215160
-476616
478599
1381856
-908260
56420
-326572
1197713
1002114
309036
2084639
-2481487
-2197384
3878884
3049277
1058598
632554
193935
4999476
961752
1586053
4161065
279905
-595391
1650748
-1283352
4012999
1553496
-1024709
3309940
-331112
2159484
1713824
711608
4759712
-2244952
-446319
444198
483181
-562824
-2026736
-77654
3930974
-867408
-1209684
1120060
1071205
-732440
2754968
-480288
1967393
2377018
1384494
-1831806
3572740
365274
-1041757
1545592
2593554
2883222
967081
3148823
3663162
1446677
-979154
1220188
2947048
3128501
1110339
-1446239
437265
998081
1050736
-1550837
2108799
445712
2843136
-306245
481083
2724268
1204382
-1114769
900824
1106149
167724
1993447
2410727
-1885706
1045214
2900010
841834
-323423
1726232
2697416
736194
1167054
1037671
1912766
-1483807
3335627
1005946
3118645
1966353
174754
2695474
1179043
1019881
435580
1841374
2393682
-3204256
2050519
-220581
-943390
-603211
532572
-48316
2390764
-1360114
2217539
2557800
1956149
2576541
1481740
2293922
2295055
-1399414
1857246
4129945
3291315
-1541229
-3072441
229657
746666
614436
-1631208
1177544
-2056884
-33252
460105
3393635
-344575
3940253
-60744
982849
151144
2769570
-2729299
2246750
2469378
974576
-605883
-2325875
-82329
-684705
-1974116
1555262
3892618
248241
2294696
-359744
1107445
3990142
1795439
-1120710
-1905856
2663642
139089
-2301818
-2830040
-283872
1539795
103764
1853358
496021
1701055
51874
2812933
18282
805206
3396733
-1479276
1950008
1737137
644886
210614
-223536
-1147640
-597549
2556680
1999344
333135
2420643
-2174147
-740141
4310827
2269017
967591
518590
123437
1769190
-584290
845246
-496868
-568015
-1133091
2999747
1861504
843138
9097
1724672
3928515
108997
167025
2890822
4008879
-1448904
2888438
385217
657469
1693044
2221026
2950238
3000415
1554061
-1474158
-661414
1672079
318458
157582
2065501
927063
2180958
-216490
492716
2268068
2302746
3184529
-476660
-653941
3316732
2803227
810923
1958987
4073603
2575573
610298
2428928
1221094
-966427
-2587273
662528
-628915
2520785
2671540
286246
1471126
3917959
1233662
1071542
-17263
-200204
1634747
724345
2722023
-1790869
3213063
3134314
384778
2568841
3324482
205134
-820523
221148
1731711
3646949
-1496112
804368
833396
3706631
1628586
247143
-1578332
-1786747
-2578294
3003029
1045551
5475825
3178473
-327288
-303642
1394223
-1675798
-904543
131293
966871
877716
2621896
3226194
2647586
2688890
2110001
-453469
2278456
99201
2092999
948566
3411139
-1868793
-2236975
2229708
2947
-1411424
1083146
-2815849
1701688
3041932
320017
1514575
726595
-1099955
360136
-520221
2502446
-652041
3315462
3331624
396381
1292807
856231
1261624
3244300
-2270272
2358837
-1235564
2911217
1858652
1887964
580706
-2099631
-3009359
-204532
2505450
1845490
911209
1347072
-852022
1763370
3043657
2903589
569948
-1415244
-897482
103932
331495
-1745859
95159
1458418
1567675
2583456
-985031
-189578
2407363
2002663
42973
1207564
3568457
2707763
-715055
-1997569
-2171418
959168
-2862066
-1266102
-504314
-232635
655739
3246213
4250618
707753
1703942
364253
3286438
254718
2004549
-179811
-290142
1420719
2584621
1816486
-565340
2298745
-2371895
870796
-1151975
2825775
-2844707
2062727
4468164
2600177
-662746
1036337
-3605615
3013159
3624177
-315700
-799823
2124307
999633
3340311
2387647
2558996
1276707
390325
3635387
926452
3029109
-1913891
-95249
-2072442
-514070
61730
3877672
1496069
-3679329
-1707642
-1068298
3041070
2320230
-1816946
3350969
227992
-1671299
-1048914
4174713
-1259579
-1502770
1491434
-915729
2241232
-639757
-506069
248896
-1102643
-168483
-969752
2172445
39618
-1815899
2091893
-2066806
2618428
1876141
2884233
4263344
-1335048
1149274
3284366
-1049555
3564843
-821138
3155310
960520
337926
-1036085
356037
1430324
-2664075
897088
1082181
978207
10772
1680478
937914
-2580906
3069567
2020527
2303506
-675983
379092
-1094340
960368
-539339
1948555
-1309552
51513
605604
588924
258657
3433074
-454909
-676124
3027000
-1755411
-2024817
1037220
-796805
562838
-1334052
1051276
3399047
1928678
2701680
3561032
912528
-459932
3033596
3724631
-940000
-713401
3283974
2199772
3220679
-1306472
709747
2322001
-583845
-384145
2174021
-109899
2728138
4285083
3091714
70139
566517
-2137069
-90101
2806490
194864
3638472
1770751
1706612
3113418
1205870
2931597
802279
-218027
2672903
679618
-1585065
-474822
2172913
1367853
1805725
-1331006
4530107
-342774
3522261
237231
2766779
969467
-628166
2056890
1906477
17373
1562699
45286
1257439
308266
-661029
2470812
3298232
1958262
-785259
2564843
-956992
1601245
2332062
668273
-982319
-227691
-1235668
2776767
995448
1075195
1710744
534509
-1577740
-571102
1838964
1166609
-2338066
2920544
