Not prime
Not prime
Not prime
Not prime
Not prime
Not prime
1231
1231
1231
1231
1231
1231
1621
4861
5297
5297
5297
5297
5297
5297
5297
5297
5297
5297
5297
5297
5297
5297
5297
5297
5297
5297
5297
5297
8623
8623
8623
8623
8623
8623
8623
8623
8623
8623
8623
8623
8623
8623
8623
8623
8623
8623
8623
8623
8623
8623
8623
8623
8623
8623
8623
8623
8623
8623
8623
8623
8623
8623
8623
8623
8623
8623
8623
8623
8623
8623
8623
8623
8623
8623
8623
8623
8623
8623
8623
8623
8623
8623
8623
8623
8623
8623
8623
8623
8623
8623
8623
8623
8623
8623
8623
8623
8623
8623
8623
8623
8623
8623
8623
8623
8623
8623
8623
8623
8623
8623
8623
8623
8623
8623
8623
8623
8623
8623
8623
8623
8623
8623
8623
8623
8623
8623
8623
8623
8623
8623
8623
8623
8623
8623
8623
8623
