Not prime
Not prime
Not prime
Not prime
Not prime
Not prime
Not prime
6521
6521
6521
6521
6521
6521
6521
6521
6521
6521
6521
6521
6521
6521
6521
6521
6521
6521
6521
6521
6521
6521
6521
6521
6521
6521
6521
6521
6521
6521
6521
6521
6521
6521
6521
6521
6521
6521
6521
6521
6521
6521
6521
6521
6521
6521
6521
6521
6521
6521
6521
6521
6521
6521
6521
6521
6521
6521
6521
6521
6521
6521
6521
6521
6521
6521
6521
6521
6521
6521
6521
6521
6521
6521
6521
6521
6521
6521
6521
6521
6521
6521
6521
6521
6521
6521
6521
6521
6521
6521
