Not prime
Not prime
Not prime
Not prime
Not prime
7829
7829
7829
7829
7829
7829
7829
7829
7829
7829
7829
7829
7829
7829
7829
7829
7829
7829
7829
7829
8741
8741
8741
8741
8741
8741
8741
8741
8741
8741
8741
8741
8741
8741
8741
8741
8741
8741
8741
8741
8741
8741
8741
8741
8741
8741
8741
8741
8741
8741
8741
8741
8741
8741
8741
8741
8741
8741
8741
8741
8741
8741
8741
8741
8741
8741
8741
8741
8741
8741
8741
8741
8741
8741
8741
8741
8741
8741
8741
8741
8741
8741
8741
8741
8741
8741
8741
8741
8741
8741
8741
8741
8741
8741
8741
8741
8741
8741
8741
8741
8741
8741
8741
8741
8741
8741
8741
8741
