Not prime
Not prime
Not prime
Not prime
Not prime
Not prime
Not prime
Not prime
Not prime
Not prime
Not prime
Not prime
Not prime
Not prime
6709
6709
6709
6709
6709
6709
6709
6709
6709
6709
6709
8243
8243
8243
8243
8243
8243
8243
8293
8293
8293
8293
8293
8293
8293
8293
8293
8293
8293
8293
8293
8293
8293
8293
8293
8293
8293
8293
8293
8293
8293
8293
8293
8293
8293
8293
8293
8293
8293
8293
8293
8293
8293
8293
8293
8293
8293
8293
8293
8293
8293
8293
8293
8293
8293
8293
8293
8293
8293
8293
8293
8293
8293
8293
8293
8293
8293
8293
8293
8293
8293
8293
8293
8293
8293
8293
8293
8293
8293
8293
8293
8293
8293
8293
8293
8293
8293
8293
8293
8293
8293
8293
8293
8293
8293
8293
8293
8293
8293
8293
8293
8293
8293
8293
8293
8293
8293
8293
8293
8293
8293
8293
8293
8293
8293
8293
8293
8293
8293
8293
8293
8293
8293
8293
8293
8293
8293
8293
8293
8293
8293
9187
9187
9187
9187
9187
9187
9187
9187
9187
9187
9187
9187
9187
9187
9187
9187
9187
9187
9187
9187
9187
9187
9187
9187
9187
9187
9187
9187
9187
9187
9187
9187
9187
9187
9187
9187
9187
9187
9187
9187
9187
9187
9187
9187
9187
9187
9187
9187
9187
9187
9187
9187
9187
9187
9187
9187
9187
9187
9187
9187
9187
9187
9187
9187
9187
9187
9187
9187
9187
9187
9187
9187
9187
9187
9187
9187
9187
9187
9187
9187
9187
9187
9187
9187
9187
9187
9187
9187
9187
9187
9187
9187
9187
9187
9187
9187
9187
9187
9187
9187
9187
9409
9409
9409
9409
9409
9409
9409
9409
9409
9409
9409
9409
9409
9409
9409
9409
9409
9409
9409
9409
9409
9409
9409
9409
9409
9409
9409
9409
9409
9409
9409
9409
9409
9409
9409
9409
9409
9409
9409
9409
9409
9409
9409
9409
9409
9409
9409
9409
9409
9409
9409
9409
9409
9409
9409
9409
9409
9409
9409
9409
9409
9409
9409
9409
9409
9409
9409
9409
9409
9409
9409
9409
9409
9409
9409
9409
9409
9409
9409
9409
9409
9409
9409
9409
9409
9409
9409
9409
9409
9409
9859
9859
9859
9859
9859
9859
9859
9859
9859
9859
9859
9859
9859
9859
9859
9859
9859
9859
9859
9859
9859
9859
9859
9859
9859
9859
9859
9859
9859
9859
9859
9859
9859
9859
9859
9859
9859
9859
9859
9859
9859
9859
9859
9859
