Not prime
Not prime
Not prime
Not prime
Not prime
Not prime
Not prime
Not prime
Not prime
Not prime
Not prime
Not prime
Not prime
Not prime
Not prime
2647
2647
2647
2647
2647
2647
2647
2647
2647
2647
2647
2647
2647
2647
2647
2647
2647
2647
2647
7867
7867
7867
7867
7867
7867
7867
7867
7867
7867
7867
7867
7867
9461
9461
9461
9461
9461
9461
9461
9461
9461
9461
9461
9461
9461
9461
9461
9461
9461
9461
9461
9461
9461
9461
9461
9461
9461
9461
9461
9461
9461
9461
9461
9461
9461
9461
9461
9461
9461
9461
9461
9461
9461
9461
9461
9461
9461
9461
9461
9461
9461
9461
9461
9461
9461
9461
9461
9461
9461
9461
9461
9461
9461
9461
9461
9461
9461
9461
9461
9461
9461
9461
9461
9461
9461
9461
9461
9461
9461
9461
9461
9461
9461
9461
9461
9461
9461
9461
9461
9461
9461
9461
9461
9461
9461
9461
9461
9461
9461
9461
9461
9461
9461
9461
9461
9461
9461
9461
9461
9461
9461
9461
9461
9461
9461
9461
9461
9461
9461
9461
9461
9461
9461
9461
9461
9461
9461
9461
9461
9461
9461
9461
9461
9461
9461
9461
9461
9461
9461
9461
9461
9461
9461
9461
9461
9461
9461
9461
9461
9461
9461
9461
9461
9461
9461
9461
9461
9461
9461
9461
9461
