Not prime
Not prime
Not prime
Not prime
Not prime
Not prime
Not prime
Not prime
Not prime
Not prime
Not prime
Not prime
Not prime
Not prime
Not prime
Not prime
Not prime
Not prime
Not prime
Not prime
Not prime
4639
4639
4639
4639
4639
4639
5501
5501
5501
5501
5501
5501
5501
5501
5501
5501
5501
5501
5501
5501
5501
5501
5501
5501
5501
5501
5501
5501
5501
5501
5501
5501
5501
5501
5501
5501
5501
5501
5501
5501
5501
5501
5501
5501
5501
5501
5501
5501
5501
5501
5501
5501
5501
8423
8423
8423
8423
8423
8423
8423
8423
8423
8423
8423
8423
8423
8423
8423
8423
8423
8423
8423
8423
8423
8423
8423
8423
8423
8423
8423
8423
8423
8423
8423
8423
8423
8423
8423
8423
8423
8423
8423
8423
8423
8423
8423
8423
8423
8423
8423
8423
8423
8423
8423
8423
8423
8423
8423
9227
9227
9227
9227
9227
9227
9227
9227
9227
9227
9227
9227
9227
9227
9227
9227
9227
9227
9227
9227
9227
9227
9227
9227
9227
9433
9433
9433
9433
9433
9433
9433
9433
9433
9433
9433
9433
9433
9433
9433
9433
9433
9433
9433
9433
9433
9433
9433
9433
9433
9433
9433
9433
9433
9433
9433
9433
9433
9433
9433
9433
9433
9433
9433
9433
9433
9433
9433
9433
9433
9433
9433
9433
9433
9433
9433
9433
9433
9433
9433
9433
9433
9433
9433
9433
9433
9433
9433
9433
9433
9433
9433
9433
9433
9433
9433
9433
9433
9433
9433
9433
9433
9433
9433
9433
9433
9433
9433
9433
9433
9433
9433
9433
9433
9433
9433
9433
9433
9433
9433
9433
9433
9433
9433
9433
9433
9433
9433
9433
9433
9433
9433
9433
9433
9433
9433
9433
9433
9433
9433
9433
9433
9433
9433
9433
9433
9433
9433
9433
9433
9433
9433
9433
9433
9433
9433
9433
9433
9433
9433
9433
9433
9433
9433
9433
9433
9433
9433
9433
9433
9433
9433
9433
9433
9433
9433
9433
9433
9433
9433
9433
9433
9433
9433
9433
9433
9433
9433
9433
9433
9433
9433
9433
9433
9433
9433
9433
9433
9433
9433
9433
9433
9433
9433
9433
9433
9433
9433
9433
9433
9433
9433
9433
9433
9433
9433
9433
9433
9433
9433
