Not prime
Not prime
Not prime
563
563
563
563
563
563
563
563
563
563
563
563
563
563
4111
4111
4111
4111
4111
4111
4111
4111
4111
4111
4111
4111
4111
4111
4111
9689
9689
9689
9689
9689
9689
9689
9689
9689
9689
9689
9689
9689
9689
9689
9689
9689
9689
9689
9689
9689
9689
9689
9689
9689
9689
9689
9689
9689
9689
9689
9689
9689
9689
9689
9689
9689
9689
9689
9689
9689
9689
9689
9689
9689
9689
9689
9689
9689
9689
9689
9689
9689
9689
9689
9689
9689
9689
9689
9689
9689
9689
9689
9689
9689
9689
9689
9689
9689
9689
9689
9689
9689
9689
9689
9689
9689
9689
9689
9689
9689
9689
9689
9689
9689
9689
9689
9689
9689
9689
9689
9689
9689
9689
9689
9689
9689
9689
9689
9689
9689
9689
