Not prime
Not prime
Not prime
Not prime
Not prime
Not prime
Not prime
Not prime
Not prime
9209
9209
9209
9209
9209
9209
9209
9209
9209
9209
9209
9209
9209
9209
9209
9209
9209
9209
9209
9209
9209
9209
9209
9209
9209
9209
9209
9209
9209
9209
9209
9209
9209
9209
9209
9209
9209
9209
9209
9209
9209
9209
9209
9491
9491
9491
9491
9491
9491
9491
9491
9491
9491
9491
9491
9491
9491
9491
9491
9491
9491
9491
9491
9491
9491
9491
9491
9491
9491
9491
9491
9491
9491
9491
9491
9491
9491
9491
9491
9491
9491
9491
9491
9491
9491
9491
9491
9491
9491
9491
9491
9491
9491
9491
9491
9491
9491
9491
9491
9491
9491
9491
9491
9491
9491
9491
9491
9491
9491
9491
9491
9491
9491
9491
9491
9491
9491
9491
9491
9491
9491
9491
9491
9491
9491
9491
9491
9491
9491
9491
9491
9491
9491
9491
9491
9491
9491
9491
9491
9491
9491
9491
9491
9491
9619
9619
9619
9619
9619
9619
9619
9619
9619
9619
9619
9619
9619
9619
9619
9619
9619
9619
9619
9619
9619
9619
9619
9619
9619
9619
9619
9619
9619
9619
9619
9619
9619
9619
9619
9619
9619
9619
9619
9619
9619
9619
9619
9619
9619
9619
9619
9619
9619
9619
9619
9619
9619
9619
9619
9619
9619
9619
9619
9619
9619
9619
9619
9851
9851
9851
9851
9851
9851
9851
9851
9851
9851
9851
9851
9851
9851
9851
9851
9851
9851
9851
9851
9851
9851
9851
9851
9851
9851
9851
9851
9851
9851
9851
9851
9851
9851
9851
9851
9851
9851
9851
9851
9851
9851
9851
9851
9851
9851
9851
9851
9851
9851
9851
9851
9851
9851
9851
9851
9851
9851
