Not prime
Not prime
Not prime
Not prime
Not prime
Not prime
2477
2477
2477
2477
2477
2477
2477
2477
2477
2477
2477
2477
2477
2477
2477
2477
2477
2477
2477
2477
2477
2477
2477
2477
2477
2477
2477
2477
2477
2477
2477
6323
6323
6323
6323
6323
6323
6323
6323
6323
8803
8803
8803
8803
8803
8803
8803
8803
8803
8803
8803
8803
8803
8803
8803
8849
8849
8849
8849
8849
8849
8849
8849
8849
8849
8849
8849
8849
8849
8849
8849
8849
8849
8849
8849
8849
8849
8849
8849
8849
8849
8849
8849
8849
8849
8849
8849
8849
8849
8849
8849
8849
8849
8849
8849
8849
8849
8849
8849
8849
8849
8849
8849
8849
8849
8849
8849
8849
8849
8849
9151
9151
9151
9151
9151
9151
9151
9151
9151
9151
9151
9151
9151
9151
9151
9151
9151
9151
9151
9151
9151
9151
9151
9151
9151
9151
9151
9151
9151
9151
9151
9151
9151
9151
9151
9151
9151
9151
9151
9151
9151
9151
9151
9151
9151
9151
9151
9151
9151
9151
9151
9151
9151
9151
9151
9151
9151
9151
9151
9151
9151
9151
9151
9743
9743
9743
9743
9743
9743
9743
9743
9743
9743
9743
9743
9743
9743
9743
9743
9743
9743
9743
9743
9743
9743
9743
9743
9743
9743
9743
9743
9743
9743
9743
9743
9743
9743
9743
9743
9743
9743
9743
9743
9743
9743
9743
9743
