Not prime
Not prime
Not prime
Not prime
Not prime
Not prime
Not prime
Not prime
Not prime
Not prime
Not prime
Not prime
Not prime
Not prime
Not prime
8629
8629
8629
8629
8629
8629
8629
8629
8629
8629
8629
8629
8629
8629
8629
8629
8629
8629
8629
8629
8629
8629
8629
8629
8629
8629
8629
8629
8629
8629
8629
8629
8629
8629
8629
8629
8629
8629
8629
8629
8629
8629
8629
8629
8629
8629
8629
8629
8629
8629
8629
8629
8629
8629
8629
8629
8629
8629
8629
8629
8629
8629
8629
8629
8629
8629
8629
8629
8629
8629
8629
8629
8629
8629
8629
8629
8629
8629
8629
8629
8629
8629
8629
8629
8629
8629
8629
8629
8629
8629
8629
8629
8629
8629
8971
8971
8971
8971
8971
8971
8971
8971
9491
9491
9491
9491
9491
9491
9491
9491
9491
9491
9491
9491
9491
9491
9491
9491
9491
9491
9491
9491
9491
9491
9491
9491
9491
9491
9491
9491
9491
9491
9491
9491
9491
9491
9491
9491
9491
9491
9491
9491
9491
9491
9491
9491
9491
9491
9491
9491
9491
9491
9491
9491
9491
9491
9491
9491
9491
9491
9491
9491
9491
9491
9491
9491
9491
9491
9491
9491
9491
9491
9491
9491
9491
9491
9491
9491
9491
9491
9491
9491
9491
9491
9491
9491
9491
9491
9491
9491
9491
9491
9491
9491
9491
9491
9491
