Not prime
Not prime
Not prime
Not prime
Not prime
Not prime
Not prime
Not prime
Not prime
Not prime
Not prime
Not prime
Not prime
Not prime
Not prime
Not prime
Not prime
199
199
199
7559
7559
7559
7559
7559
7559
7559
7559
7559
7559
7559
7559
7559
7559
7559
7559
7559
7559
7559
7559
7559
7559
7559
7559
7559
7559
7559
7559
7559
7559
7559
7559
7559
7559
7559
7559
7559
7559
7559
7559
7559
7559
7559
8123
8123
8123
8123
8387
8387
8387
8387
8387
8387
8387
8387
8387
8387
8387
8387
8387
8387
8387
8387
8387
8387
8387
8387
8387
8387
8387
8387
8387
8387
8387
8387
8387
8387
8387
8387
8387
8387
8387
8387
8387
8387
8387
8387
8387
8387
8387
8387
8387
8387
8387
8387
8387
8387
8387
8387
8387
8387
8387
8387
8387
8387
8387
8387
8387
8387
8387
8387
8387
9547
9547
9547
9547
9547
9547
9547
9547
9547
9547
9547
9547
9547
9547
9547
9547
9547
9547
9547
9547
9547
9547
9547
9547
9547
9547
9547
9547
9547
9547
9547
9547
9547
9547
9547
9547
9547
9547
9547
9547
9547
9547
9547
