Not prime
Not prime
5413
5413
5413
5413
5413
5413
5413
5413
5413
5413
5413
5413
5413
9883
9883
9883
9883
9883
9883
9883
9883
9883
9883
9883
9883
9883
9883
9883
9883
9883
9883
9883
9883
9883
9883
9883
9883
9883
9883
9883
9883
9883
9883
9883
9883
9883
9883
9883
9883
9883
9883
9883
9883
9883
9883
9883
9883
9883
9883
9883
9883
9883
9883
9883
9883
9883
9883
9883
9883
9883
9883
9883
9883
9883
9883
9883
9883
9883
9883
9883
9883
9883
9883
9883
9883
9883
9883
9883
9883
9883
9883
9883
9883
9883
9883
9883
9883
9883
9883
9883
9973
9973
9973
9973
9973
9973
9973
9973
9973
9973
9973
9973
9973
9973
9973
9973
9973
9973
9973
9973
9973
9973
9973
9973
9973
9973
9973
9973
9973
9973
9973
9973
9973
9973
9973
9973
9973
9973
9973
9973
9973
9973
9973
9973
9973
9973
9973
9973
9973
9973
9973
9973
9973
9973
9973
9973
9973
9973
9973
9973
9973
9973
9973
9973
9973
9973
9973
9973
9973
9973
9973
9973
9973
9973
9973
9973
9973
9973
9973
9973
9973
9973
9973
9973
9973
9973
9973
9973
9973
9973
9973
9973
9973
9973
9973
9973
9973
9973
9973
9973
9973
9973
9973
9973
9973
9973
9973
9973
9973
9973
9973
9973
9973
9973
9973
9973
9973
9973
9973
9973
9973
9973
9973
9973
9973
9973
9973
9973
9973
9973
9973
9973
9973
9973
9973
9973
9973
