Not prime
Not prime
Not prime
Not prime
Not prime
Not prime
Not prime
2131
2131
9059
9059
9059
9059
9059
9059
9059
9059
9059
9059
9059
9059
9059
9059
9059
9059
9059
9059
9059
9059
9059
9059
9059
9059
9059
9059
9059
9059
9059
9059
9059
9059
9059
9059
9059
9059
9059
9907
9907
9907
9907
9907
9907
9907
9907
9907
9907
9907
9907
9907
9907
9907
9907
9907
9907
9907
9907
9907
9907
9907
9907
9907
9907
9907
9907
9907
9907
9907
9907
9907
9907
9907
9907
9907
9907
9907
9907
9907
9907
9907
9907
9907
9907
9907
9907
9907
9907
9907
9907
9907
9907
