Not prime
Not prime
Not prime
Not prime
Not prime
Not prime
Not prime
Not prime
7043
7043
9403
9403
9403
9403
9403
9403
9403
9403
9403
9403
9403
9403
9403
9403
9403
9403
9403
9403
9403
9403
9403
9661
9661
9661
9661
9661
9661
9661
9661
9661
9661
9661
9661
9661
9661
9661
9661
9661
9661
9661
9661
9661
9661
9661
9661
9661
9661
9661
9661
9661
9661
9661
9661
9661
9661
9661
9661
9661
9661
9661
9661
9661
9661
9661
9661
9661
9661
9661
9661
9661
9661
9661
9661
9661
9661
9661
9661
9661
9661
9661
9661
9661
9661
9661
9661
9661
9887
9887
9887
9887
9887
9887
9887
9887
9887
9887
9887
9887
9887
9887
9887
9887
9887
9887
9887
9887
9887
9887
9887
9887
9887
9887
9887
9887
9887
9887
9887
